1e-05  0  0.0768185  0.696607  0  0  0  0  0  0  0  -0.00677409  0  0  0
1.09199e-05  0  0.135947  0.72025  0  0  0  0  0  0  0  -0.0067541  0  0  0
1.19243e-05  0  0.19481  0.743787  0  0  0  0  0  0  0  -0.00673418  0  0  0
1.30212e-05  0  0.253395  0.767209  0  0  0  0  0  0  0  -0.00671438  0  0  0
1.4219e-05  0  0.311695  0.790517  0  0  0  0  0  0  0  -0.00669466  0  0  0
1.55269e-05  0  0.3697  0.81371  0  0  0  0  0  0  0  -0.00667505  0  0  0
1.69551e-05  0  0.427398  0.836774  0  0  0  0  0  0  0  -0.00665553  0  0  0
1.85147e-05  0  0.484779  0.859716  0  0  0  0  0  0  0  -0.00663613  0  0  0
2.02177e-05  0  0.541836  0.882535  0  0  0  0  0  0  0  -0.00661684  0  0  0
2.20773e-05  0  0.598558  0.90521  0  0  0  0  0  0  0  -0.00659766  0  0  0
2.4108e-05  0  0.654937  0.927755  0  0  0  0  0  0  0  -0.00657859  0  0  0
2.63254e-05  0  0.710964  0.950155  0  0  0  0  0  0  0  -0.00655964  0  0  0
2.87468e-05  0  0.766631  0.97241  0  0  0  0  0  0  0  -0.00654082  0  0  0
3.13908e-05  0  0.821927  0.99452  0  0  0  0  0  0  0  -0.00652212  0  0  0
3.42779e-05  0  0.876847  1.01648  0  0  0  0  0  0  0  -0.00650354  0  0  0
3.74305e-05  0  0.931382  1.03828  0  0  0  0  0  0  0  -0.0064851  0  0  0
4.0873e-05  0  0.985524  1.05993  0  0  0  0  0  0  0  -0.00646679  0  0  0
4.4632e-05  0  1.03927  1.08141  0  0  0  0  0  0  0  -0.00644862  0  0  0
4.87366e-05  0  1.0926  1.10274  0  0  0  0  0  0  0  -0.00643058  0  0  0
5.32186e-05  0  1.14552  1.1239  0  0  0  0  0  0  0  -0.00641269  0  0  0
5.81127e-05  0  1.19802  1.14489  0  0  0  0  0  0  0  -0.00639494  0  0  0
6.34566e-05  0  1.25009  1.16571  0  0  0  0  0  0  0  -0.00637733  0  0  0
6.92917e-05  0  1.30172  1.18636  0  0  0  0  0  0  0  -0.00635986  0  0  0
7.56631e-05  0  1.35292  1.20682  0  0  0  0  0  0  0  -0.00634255  0  0  0
8.26202e-05  0  1.40366  1.22711  0  0  0  0  0  0  0  -0.00632539  0  0  0
9.02165e-05  0  1.45396  1.24722  0  0  0  0  0  0  0  -0.00630838  0  0  0
9.85109e-05  0  1.50379  1.26715  0  0  0  0  0  0  0  -0.00629154  0  0  0
0.000107567  0  1.55316  1.28688  0  0  0  0  0  0  0  -0.00627484  0  0  0
0.000117456  0  1.60206  1.30644  0  0  0  0  0  0  0  -0.0062583  0  0  0
0.000128253  0  1.65048  1.3258  0  0  0  0  0  0  0  -0.00624193  0  0  0
0.000140041  0  1.69843  1.34497  0  0  0  0  0  0  0  -0.00622571  0  0  0
0.000152912  0  1.74588  1.36395  0  0  0  0  0  0  0  -0.00620967  0  0  0
0.000166965  0  1.79285  1.38273  0  0  0  0  0  0  0  -0.00619379  0  0  0
0.000182307  0  1.83932  1.40131  0  0  0  0  0  0  0  -0.00617807  0  0  0
0.000199058  0  1.8853  1.41969  0  0  0  0  0  0  0  -0.00616253  0  0  0
0.000217347  0  1.93076  1.43787  0  0  0  0  0  0  0  -0.00614716  0  0  0
0.000237312  0  1.97572  1.45585  0  0  0  0  0  0  0  -0.00613196  0  0  0
0.00025911  0  2.02016  1.47363  0  0  0  0  0  0  0  -0.00611693  0  0  0
0.000282906  0  2.06409  1.49119  0  0  0  0  0  0  0  -0.00610208  0  0  0
0.000308883  0  2.10749  1.50855  0  0  0  0  0  0  0  -0.00608741  0  0  0
0.00033724  0  2.15036  1.5257  0  0  0  0  0  0  0  -0.00607292  0  0  0
0.000368196  0  2.1927  1.54264  0  0  0  0  0  0  0  -0.00605861  0  0  0
0.000401985  0  2.23451  1.55936  0  0  0  0  0  0  0  -0.00604449  0  0  0
0.000438868  0  2.27577  1.57587  0  0  0  0  0  0  0  -0.00603054  0  0  0
0.000479125  0  2.31649  1.59217  0  0  0  0  0  0  0  -0.00601679  0  0  0
0.000523063  0  2.35665  1.60825  0  0  0  0  0  0  0  -0.00600322  0  0  0
0.000571017  0  2.39626  1.6241  0  0  0  0  0  0  0  -0.00598985  0  0  0
0.000623351  0  2.43531  1.63974  0  0  0  0  0  0  0  -0.00597665  0  0  0
0.000680461  0  2.47379  1.65515  0  0  0  0  0  0  0  -0.00596366  0  0  0
0.000742781  0  2.5117  1.67035  0  0  0  0  0  0  0  -0.00595087  0  0  0
0.000810781  0  2.54903  1.68532  0  0  0  0  0  0  0  -0.00593827  0  0  0
0.000884973  0  2.58578  1.70006  0  0  0  0  0  0  0  -0.00592588  0  0  0
0.000965915  0  2.62194  1.71457  0  0  0  0  0  0  0  -0.00591367  0  0  0
0.00105421  0  2.6575  1.72885  0  0  0  0  0  0  0  -0.00590167  0  0  0
0.00115053  0  2.69245  1.74291  0  0  0  0  0  0  0  -0.00588985  0  0  0
0.00125558  0  2.7268  1.75672  0  0  0  0  0  0  0  -0.00587822  0  0  0
0.00137014  0  2.76052  1.77029  0  0  0  0  0  0  0  -0.00586675  0  0  0
0.00149506  0  2.79361  1.78363  0  0  0  0  0  0  0  -0.00585541  0  0  0
0.00163126  0  2.82605  1.79671  0  0  0  0  0  0  0  -0.00584415  0  0  0
0.00177974  0  2.85784  1.80952  0  0  0  0  0  0  0  -0.00583289  0  0  0
0.00194158  0  2.88895  1.82205  0  0  0  0  0  0  0  -0.0058215  0  0  0
0.00211795  0  2.91936  1.83425  0  0  0  0  0  0  0  -0.00580976  0  0  0
0.00231012  0  2.94903  1.84608  0  0  0  0  0  0  0  -0.00579735  0  0  0
0.00251947  0  2.97792  1.85745  0  0  0  0  0  0  0  -0.00578373  0  0  0
0.00274748  0  3.00597  1.86824  0  0  0  0  0  0  0  -0.00576811  0  0  0
0.00299576  0  3.03308  1.87823  0  0  0  0  0  0  0  -0.00574922  0  0  0
0.00326605  0  3.05909  1.88712  0  0  0  0  0  0  0  -0.00572515  0  0  0
0.00356021  0  3.0838  1.89444  0  0  0  0  0  0  0  -0.00569298  0  0  0
0.00388027  0  3.10691  1.89947  0  0  0  0  0  0  0  -0.00564834  0  0  0
0.00422838  0  3.12794  1.90115  0  0  0  0  0  0  0  -0.00558486  0  0  0
0.00460689  0  3.14628  1.89801  0  0  0  0  0  0  0  -0.00549345  0  0  0
0.00501829  0  3.16106  1.888  0  0  0  0  0  0  0  -0.00536174  0  0  0
0.00546526  0  3.17118  1.86855  0  0  0  0  0  0  0  -0.00517404  0  0  0
0.00595067  0  3.17542  1.83671  0  0  0  0  0  0  0  -0.00491253  0  0  0
0.00647757  0  3.17263  1.78983  0  0  0  0  0  0  0  -0.00456091  0  0  0
0.00704924  0  3.16225  1.72655  0  0  0  0  0  0  0  -0.00411084  0  0  0
0.00766915  0  3.1448  1.64823  0  0  0  0  0  0  0  -0.00356986  0  0  0
0.00834097  0  3.12224  1.55968  0  0  0  0  0  0  0  -0.00296638  0  0  0
0.0090686  0  3.09773  1.46862  0  0  0  0  0  0  0  -0.00234607  0  0  0
0.00985616  0  3.07477  1.38354  0  0  0  0  0  0  0  -0.00175915  0  0  0
0.010708  0  3.05609  1.31117  0  0  0  0  0  0  0  -0.00124513  0  0  0
0.0116286  0  3.04312  1.25504  0  0  0  0  0  0  0  -0.000824122  0  0  0
0.0126229  0  3.03602  1.21561  0  0  0  0  0  0  0  -0.000497687  0  0  0
0.0136956  0  3.03411  1.19136  0  0  0  0  0  0  0  -0.000255349  0  0  0
0.0148521  0  3.0364  1.17998  0  0  0  0  0  0  0  -8.16941e-05  0  0  0
0.0160977  0  3.04192  1.17921  0  0  0  0  0  0  0  0.03877  0  0  0
0.0174377  0  3.04984  1.18719  0  0  0  0  0  0  0  0.119278  0  0  0
0.0188781  0  3.05959  1.20263  0  0  0  0  0  0  0  0.170101  0  0  0
0.0204243  0  3.0708  1.22476  0  0  0  0  0  0  0  0.198779  0  0  0
0.0220824  0  3.08327  1.25321  0  0  0  0  0  0  0  0.210591  0  0  0
0.0238583  0  3.09696  1.28802  0  0  0  0  0  0  0  0.209104  0  0  0
0.0257578  0  3.11194  1.3295  0  0  0  0  0  0  0  0.196631  0  0  0
0.027787  0  3.12838  1.37815  0  0  0  0  0  0  0  0.174564  0  0  0
0.0299516  0  3.14651  1.43472  0  0  0  0  0  0  0  0.14364  0  0  0
0.0322576  0  3.16664  1.50007  0  0  0  0  0  0  0  0.104144  0  0  0
0.0347104  0  3.1891  1.5752  0  0  0  0  0  0  0  0.0559757  0  0  0
0.0373157  0  3.21429  1.66119  0  0  0  0  0  0  0  -1.12605e-06  0  0  0
0.0400785  0  3.24259  1.75918  0  0  0  0  0  0  0  -6.76491e-05  0  0  0
0.043004  0  3.27439  1.87028  0  0  0  0  0  0  0  -0.0001441  0  0  0
0.0460967  0  3.31005  1.99551  0  0  0  0  0  0  0  -0.000231016  0  0  0
0.0493609  0  3.34984  2.13551  0  0  0  0  0  0  0  -0.000328716  0  0  0
0.0528007  0  3.39384  2.2903  0  0  0  0  0  0  0  -0.000437099  0  0  0
0.0564196  0  3.44181  2.45856  0  0  0  0  0  0  0  -0.000555146  0  0  0
0.0602206  0  3.49292  2.63645  0  0  0  0  0  0  0  -0.000680037  0  0  0
0.0642064  0  3.54532  2.81561  0  0  0  0  0  0  0  -0.000805648  0  0  0
0.0683793  0  3.59551  2.97998  0  0  0  0  0  0  0  -0.000920272  0  0  0
0.072741  0  3.63746  3.10168  0  0  0  0  0  0  0  -0.00100351  0  0  0
0.0772927  0  3.66199  3.138  0  0  0  0  0  0  0  -0.00102407  0  0  0
0.0820352  0  3.65751  3.03486  0  0  0  0  0  0  0  -0.000942423  0  0  0
0.0869689  0  3.61387  2.74632  0  0  0  0  0  0  0  -0.000725261  0  0  0
0.0920937  0  3.52982  2.27107  0  0  0  0  0  0  0  -0.000372851  0  0  0
0.097409  0  3.41864  1.6806  0  0  0  0  0  0  0  0.0600457  0  0  0
0.102914  0  3.30384  1.09756  0  0  0  0  0  0  0  0.480073  0  0  0
0.108607  0  3.20612  0.630872  0  0  0  0  0  0  0  0.803471  0  0  0
0.114487  0  3.13403  0.329268  0  0  0  0  0  0  0  0.990449  0  0  0
0.120552  0  3.08483  0.185205  0  0  0  0  0  0  0  1.04184  0  0  0
0.126799  0  3.05032  0.163632  0  0  0  0  0  0  0  0.977381  0  0  0
0.133226  0  3.02158  0.2253  0  0  0  0  0  0  0  0.817518  0  0  0
0.13983  0  2.99118  0.337418  0  0  0  0  0  0  0  0.57476  0  0  0
0.146608  0  2.95362  0.475758  0  0  0  0  0  0  0  0.250825  0  0  0
0.153557  0  2.90516  0.623477  0  0  0  0  0  0  0  -0.000163965  0  0  0
0.160674  0  2.84344  0.769236  0  0  0  0  0  0  0  -0.000691296  0  0  0
0.167955  0  2.76723  0.905548  0  0  0  0  0  0  0  -0.00136601  0  0  0
0.175396  0  2.67617  1.02755  0  0  0  0  0  0  0  -0.00223823  0  0  0
0.182995  0  2.57068  1.13216  0  0  0  0  0  0  0  -0.00337588  0  0  0
0.190747  0  2.45187  1.21744  0  0  0  0  0  0  0  -0.00486777  0  0  0
0.198649  0  2.32149  1.28229  0  0  0  0  0  0  0  -0.00682618  0  0  0
0.206698  0  2.18189  1.32603  0  0  0  0  0  0  0  -0.00938809  0  0  0
0.214888  0  2.03595  1.34829  0  0  0  0  0  0  0  -0.0127135  0  0  0
0.223217  0  1.887  1.34885  0  0  0  0  0  0  0  -0.0169785  0  0  0
0.231682  0  1.73855  1.32739  0  0  0  0  0  0  0  -0.0223612  0  0  0
0.240277  0  1.59406  1.28322  0  0  0  0  0  0  0  -0.0290177  0  0  0
0.249001  0  1.45647  1.21456  0  0  0  0  0  0  0  -0.0370495  0  0  0
0.257849  0  1.32776  1.11672  0  0  0  0  0  0  0  -0.0464655  0  0  0
0.266818  0  1.20852  0.978375  0  0  0  0  0  0  0  -0.0571477  0  0  0
0.275904  0  1.09776  0.773659  0  0  0  0  0  0  0  -0.0688306  0  0  0
0.285104  0  0.993091  0.446865  0  0  0  0  0  0  0  -0.0811059  0  0  0
0.294416  0  0.891261  -0.000115987  0  0  0  0  0  0  0  -0.0934484  0  0  0
0.303834  0  0.788966  -0.00113693  0  0  0  0  0  0  0  -0.105249  0  0  0
0.313358  0  0.683721  -0.00302756  0  0  0  0  0  0  0  -0.115829  0  0  0
0.322983  0  0.574534  -0.00650894  0  0  0  0  0  0  0  -0.124412  0  0  0
0.332707  0  0.462205  -0.0127541  0  0  0  0  0  0  0  -0.130053  0  0  0
0.342526  0  0.349241  -0.0234707  0  0  0  0  0  0  0  -0.131577  0  0  0
0.352439  0  0.239307  -0.0407131  0  0  0  0  0  0  0  -0.127675  0  0  0
0.362442  0  0.136179  -0.0661207  0  0  0  0  0  0  0  -0.117373  0  0  0
0.372533  0  0.0423527  -0.0995617  0  0  0  0  0  0  0  -0.100878  0  0  0
0.382709  0  -4.20627e-05  -0.138093  0  0  0  0  0  0  0  -0.0802343  0  0  0
0.392967  0  -0.000119165  -0.17668  0  0  0  0  0  0  0  -0.0588354  0  0  0
0.403306  0  -0.000191586  -0.210608  0  0  0  0  0  0  0  -0.0398478  0  0  0
0.413723  0  -0.000260556  -0.237427  0  0  0  0  0  0  0  -0.0249466  0  0  0
0.424216  0  -0.00032498  -0.257043  0  0  0  0  0  0  0  -0.014265  0  0  0
0.434783  0  -0.000381716  -0.270667  0  0  0  0  0  0  0  -0.00708614  0  0  0
0.445422  0  -0.000426483  -0.279819  0  0  0  0  0  0  0  -0.00249001  0  0  0
0.45613  0  -0.000454952  -0.285823  0  0  0  0  0  0  0  0.320405  0  0  0
0.466905  0  -0.000463805  -0.289669  0  0  0  0  0  0  0  1.93492  0  0  0
0.477747  0  -0.000451787  -0.292054  0  0  0  0  0  0  0  2.76053  0  0  0
0.488653  0  -0.000420587  -0.293456  0  0  0  0  0  0  0  3.07308  0  0  0
0.499621  0  -0.000375146  -0.294207  0  0  0  0  0  0  0  3.06342  0  0  0
0.510649  0  -0.000322931  -0.294546  0  0  0  0  0  0  0  2.86828  0  0  0
0.521736  0  -0.000272153  -0.294646  0  0  0  0  0  0  0  2.58648  0  0  0
0.532881  0  -0.000229622  -0.294626  0  0  0  0  0  0  0  2.28587  0  0  0
0.544082  0  -0.000199326  -0.294563  0  0  0  0  0  0  0  2.00753  0  0  0
0.555337  0  -0.000182206  -0.294499  0  0  0  0  0  0  0  1.77107  0  0  0
0.566644  0  -0.000176933  -0.294452  0  0  0  0  0  0  0  1.58116  0  0  0
0.578004  0  -0.000181012  -0.294427  0  0  0  0  0  0  0  1.43405  0  0  0
0.589413  0  -0.000191688  -0.294419  0  0  0  0  0  0  0  1.32245  0  0  0
0.600872  0  -0.000206503  -0.294426  0  0  0  0  0  0  0  1.23859  0  0  0
0.612378  0  -0.000223512  -0.294441  0  0  0  0  0  0  0  1.17558  0  0  0
0.62393  0  -0.000241304  -0.294461  0  0  0  0  0  0  0  1.12786  0  0  0
0.635528  0  -0.000258925  -0.294482  0  0  0  0  0  0  0  1.0913  0  0  0
0.64717  0  -0.000275775  -0.294504  0  0  0  0  0  0  0  1.06283  0  0  0
0.658855  0  -0.000291512  -0.294524  0  0  0  0  0  0  0  1.04028  0  0  0
0.670582  0  -0.00030597  -0.294543  0  0  0  0  0  0  0  1.02209  0  0  0
0.68235  0  -0.000319098  -0.294559  0  0  0  0  0  0  0  1.00721  0  0  0
0.694158  0  -0.000330916  -0.294574  0  0  0  0  0  0  0  0.994827  0  0  0
0.706005  0  -0.000341489  -0.294587  0  0  0  0  0  0  0  0.984404  0  0  0
0.71789  0  -0.000350904  -0.294597  0  0  0  0  0  0  0  0.975528  0  0  0
0.729812  0  -0.000359259  -0.294607  0  0  0  0  0  0  0  0.967883  0  0  0
0.741771  0  -0.000366653  -0.294615  0  0  0  0  0  0  0  0.96126  0  0  0
0.753765  0  -0.000373182  -0.294621  0  0  0  0  0  0  0  0.955445  0  0  0
0.765793  0  -0.000378939  -0.294627  0  0  0  0  0  0  0  0.950308  0  0  0
0.777856  0  -0.000384008  -0.294631  0  0  0  0  0  0  0  0.945718  0  0  0
0.789952  0  -0.000388465  -0.294635  0  0  0  0  0  0  0  0.941559  0  0  0
0.80208  0  -0.000392381  -0.294638  0  0  0  0  0  0  0  0.937743  0  0  0
0.814239  0  -0.000395817  -0.29464  0  0  0  0  0  0  0  0.934204  0  0  0
0.82643  0  -0.000398827  -0.294641  0  0  0  0  0  0  0  0.930828  0  0  0
0.838651  0  -0.000401455  -0.294641  0  0  0  0  0  0  0  0.927567  0  0  0
0.850901  0  -0.000403733  -0.29464  0  0  0  0  0  0  0  0.924292  0  0  0
0.863181  0  -0.000405667  -0.294637  0  0  0  0  0  0  0  0.920905  0  0  0
0.875488  0  -0.000407223  -0.29463  0  0  0  0  0  0  0  0.917146  0  0  0
0.887824  0  -0.000408286  -0.294617  0  0  0  0  0  0  0  0.912635  0  0  0
0.900186  0  -0.000408585  -0.294589  0  0  0  0  0  0  0  0.906612  0  0  0
0.912576  0  -0.000407552  -0.294533  0  0  0  0  0  0  0  0.897639  0  0  0
0.924991  0  -0.000404081  -0.294421  0  0  0  0  0  0  0  0.883041  0  0  0
0.937432  0  -0.000396112  -0.294205  0  0  0  0  0  0  0  0.857926  0  0  0
0.949897  0  -0.000379975  -0.293796  0  0  0  0  0  0  0  0.813703  0  0  0
0.962388  0  -0.000349414  -0.293045  0  0  0  0  0  0  0  0.735784  0  0  0
0.974902  0  -0.00029427  -0.29171  0  0  0  0  0  0  0  0.600578  0  0  0
0.987439  0  -0.000199041  -0.289423  0  0  0  0  0  0  0  0.372147  0  0  0
1  0  -4.19712e-05  -0.285665  0  0  0  0  0  0  0  0  0  0  0
