1e-05  0  391.219  36.5358  0  0  0  0  0  0  0  -0.00458684  0  0  0
1.09199e-05  0  391.218  36.5358  0  0  0  0  0  0  0  -0.00458678  0  0  0
1.19243e-05  0  391.218  36.5358  0  0  0  0  0  0  0  -0.00458672  0  0  0
1.30212e-05  0  391.218  36.5357  0  0  0  0  0  0  0  -0.00458664  0  0  0
1.4219e-05  0  391.218  36.5357  0  0  0  0  0  0  0  -0.00458656  0  0  0
1.55269e-05  0  391.218  36.5357  0  0  0  0  0  0  0  -0.00458647  0  0  0
1.69551e-05  0  391.218  36.5357  0  0  0  0  0  0  0  -0.00458637  0  0  0
1.85147e-05  0  391.217  36.5356  0  0  0  0  0  0  0  -0.00458626  0  0  0
2.02177e-05  0  391.217  36.5356  0  0  0  0  0  0  0  -0.00458614  0  0  0
2.20773e-05  0  391.217  36.5356  0  0  0  0  0  0  0  -0.004586  0  0  0
2.4108e-05  0  391.216  36.5355  0  0  0  0  0  0  0  -0.00458585  0  0  0
2.63254e-05  0  391.216  36.5355  0  0  0  0  0  0  0  -0.00458569  0  0  0
2.87468e-05  0  391.215  36.5354  0  0  0  0  0  0  0  -0.0045855  0  0  0
3.13908e-05  0  391.214  36.5354  0  0  0  0  0  0  0  -0.0045853  0  0  0
3.42779e-05  0  391.214  36.5353  0  0  0  0  0  0  0  -0.00458508  0  0  0
3.74305e-05  0  391.213  36.5352  0  0  0  0  0  0  0  -0.00458483  0  0  0
4.0873e-05  0  391.212  36.5352  0  0  0  0  0  0  0  -0.00458456  0  0  0
4.4632e-05  0  391.211  36.5351  0  0  0  0  0  0  0  -0.00458425  0  0  0
4.87366e-05  0  391.209  36.535  0  0  0  0  0  0  0  -0.00458391  0  0  0
5.32186e-05  0  391.208  36.5349  0  0  0  0  0  0  0  -0.00458353  0  0  0
5.81127e-05  0  391.206  36.5347  0  0  0  0  0  0  0  -0.00458311  0  0  0
6.34566e-05  0  391.204  36.5345  0  0  0  0  0  0  0  -0.00458264  0  0  0
6.92917e-05  0  391.201  36.5343  0  0  0  0  0  0  0  -0.00458211  0  0  0
7.56631e-05  0  391.198  36.5341  0  0  0  0  0  0  0  -0.00458151  0  0  0
8.26202e-05  0  391.193  36.5338  0  0  0  0  0  0  0  -0.00458084  0  0  0
9.02165e-05  0  391.188  36.5334  0  0  0  0  0  0  0  -0.00458008  0  0  0
9.85109e-05  0  391.182  36.5329  0  0  0  0  0  0  0  -0.00457921  0  0  0
0.000107567  0  391.173  36.5323  0  0  0  0  0  0  0  -0.00457822  0  0  0
0.000117456  0  391.163  36.5315  0  0  0  0  0  0  0  -0.00457707  0  0  0
0.000128253  0  391.149  36.5305  0  0  0  0  0  0  0  -0.00457573  0  0  0
0.000140041  0  391.131  36.5292  0  0  0  0  0  0  0  -0.00457415  0  0  0
0.000152912  0  391.108  36.5275  0  0  0  0  0  0  0  -0.00457229  0  0  0
0.000166965  0  391.076  36.5252  0  0  0  0  0  0  0  -0.00457006  0  0  0
0.000182307  0  391.035  36.5222  0  0  0  0  0  0  0  -0.00456736  0  0  0
0.000199058  0  390.98  36.5181  0  0  0  0  0  0  0  -0.00456405  0  0  0
0.000217347  0  390.906  36.5127  0  0  0  0  0  0  0  -0.00455996  0  0  0
0.000237312  0  390.806  36.5054  0  0  0  0  0  0  0  -0.00455485  0  0  0
0.00025911  0  390.672  36.4957  0  0  0  0  0  0  0  -0.00454838  0  0  0
0.000282906  0  390.491  36.4824  0  0  0  0  0  0  0  -0.00454013  0  0  0
0.000308883  0  390.246  36.4646  0  0  0  0  0  0  0  -0.0045295  0  0  0
0.00033724  0  389.915  36.4404  0  0  0  0  0  0  0  -0.00451571  0  0  0
0.000368196  0  389.468  36.4078  0  0  0  0  0  0  0  -0.0044977  0  0  0
0.000401985  0  388.861  36.3635  0  0  0  0  0  0  0  -0.00447402  0  0  0
0.000438868  0  388.04  36.3036  0  0  0  0  0  0  0  -0.00444277  0  0  0
0.000479125  0  386.93  36.2226  0  0  0  0  0  0  0  -0.00440137  0  0  0
0.000523063  0  385.43  36.1131  0  0  0  0  0  0  0  -0.0043464  0  0  0
0.000571017  0  383.408  35.9655  0  0  0  0  0  0  0  -0.00427332  0  0  0
0.000623351  0  380.689  35.7671  0  0  0  0  0  0  0  -0.00417623  0  0  0
0.000680461  0  377.049  35.5015  0  0  0  0  0  0  0  -0.00404744  0  0  0
0.000742781  0  372.202  35.1478  0  0  0  0  0  0  0  -0.00387726  0  0  0
0.000810781  0  365.795  34.6803  0  0  0  0  0  0  0  -0.0036537  0  0  0
0.000884973  0  357.409  34.0683  0  0  0  0  0  0  0  -0.00336251  0  0  0
0.000965915  0  346.571  33.2775  0  0  0  0  0  0  0  -0.00298766  0  0  0
0.00105421  0  332.795  32.2722  0  0  0  0  0  0  0  -0.00251259  0  0  0
0.00115053  0  315.644  31.0207  0  0  0  0  0  0  0  -0.00192248  0  0  0
0.00125558  0  294.836  29.5023  0  0  0  0  0  0  0  -0.00120771  0  0  0
0.00137014  0  270.369  27.7169  0  0  0  0  0  0  0  -0.000368074  0  0  0
0.00149506  0  242.629  25.6927  0  0  0  0  0  0  0  0.583442  0  0  0
0.00163126  0  212.448  23.4903  0  0  0  0  0  0  0  1.61887  0  0  0
0.00177974  0  181.043  21.1987  0  0  0  0  0  0  0  2.69716  0  0  0
0.00194158  0  149.841  18.9218  0  0  0  0  0  0  0  3.77025  0  0  0
0.00211795  0  120.226  16.7608  0  0  0  0  0  0  0  4.79147  0  0  0
0.00231012  0  93.3078  14.7965  0  0  0  0  0  0  0  5.72349  0  0  0
0.00251947  0  69.7791  13.0796  0  0  0  0  0  0  0  6.54305  0  0  0
0.00274748  0  49.8997  11.6289  0  0  0  0  0  0  0  7.24156  0  0  0
0.00299576  0  33.5727  10.4375  0  0  0  0  0  0  0  7.82252  0  0  0
0.00326605  0  20.4652  9.48099  0  0  0  0  0  0  0  8.29738  0  0  0
0.00356021  0  10.1258  8.72647  0  0  0  0  0  0  0  8.68165  0  0  0
0.00388027  0  2.07456  8.13893  0  0  0  0  0  0  0  8.99179  0  0  0
0.00422838  0  -0.00414043  7.68536  0  0  0  0  0  0  0  9.24335  0  0  0
0.00460689  0  -0.00891442  7.33694  0  0  0  0  0  0  0  9.44996  0  0  0
0.00501829  0  -0.0125768  7.06964  0  0  0  0  0  0  0  9.62305  0  0  0
0.00546526  0  -0.0153929  6.86407  0  0  0  0  0  0  0  9.77189  0  0  0
0.00595067  0  -0.0175719  6.705  0  0  0  0  0  0  0  9.90385  0  0  0
0.00647757  0  -0.0192755  6.5806  0  0  0  0  0  0  0  10.0247  0  0  0
0.00704924  0  -0.0206279  6.48183  0  0  0  0  0  0  0  10.139  0  0  0
0.00766915  0  -0.0217233  6.40181  0  0  0  0  0  0  0  10.2502  0  0  0
0.00834097  0  -0.0226328  6.33534  0  0  0  0  0  0  0  10.3611  0  0  0
0.0090686  0  -0.0234102  6.2785  0  0  0  0  0  0  0  10.4737  0  0  0
0.00985616  0  -0.0240958  6.22836  0  0  0  0  0  0  0  10.5898  0  0  0
0.010708  0  -0.02472  6.18269  0  0  0  0  0  0  0  10.7107  0  0  0
0.0116286  0  -0.0253055  6.13982  0  0  0  0  0  0  0  10.8373  0  0  0
0.0126229  0  -0.0258695  6.09852  0  0  0  0  0  0  0  10.9704  0  0  0
0.0136956  0  -0.0264247  6.05786  0  0  0  0  0  0  0  11.1107  0  0  0
0.0148521  0  -0.0269807  6.01712  0  0  0  0  0  0  0  11.2587  0  0  0
0.0160977  0  -0.0275445  5.97581  0  0  0  0  0  0  0  11.4145  0  0  0
0.0174377  0  -0.0281211  5.93355  0  0  0  0  0  0  0  11.5785  0  0  0
0.0188781  0  -0.028714  5.89008  0  0  0  0  0  0  0  11.7506  0  0  0
0.0204243  0  -0.0293256  5.84523  0  0  0  0  0  0  0  11.9308  0  0  0
0.0220824  0  -0.0299572  5.79888  0  0  0  0  0  0  0  12.1189  0  0  0
0.0238583  0  -0.0306092  5.75099  0  0  0  0  0  0  0  12.3145  0  0  0
0.0257578  0  -0.0312813  5.70154  0  0  0  0  0  0  0  12.5173  0  0  0
0.027787  0  -0.0319729  5.65052  0  0  0  0  0  0  0  12.7265  0  0  0
0.0299516  0  -0.0326824  5.5979  0  0  0  0  0  0  0  12.9415  0  0  0
0.0322576  0  -0.0334084  5.5436  0  0  0  0  0  0  0  13.1612  0  0  0
0.0347104  0  -0.034149  5.4874  0  0  0  0  0  0  0  13.3846  0  0  0
0.0373157  0  -0.0349024  5.42885  0  0  0  0  0  0  0  13.6102  0  0  0
0.0400785  0  -0.0356675  5.36709  0  0  0  0  0  0  0  13.836  0  0  0
0.043004  0  -0.0364434  5.3006  0  0  0  0  0  0  0  14.0596  0  0  0
0.0460967  0  -0.0372315  5.22688  0  0  0  0  0  0  0  14.2777  0  0  0
0.0493609  0  -0.0380354  5.14195  0  0  0  0  0  0  0  14.4856  0  0  0
0.0528007  0  -0.0388624  5.0398  0  0  0  0  0  0  0  14.6772  0  0  0
0.0564196  0  -0.0397256  4.91184  0  0  0  0  0  0  0  14.8442  0  0  0
0.0602206  0  -0.0406453  4.74673  0  0  0  0  0  0  0  14.9762  0  0  0
0.0642064  0  -0.0416504  4.53102  0  0  0  0  0  0  0  15.0611  0  0  0
0.0683793  0  -0.042779  4.2515  0  0  0  0  0  0  0  15.0874  0  0  0
0.072741  0  -0.0440781  3.89946  0  0  0  0  0  0  0  15.0474  0  0  0
0.0772927  0  -0.045604  3.47606  0  0  0  0  0  0  0  14.9419  0  0  0
0.0820352  0  -0.0474269  2.99569  0  0  0  0  0  0  0  14.783  0  0  0
0.0869689  0  -0.0496461  2.48372  0  0  0  0  0  0  0  14.5927  0  0  0
0.0920937  0  -0.0524141  1.96816  0  0  0  0  0  0  0  14.3958  0  0  0
0.097409  0  -0.055966  1.46917  0  0  0  0  0  0  0  14.2122  0  0  0
0.102914  0  -0.0606445  0.992296  0  0  0  0  0  0  0  14.0514  0  0  0
0.108607  0  -0.0669121  0.527683  0  0  0  0  0  0  0  13.9122  0  0  0
0.114487  0  -0.0753471  0.053585  0  0  0  0  0  0  0  13.7852  0  0  0
0.120552  0  -0.0866137  -0.000458516  0  0  0  0  0  0  0  13.6571  0  0  0
0.126799  0  -0.101398  -0.00103873  0  0  0  0  0  0  0  13.5133  0  0  0
0.133226  0  -0.120301  -0.00171362  0  0  0  0  0  0  0  13.3408  0  0  0
0.13983  0  -0.143696  -0.00250095  0  0  0  0  0  0  0  13.1299  0  0  0
0.146608  0  -0.171571  -0.00340481  0  0  0  0  0  0  0  12.8761  0  0  0
0.153557  0  -0.203433  -0.00441238  0  0  0  0  0  0  0  12.5803  0  0  0
0.160674  0  -0.238296  -0.00549413  0  0  0  0  0  0  0  12.249  0  0  0
0.167955  0  -0.274821  -0.00660792  0  0  0  0  0  0  0  11.8929  0  0  0
0.175396  0  -0.311548  -0.00770653  0  0  0  0  0  0  0  11.5241  0  0  0
0.182995  0  -0.347159  -0.00874569  0  0  0  0  0  0  0  11.1535  0  0  0
0.190747  0  -0.380681  -0.00969028  0  0  0  0  0  0  0  10.7889  0  0  0
0.198649  0  -0.411575  -0.0105171  0  0  0  0  0  0  0  10.4338  0  0  0
0.206698  0  -0.439728  -0.0112141  0  0  0  0  0  0  0  10.0873  0  0  0
0.214888  0  -0.465375  -0.0117781  0  0  0  0  0  0  0  9.7451  0  0  0
0.223217  0  -0.488994  -0.0122113  0  0  0  0  0  0  0  9.40017  0  0  0
0.231682  0  -0.511203  -0.0125181  0  0  0  0  0  0  0  9.04406  0  0  0
0.240277  0  -0.532672  -0.0127031  0  0  0  0  0  0  0  8.6682  0  0  0
0.249001  0  -0.554037  -0.0127692  0  0  0  0  0  0  0  8.26546  0  0  0
0.257849  0  -0.57582  -0.0127172  0  0  0  0  0  0  0  7.83222  0  0  0
0.266818  0  -0.598338  -0.0125459  0  0  0  0  0  0  0  7.37084  0  0  0
0.275904  0  -0.621612  -0.0122518  0  0  0  0  0  0  0  6.89231  0  0  0
0.285104  0  -0.645289  -0.0118303  0  0  0  0  0  0  0  6.4184  0  0  0
0.294416  0  -0.668607  -0.0112769  0  0  0  0  0  0  0  5.98203  0  0  0
0.303834  0  -0.690442  -0.0105885  0  0  0  0  0  0  0  5.62421  0  0  0
0.313358  0  -0.709467  -0.0097656  0  0  0  0  0  0  0  5.38623  0  0  0
0.322983  0  -0.724419  -0.00881574  0  0  0  0  0  0  0  5.29708  0  0  0
0.332707  0  -0.734414  -0.00775745  0  0  0  0  0  0  0  5.35878  0  0  0
0.342526  0  -0.739223  -0.00662346  0  0  0  0  0  0  0  5.5346  0  0  0
0.352439  0  -0.739384  -0.00546097  0  0  0  0  0  0  0  5.74714  0  0  0
0.362442  0  -0.736114  -0.0043275  0  0  0  0  0  0  0  5.88926  0  0  0
0.372533  0  -0.731017  -0.00328216  0  0  0  0  0  0  0  5.84675  0  0  0
0.382709  0  -0.72572  -0.00237544  0  0  0  0  0  0  0  5.5243  0  0  0
0.392967  0  -0.721557  -0.00164127  0  0  0  0  0  0  0  4.86505  0  0  0
0.403306  0  -0.719401  -0.00109382  0  0  0  0  0  0  0  3.85779  0  0  0
0.413723  0  -0.719645  -0.000729081  0  0  0  0  0  0  0  2.53214  0  0  0
0.424216  0  -0.722293  -0.000529869  0  0  0  0  0  0  0  0.945364  0  0  0
0.434783  0  -0.727103  -0.000471741  0  0  0  0  0  0  0  -0.000832724  0  0  0
0.445422  0  -0.733722  -0.00052837  0  0  0  0  0  0  0  -0.00273306  0  0  0
0.45613  0  -0.741788  -0.000675256  0  0  0  0  0  0  0  -0.0046959  0  0  0
0.466905  0  -0.750995  -0.000891967  0  0  0  0  0  0  0  -0.00667556  0  0  0
0.477747  0  -0.761124  -0.00116285  0  0  0  0  0  0  0  -0.00864117  0  0  0
0.488653  0  -0.772053  -0.00147722  0  0  0  0  0  0  0  -0.0105761  0  0  0
0.499621  0  -0.783748  -0.00182862  0  0  0  0  0  0  0  -0.0124752  0  0  0
0.510649  0  -0.796255  -0.00221422  0  0  0  0  0  0  0  -0.0143428  0  0  0
0.521736  0  -0.809686  -0.00263409  0  0  0  0  0  0  0  -0.0161902  0  0  0
0.532881  0  -0.824207  -0.00309038  0  0  0  0  0  0  0  -0.0180335  0  0  0
0.544082  0  -0.840028  -0.00358679  0  0  0  0  0  0  0  -0.0198923  0  0  0
0.555337  0  -0.85739  -0.00412782  0  0  0  0  0  0  0  -0.021788  0  0  0
0.566644  0  -0.876554  -0.00471815  0  0  0  0  0  0  0  -0.0237424  0  0  0
0.578004  0  -0.897793  -0.00536187  0  0  0  0  0  0  0  -0.0257763  0  0  0
0.589413  0  -0.921368  -0.00606155  0  0  0  0  0  0  0  -0.0279079  0  0  0
0.600872  0  -0.947514  -0.00681717  0  0  0  0  0  0  0  -0.0301507  0  0  0
0.612378  0  -0.976411  -0.00762489  0  0  0  0  0  0  0  -0.0325111  0  0  0
0.62393  0  -1.00817  -0.00847586  0  0  0  0  0  0  0  -0.0349867  0  0  0
0.635528  0  -1.0428  -0.00935478  0  0  0  0  0  0  0  -0.0375633  0  0  0
0.64717  0  -1.08021  -0.0102391  0  0  0  0  0  0  0  -0.0402139  0  0  0
0.658855  0  -1.12017  -0.011099  0  0  0  0  0  0  0  -0.0428986  0  0  0
0.670582  0  -1.16239  -0.0118978  0  0  0  0  0  0  0  -0.0455658  0  0  0
0.68235  0  -1.2065  -0.0125938  0  0  0  0  0  0  0  -0.0481559  0  0  0
0.694158  0  -1.25216  -0.0131436  0  0  0  0  0  0  0  -0.0506074  0  0  0
0.706005  0  -1.29905  -0.0135052  0  0  0  0  0  0  0  -0.0528615  0  0  0
0.71789  0  -1.34694  -0.0136423  0  0  0  0  0  0  0  -0.0548687  0  0  0
0.729812  0  -1.39569  -0.0135277  0  0  0  0  0  0  0  -0.0565924  0  0  0
0.741771  0  -1.44514  -0.0131463  0  0  0  0  0  0  0  -0.0580099  0  0  0
0.753765  0  -1.49512  -0.012497  0  0  0  0  0  0  0  -0.0591113  0  0  0
0.765793  0  -1.54524  -0.011593  0  0  0  0  0  0  0  -0.0598962  0  0  0
0.777856  0  -1.59492  -0.0104613  0  0  0  0  0  0  0  -0.0603702  0  0  0
0.789952  0  -1.64329  -0.00914026  0  0  0  0  0  0  0  -0.0605414  0  0  0
0.80208  0  -1.68928  -0.00767579  0  0  0  0  0  0  0  -0.0604175  0  0  0
0.814239  0  -1.7317  -0.00611651  0  0  0  0  0  0  0  -0.0600065  0  0  0
0.82643  0  -1.76941  -0.00450877  0  0  0  0  0  0  0  -0.0593159  0  0  0
0.838651  0  -1.80147  -0.00289236  0  0  0  0  0  0  0  -0.0583548  0  0  0
0.850901  0  -1.82724  -0.00129782  0  0  0  0  0  0  0  -0.0571348  0  0  0
0.863181  0  -1.8464  0.254624  0  0  0  0  0  0  0  -0.0556711  0  0  0
0.875488  0  -1.85897  1.75402  0  0  0  0  0  0  0  -0.0539834  0  0  0
0.887824  0  -1.86522  3.19646  0  0  0  0  0  0  0  -0.0520961  0  0  0
0.900186  0  -1.86558  4.58143  0  0  0  0  0  0  0  -0.0500406  0  0  0
0.912576  0  -1.86045  5.90523  0  0  0  0  0  0  0  -0.0478606  0  0  0
0.924991  0  -1.84985  7.14523  0  0  0  0  0  0  0  -0.0456327  0  0  0
0.937432  0  -1.83242  8.21732  0  0  0  0  0  0  0  -0.0435277  0  0  0
0.949897  0  -1.80281  8.86094  0  0  0  0  0  0  0  -0.0419814  0  0  0
0.962388  0  -1.74643  8.40323  0  0  0  0  0  0  0  -0.0420488  0  0  0
0.974902  0  -1.63866  5.72735  0  0  0  0  0  0  0  -0.0454504  0  0  0
0.987439  0  -1.48  0.837403  0  0  0  0  0  0  0  -0.0522143  0  0  0
1  0  -1.3329  -0.00349801  0  0  0  0  0  0  0  -0.0581997  0  0  0
