1e-05  0  -0.299413  -0.0607725  0  0  0  0  0  0  0  -0.0210756  0  0  0
1.09199e-05  0  -0.299462  -0.0607699  0  0  0  0  0  0  0  -0.0210466  0  0  0
1.19243e-05  0  -0.299513  -0.0607676  0  0  0  0  0  0  0  -0.0210162  0  0  0
1.30212e-05  0  -0.299567  -0.0607655  0  0  0  0  0  0  0  -0.0209845  0  0  0
1.4219e-05  0  -0.299624  -0.0607638  0  0  0  0  0  0  0  -0.0209513  0  0  0
1.55269e-05  0  -0.299683  -0.0607624  0  0  0  0  0  0  0  -0.0209165  0  0  0
1.69551e-05  0  -0.299744  -0.0607613  0  0  0  0  0  0  0  -0.0208801  0  0  0
1.85147e-05  0  -0.299809  -0.0607606  0  0  0  0  0  0  0  -0.020842  0  0  0
2.02177e-05  0  -0.299877  -0.0607604  0  0  0  0  0  0  0  -0.0208021  0  0  0
2.20773e-05  0  -0.299948  -0.0607606  0  0  0  0  0  0  0  -0.0207603  0  0  0
2.4108e-05  0  -0.300022  -0.0607613  0  0  0  0  0  0  0  -0.0207166  0  0  0
2.63254e-05  0  -0.300099  -0.0607625  0  0  0  0  0  0  0  -0.0206709  0  0  0
2.87468e-05  0  -0.30018  -0.0607643  0  0  0  0  0  0  0  -0.020623  0  0  0
3.13908e-05  0  -0.300265  -0.0607668  0  0  0  0  0  0  0  -0.0205728  0  0  0
3.42779e-05  0  -0.300354  -0.0607699  0  0  0  0  0  0  0  -0.0205203  0  0  0
3.74305e-05  0  -0.300448  -0.0607737  0  0  0  0  0  0  0  -0.0204653  0  0  0
4.0873e-05  0  -0.300545  -0.0607783  0  0  0  0  0  0  0  -0.0204077  0  0  0
4.4632e-05  0  -0.300647  -0.0607838  0  0  0  0  0  0  0  -0.0203474  0  0  0
4.87366e-05  0  -0.300754  -0.0607901  0  0  0  0  0  0  0  -0.0202843  0  0  0
5.32186e-05  0  -0.300865  -0.0607974  0  0  0  0  0  0  0  -0.0202182  0  0  0
5.81127e-05  0  -0.300982  -0.0608057  0  0  0  0  0  0  0  -0.020149  0  0  0
6.34566e-05  0  -0.301104  -0.0608151  0  0  0  0  0  0  0  -0.0200766  0  0  0
6.92917e-05  0  -0.301232  -0.0608256  0  0  0  0  0  0  0  -0.0200008  0  0  0
7.56631e-05  0  -0.301366  -0.0608373  0  0  0  0  0  0  0  -0.0199215  0  0  0
8.26202e-05  0  -0.301506  -0.0608504  0  0  0  0  0  0  0  -0.0198384  0  0  0
9.02165e-05  0  -0.301652  -0.0608648  0  0  0  0  0  0  0  -0.0197515  0  0  0
9.85109e-05  0  -0.301805  -0.0608807  0  0  0  0  0  0  0  -0.0196606  0  0  0
0.000107567  0  -0.301965  -0.0608981  0  0  0  0  0  0  0  -0.0195654  0  0  0
0.000117456  0  -0.302131  -0.0609171  0  0  0  0  0  0  0  -0.0194658  0  0  0
0.000128253  0  -0.302306  -0.0609379  0  0  0  0  0  0  0  -0.0193617  0  0  0
0.000140041  0  -0.302488  -0.0609604  0  0  0  0  0  0  0  -0.0192528  0  0  0
0.000152912  0  -0.302678  -0.0609849  0  0  0  0  0  0  0  -0.0191389  0  0  0
0.000166965  0  -0.302876  -0.0610113  0  0  0  0  0  0  0  -0.0190198  0  0  0
0.000182307  0  -0.303082  -0.0610398  0  0  0  0  0  0  0  -0.0188953  0  0  0
0.000199058  0  -0.303297  -0.0610705  0  0  0  0  0  0  0  -0.0187652  0  0  0
0.000217347  0  -0.303521  -0.0611034  0  0  0  0  0  0  0  -0.0186293  0  0  0
0.000237312  0  -0.303752  -0.0611386  0  0  0  0  0  0  0  -0.0184874  0  0  0
0.00025911  0  -0.303992  -0.0611762  0  0  0  0  0  0  0  -0.0183391  0  0  0
0.000282906  0  -0.304239  -0.0612162  0  0  0  0  0  0  0  -0.0181844  0  0  0
0.000308883  0  -0.304491  -0.0612585  0  0  0  0  0  0  0  -0.018023  0  0  0
0.00033724  0  -0.304746  -0.061303  0  0  0  0  0  0  0  -0.0178547  0  0  0
0.000368196  0  -0.304998  -0.0613493  0  0  0  0  0  0  0  -0.0176793  0  0  0
0.000401985  0  -0.305239  -0.061397  0  0  0  0  0  0  0  -0.0174968  0  0  0
0.000438868  0  -0.305454  -0.0614448  0  0  0  0  0  0  0  -0.017307  0  0  0
0.000479125  0  -0.305618  -0.061491  0  0  0  0  0  0  0  -0.0171102  0  0  0
0.000523063  0  -0.30569  -0.0615325  0  0  0  0  0  0  0  -0.0169067  0  0  0
0.000571017  0  -0.305603  -0.0615641  0  0  0  0  0  0  0  -0.0166972  0  0  0
0.000623351  0  -0.305244  -0.0615771  0  0  0  0  0  0  0  -0.0164834  0  0  0
0.000680461  0  -0.304428  -0.0615573  0  0  0  0  0  0  0  -0.0162678  0  0  0
0.000742781  0  -0.302857  -0.0614815  0  0  0  0  0  0  0  -0.0160548  0  0  0
0.000810781  0  -0.300053  -0.061313  0  0  0  0  0  0  0  -0.0158516  0  0  0
0.000884973  0  -0.295278  -0.0609944  0  0  0  0  0  0  0  -0.0156693  0  0  0
0.000965915  0  -0.287448  -0.0604419  0  0  0  0  0  0  0  -0.0155247  0  0  0
0.00105421  0  -0.275104  -0.0595423  0  0  0  0  0  0  0  -0.0154401  0  0  0
0.00115053  0  -0.256573  -0.0581661  0  0  0  0  0  0  0  -0.0154414  0  0  0
0.00125558  0  -0.23053  -0.0562105  0  0  0  0  0  0  0  -0.0155489  0  0  0
0.00137014  0  -0.196988  -0.0536767  0  0  0  0  0  0  0  -0.0157621  0  0  0
0.00149506  0  -0.158244  -0.0507425  0  0  0  0  0  0  0  -0.0160451  0  0  0
0.00163126  0  -0.118685  -0.047748  0  0  0  0  0  0  0  -0.0163294  0  0  0
0.00177974  0  -0.0830523  -0.0450605  0  0  0  0  0  0  0  -0.016541  0  0  0
0.00194158  0  -0.0544074  -0.0429171  0  0  0  0  0  0  0  -0.0166319  0  0  0
0.00211795  0  -0.0334308  -0.0413706  0  0  0  0  0  0  0  -0.0165914  0  0  0
0.00231012  0  -0.0191239  -0.0403435  0  0  0  0  0  0  0  -0.0164349  0  0  0
0.00251947  0  -0.0098654  -0.03971  0  0  0  0  0  0  0  -0.0161874  0  0  0
0.00274748  0  -0.00411129  -0.0393504  0  0  0  0  0  0  0  -0.0158729  0  0  0
0.00299576  0  -0.000661533  -0.0391716  0  0  0  0  0  0  0  -0.0155099  0  0  0
0.00326605  0  1.32409  -0.0391084  0  0  0  0  0  0  0  -0.0151116  0  0  0
0.00356021  0  2.40044  -0.0391175  0  0  0  0  0  0  0  -0.0146865  0  0  0
0.00388027  0  2.92208  -0.0391713  0  0  0  0  0  0  0  -0.0142404  0  0  0
0.00422838  0  3.11144  -0.0392521  0  0  0  0  0  0  0  -0.0137768  0  0  0
0.00460689  0  3.10675  -0.0393478  0  0  0  0  0  0  0  -0.0132983  0  0  0
0.00501829  0  2.99376  -0.0394476  0  0  0  0  0  0  0  -0.0128065  0  0  0
0.00546526  0  2.82597  -0.0395318  0  0  0  0  0  0  0  -0.0123025  0  0  0
0.00595067  0  2.6381  -0.0395403  0  0  0  0  0  0  0  -0.0117857  0  0  0
0.00647757  0  2.45733  -0.0392601  0  0  0  0  0  0  0  -0.0112513  0  0  0
0.00704924  0  2.3202  -0.0379488  0  0  0  0  0  0  0  -0.0106785  0  0  0
0.00766915  0  2.30408  -0.0334493  0  0  0  0  0  0  0  -0.0100046  0  0  0
0.00834097  0  2.51433  -0.0226404  0  0  0  0  0  0  0  -0.00913838  0  0  0
0.0090686  0  2.84355  -0.00889515  0  0  0  0  0  0  0  -0.00818223  0  0  0
0.00985616  0  3.01963  -0.000622674  0  0  0  0  0  0  0  -0.00738887  0  0  0
0.010708  0  3.04647  2.32067  0  0  0  0  0  0  0  -0.00675627  0  0  0
0.0116286  0  3.0255  3.11327  0  0  0  0  0  0  0  -0.00619214  0  0  0
0.0126229  0  3.00337  3.2606  0  0  0  0  0  0  0  -0.00565413  0  0  0
0.0136956  0  2.9927  3.23227  0  0  0  0  0  0  0  -0.00513086  0  0  0
0.0148521  0  2.99492  3.15891  0  0  0  0  0  0  0  -0.00462104  0  0  0
0.0160977  0  3.00831  3.07567  0  0  0  0  0  0  0  -0.00412622  0  0  0
0.0174377  0  3.0303  2.99184  0  0  0  0  0  0  0  -0.00364864  0  0  0
0.0188781  0  3.05832  2.90976  0  0  0  0  0  0  0  -0.00319061  0  0  0
0.0204243  0  3.09003  2.82986  0  0  0  0  0  0  0  -0.00275436  0  0  0
0.0220824  0  3.12336  2.75206  0  0  0  0  0  0  0  -0.0023419  0  0  0
0.0238583  0  3.15663  2.6761  0  0  0  0  0  0  0  -0.00195506  0  0  0
0.0257578  0  3.18859  2.60169  0  0  0  0  0  0  0  -0.0015954  0  0  0
0.027787  0  3.21834  2.52846  0  0  0  0  0  0  0  -0.00126423  0  0  0
0.0299516  0  3.2454  2.45607  0  0  0  0  0  0  0  -0.000962586  0  0  0
0.0322576  0  3.26958  2.38412  0  0  0  0  0  0  0  -0.000691264  0  0  0
0.0347104  0  3.29094  2.31227  0  0  0  0  0  0  0  -0.000450794  0  0  0
0.0373157  0  3.30981  2.24012  0  0  0  0  0  0  0  -0.000241468  0  0  0
0.0400785  0  3.32661  2.16731  0  0  0  0  0  0  0  -6.33426e-05  0  0  0
0.043004  0  3.34182  2.09351  0  0  0  0  0  0  0  0.0837338  0  0  0
0.0460967  0  3.35597  2.01841  0  0  0  0  0  0  0  0.200118  0  0  0
0.0493609  0  3.36953  1.94174  0  0  0  0  0  0  0  0.28634  0  0  0
0.0528007  0  3.38284  1.8633  0  0  0  0  0  0  0  0.343104  0  0  0
0.0564196  0  3.39613  1.78297  0  0  0  0  0  0  0  0.371253  0  0  0
0.0602206  0  3.40947  1.70074  0  0  0  0  0  0  0  0.371777  0  0  0
0.0642064  0  3.42272  1.6167  0  0  0  0  0  0  0  0.345778  0  0  0
0.0683793  0  3.43553  1.53114  0  0  0  0  0  0  0  0.294475  0  0  0
0.072741  0  3.44739  1.44455  0  0  0  0  0  0  0  0.219184  0  0  0
0.0772927  0  3.45755  1.35767  0  0  0  0  0  0  0  0.121327  0  0  0
0.0820352  0  3.46512  1.27161  0  0  0  0  0  0  0  0.00242639  0  0  0
0.0869689  0  3.46905  1.18787  0  0  0  0  0  0  0  -0.000135897  0  0  0
0.0920937  0  3.4682  1.10846  0  0  0  0  0  0  0  -0.000291901  0  0  0
0.097409  0  3.46137  1.03602  0  0  0  0  0  0  0  -0.000463717  0  0  0
0.102914  0  3.44737  0.973825  0  0  0  0  0  0  0  -0.000649321  0  0  0
0.108607  0  3.42506  0.925888  0  0  0  0  0  0  0  -0.000846513  0  0  0
0.114487  0  3.39353  0.896873  0  0  0  0  0  0  0  -0.0010529  0  0  0
0.120552  0  3.35199  0.891921  0  0  0  0  0  0  0  -0.00126589  0  0  0
0.126799  0  3.30003  0.916236  0  0  0  0  0  0  0  -0.00148268  0  0  0
0.133226  0  3.23753  0.97431  0  0  0  0  0  0  0  -0.00170032  0  0  0
0.13983  0  3.1648  1.06877  0  0  0  0  0  0  0  -0.00191581  0  0  0
0.146608  0  3.08245  1.19854  0  0  0  0  0  0  0  -0.00212626  0  0  0
0.153557  0  2.99144  1.35651  0  0  0  0  0  0  0  -0.00232912  0  0  0
0.160674  0  2.89285  1.52651  0  0  0  0  0  0  0  -0.00252257  0  0  0
0.167955  0  2.78771  1.68008  0  0  0  0  0  0  0  -0.00270591  0  0  0
0.175396  0  2.67672  1.77365  0  0  0  0  0  0  0  -0.00287999  0  0  0
0.182995  0  2.56005  1.74748  0  0  0  0  0  0  0  -0.00304747  0  0  0
0.190747  0  2.43716  1.5282  0  0  0  0  0  0  0  -0.00321278  0  0  0
0.198649  0  2.30699  1.03693  0  0  0  0  0  0  0  -0.00338144  0  0  0
0.206698  0  2.16849  0.204376  0  0  0  0  0  0  0  -0.00355867  0  0  0
0.214888  0  2.02137  -0.00100868  0  0  0  0  0  0  0  -0.00374731  0  0  0
0.223217  0  1.86704  -0.00259031  0  0  0  0  0  0  0  -0.00394567  0  0  0
0.231682  0  1.70917  -0.00446461  0  0  0  0  0  0  0  -0.00414626  0  0  0
0.240277  0  1.55327  -0.0064958  0  0  0  0  0  0  0  -0.00433632  0  0  0
0.249001  0  1.40554  -0.00851076  0  0  0  0  0  0  0  -0.00450032  0  0  0
0.257849  0  1.27098  -0.0103348  0  0  0  0  0  0  0  -0.00462384  0  0  0
0.266818  0  1.1519  -0.0118268  0  0  0  0  0  0  0  -0.00469712  0  0  0
0.275904  0  1.04731  -0.0129007  0  0  0  0  0  0  0  -0.00471702  0  0  0
0.285104  0  0.953371  -0.0135316  0  0  0  0  0  0  0  -0.00468707  0  0  0
0.294416  0  0.86459  -0.013745  0  0  0  0  0  0  0  -0.00461568  0  0  0
0.303834  0  0.775221  -0.0136004  0  0  0  0  0  0  0  -0.00451392  0  0  0
0.313358  0  0.68045  -0.0131734  0  0  0  0  0  0  0  -0.00439327  0  0  0
0.322983  0  0.577088  -0.0125417  0  0  0  0  0  0  0  -0.00426404  0  0  0
0.332707  0  0.463745  -0.011776  0  0  0  0  0  0  0  -0.00413451  0  0  0
0.342526  0  0.340748  -0.0109354  0  0  0  0  0  0  0  -0.00401063  0  0  0
0.352439  0  0.20966  -0.0100659  0  0  0  0  0  0  0  -0.0038962  0  0  0
0.362442  0  0.072937  -0.00920132  0  0  0  0  0  0  0  -0.00379318  0  0  0
0.372533  0  -6.6583e-05  -0.00836508  0  0  0  0  0  0  0  -0.00370217  0  0  0
0.382709  0  -0.000205954  -0.0075721  0  0  0  0  0  0  0  -0.00362278  0  0  0
0.392967  0  -0.000342521  -0.00683089  0  0  0  0  0  0  0  -0.00355403  0  0  0
0.403306  0  -0.000473965  -0.00614535  0  0  0  0  0  0  0  -0.00349459  0  0  0
0.413723  0  -0.000598469  -0.00551603  0  0  0  0  0  0  0  -0.00344301  0  0  0
0.424216  0  -0.000714772  -0.00494132  0  0  0  0  0  0  0  -0.00339785  0  0  0
0.434783  0  -0.000822142  -0.00441829  0  0  0  0  0  0  0  -0.00335775  0  0  0
0.445422  0  -0.000920275  -0.00394318  0  0  0  0  0  0  0  -0.00332151  0  0  0
0.45613  0  -0.00100943  -0.00351188  0  0  0  0  0  0  0  -0.00328808  0  0  0
0.466905  0  -0.00109023  -0.00312016  0  0  0  0  0  0  0  -0.00325655  0  0  0
0.477747  0  -0.00116368  -0.00276392  0  0  0  0  0  0  0  -0.0032262  0  0  0
0.488653  0  -0.00123127  -0.00243923  0  0  0  0  0  0  0  -0.0031964  0  0  0
0.499621  0  -0.00129501  -0.00214243  0  0  0  0  0  0  0  -0.00316664  0  0  0
0.510649  0  -0.00135754  -0.00187016  0  0  0  0  0  0  0  -0.00313652  0  0  0
0.521736  0  -0.00142257  -0.00161939  0  0  0  0  0  0  0  -0.00310565  0  0  0
0.532881  0  -0.00149535  -0.0013875  0  0  0  0  0  0  0  -0.00307372  0  0  0
0.544082  0  -0.00158355  -0.00117225  0  0  0  0  0  0  0  -0.00304041  0  0  0
0.555337  0  -0.00169882  -0.00097192  0  0  0  0  0  0  0  -0.00300537  0  0  0
0.566644  0  -0.00185907  -0.000785449  0  0  0  0  0  0  0  -0.00296817  0  0  0
0.578004  0  -0.00209241  -0.000612721  0  0  0  0  0  0  0  -0.00292823  0  0  0
0.589413  0  -0.00244315  -0.000454992  0  0  0  0  0  0  0  -0.00288475  0  0  0
0.600872  0  -0.00298184  -0.000315627  0  0  0  0  0  0  0  -0.00283647  0  0  0
0.612378  0  -0.00382069  -0.000201274  0  0  0  0  0  0  0  -0.00278152  0  0  0
0.62393  0  -0.00513805  -0.000123751  0  0  0  0  0  0  0  -0.00271698  0  0  0
0.635528  0  -0.00721554  -0.000102831  0  0  0  0  0  0  0  -0.0026383  0  0  0
0.64717  0  -0.0104916  -0.000170434  0  0  0  0  0  0  0  -0.00253849  0  0  0
0.658855  0  -0.0156328  -0.00037609  0  0  0  0  0  0  0  -0.00240697  0  0  0
0.670582  0  -0.0236086  -0.00079268  0  0  0  0  0  0  0  -0.00222844  0  0  0
0.68235  0  -0.0357266  -0.00151916  0  0  0  0  0  0  0  -0.00198233  0  0  0
0.694158  0  -0.0535195  -0.00267177  0  0  0  0  0  0  0  -0.00164452  0  0  0
0.706005  0  -0.0783196  -0.00435099  0  0  0  0  0  0  0  -0.00119397  0  0  0
0.71789  0  -0.110424  -0.00657688  0  0  0  0  0  0  0  -0.000625745  0  0  0
0.729812  0  -0.148165  -0.00921687  0  0  0  0  0  0  0  0.0345674  0  0  0
0.741771  0  -0.187748  -0.0119733  0  0  0  0  0  0  0  0.728307  0  0  0
0.753765  0  -0.224541  -0.0144833  0  0  0  0  0  0  0  1.38383  0  0  0
0.765793  0  -0.255052  -0.0164718  0  0  0  0  0  0  0  1.94731  0  0  0
0.777856  0  -0.27802  -0.0178362  0  0  0  0  0  0  0  2.39967  0  0  0
0.789952  0  -0.294063  -0.0186188  0  0  0  0  0  0  0  2.75114  0  0  0
0.80208  0  -0.304677  -0.0189298  0  0  0  0  0  0  0  3.02572  0  0  0
0.814239  0  -0.311441  -0.0188848  0  0  0  0  0  0  0  3.24875  0  0  0
0.82643  0  -0.315643  -0.0185764  0  0  0  0  0  0  0  3.44112  0  0  0
0.838651  0  -0.318206  -0.0180682  0  0  0  0  0  0  0  3.61812  0  0  0
0.850901  0  -0.319747  -0.0173995  0  0  0  0  0  0  0  3.79033  0  0  0
0.863181  0  -0.320661  -0.0165916  0  0  0  0  0  0  0  3.96491  0  0  0
0.875488  0  -0.321191  -0.0156536  0  0  0  0  0  0  0  4.14659  0  0  0
0.887824  0  -0.321488  -0.0145873  0  0  0  0  0  0  0  4.33835  0  0  0
0.900186  0  -0.321638  -0.0133899  0  0  0  0  0  0  0  4.54133  0  0  0
0.912576  0  -0.321693  -0.0120566  0  0  0  0  0  0  0  4.75371  0  0  0
0.924991  0  -0.321672  -0.0105842  0  0  0  0  0  0  0  4.9672  0  0  0
0.937432  0  -0.321563  -0.00897661  0  0  0  0  0  0  0  5.15813  0  0  0
0.949897  0  -0.321305  -0.00725482  0  0  0  0  0  0  0  5.26622  0  0  0
0.962388  0  -0.320733  -0.00547971  0  0  0  0  0  0  0  5.14943  0  0  0
0.974902  0  -0.319497  -0.00378644  0  0  0  0  0  0  0  4.5116  0  0  0
0.987439  0  -0.317043  -0.00239198  0  0  0  0  0  0  0  2.88806  0  0  0
1  0  -0.313041  -0.00143022  0  0  0  0  0  0  0  0  0  0  0
