1e-05  0  3.19444  2.06336  0  0  0  0  0  0  0  -0.818482  0  0  0
1.09199e-05  0  3.19446  2.10326  0  0  0  0  0  0  0  -0.818517  0  0  0
1.19243e-05  0  3.19448  2.13636  0  0  0  0  0  0  0  -0.818547  0  0  0
1.30212e-05  0  3.19449  2.16381  0  0  0  0  0  0  0  -0.818572  0  0  0
1.4219e-05  0  3.19451  2.18659  0  0  0  0  0  0  0  -0.818592  0  0  0
1.55269e-05  0  3.19452  2.20549  0  0  0  0  0  0  0  -0.818609  0  0  0
1.69551e-05  0  3.19452  2.22116  0  0  0  0  0  0  0  -0.818623  0  0  0
1.85147e-05  0  3.19453  2.23418  0  0  0  0  0  0  0  -0.818635  0  0  0
2.02177e-05  0  3.19454  2.24496  0  0  0  0  0  0  0  -0.818645  0  0  0
2.20773e-05  0  3.19454  2.25392  0  0  0  0  0  0  0  -0.818653  0  0  0
2.4108e-05  0  3.19454  2.26135  0  0  0  0  0  0  0  -0.81866  0  0  0
2.63254e-05  0  3.19455  2.26752  0  0  0  0  0  0  0  -0.818665  0  0  0
2.87468e-05  0  3.19455  2.27263  0  0  0  0  0  0  0  -0.81867  0  0  0
3.13908e-05  0  3.19455  2.27687  0  0  0  0  0  0  0  -0.818674  0  0  0
3.42779e-05  0  3.19455  2.28039  0  0  0  0  0  0  0  -0.818677  0  0  0
3.74305e-05  0  3.19456  2.28331  0  0  0  0  0  0  0  -0.818679  0  0  0
4.0873e-05  0  3.19456  2.28572  0  0  0  0  0  0  0  -0.818681  0  0  0
4.4632e-05  0  3.19456  2.28774  0  0  0  0  0  0  0  -0.818683  0  0  0
4.87366e-05  0  3.19456  2.28941  0  0  0  0  0  0  0  -0.818685  0  0  0
5.32186e-05  0  3.19456  2.29084  0  0  0  0  0  0  0  -0.818686  0  0  0
5.81127e-05  0  3.19456  2.29197  0  0  0  0  0  0  0  -0.818687  0  0  0
6.34566e-05  0  3.19456  2.29293  0  0  0  0  0  0  0  -0.818688  0  0  0
6.92917e-05  0  3.19456  2.29373  0  0  0  0  0  0  0  -0.818689  0  0  0
7.56631e-05  0  3.19457  2.29438  0  0  0  0  0  0  0  -0.818689  0  0  0
8.26202e-05  0  3.19457  2.29491  0  0  0  0  0  0  0  -0.81869  0  0  0
9.02165e-05  0  3.19457  2.29537  0  0  0  0  0  0  0  -0.81869  0  0  0
9.85109e-05  0  3.19457  2.29575  0  0  0  0  0  0  0  -0.81869  0  0  0
0.000107567  0  3.19457  2.29607  0  0  0  0  0  0  0  -0.818691  0  0  0
0.000117456  0  3.19457  2.29631  0  0  0  0  0  0  0  -0.818691  0  0  0
0.000128253  0  3.19457  2.29653  0  0  0  0  0  0  0  -0.818691  0  0  0
0.000140041  0  3.19458  2.29672  0  0  0  0  0  0  0  -0.818691  0  0  0
0.000152912  0  3.19458  2.29686  0  0  0  0  0  0  0  -0.818691  0  0  0
0.000166965  0  3.19457  2.29698  0  0  0  0  0  0  0  -0.818692  0  0  0
0.000182307  0  3.19457  2.29708  0  0  0  0  0  0  0  -0.818692  0  0  0
0.000199058  0  3.19458  2.29718  0  0  0  0  0  0  0  -0.818692  0  0  0
0.000217347  0  3.19458  2.29725  0  0  0  0  0  0  0  -0.818692  0  0  0
0.000237312  0  3.19459  2.2973  0  0  0  0  0  0  0  -0.818692  0  0  0
0.00025911  0  3.1946  2.29734  0  0  0  0  0  0  0  -0.818692  0  0  0
0.000282906  0  3.19459  2.29742  0  0  0  0  0  0  0  -0.818692  0  0  0
0.000308883  0  3.19461  2.29745  0  0  0  0  0  0  0  -0.818692  0  0  0
0.00033724  0  3.19462  2.29744  0  0  0  0  0  0  0  -0.818692  0  0  0
0.000368196  0  3.19462  2.29746  0  0  0  0  0  0  0  -0.818692  0  0  0
0.000401985  0  3.19463  2.29752  0  0  0  0  0  0  0  -0.818692  0  0  0
0.000438868  0  3.19465  2.29754  0  0  0  0  0  0  0  -0.818692  0  0  0
0.000479125  0  3.19467  2.29754  0  0  0  0  0  0  0  -0.818692  0  0  0
0.000523063  0  3.19469  2.2976  0  0  0  0  0  0  0  -0.818692  0  0  0
0.000571017  0  3.1947  2.29757  0  0  0  0  0  0  0  -0.818692  0  0  0
0.000623351  0  3.19473  2.29757  0  0  0  0  0  0  0  -0.818692  0  0  0
0.000680461  0  3.19476  2.29765  0  0  0  0  0  0  0  -0.818692  0  0  0
0.000742781  0  3.1948  2.29765  0  0  0  0  0  0  0  -0.818692  0  0  0
0.000810781  0  3.19484  2.29768  0  0  0  0  0  0  0  -0.818692  0  0  0
0.000884973  0  3.1949  2.29768  0  0  0  0  0  0  0  -0.818692  0  0  0
0.000965915  0  3.19495  2.29771  0  0  0  0  0  0  0  -0.818692  0  0  0
0.00105421  0  3.19502  2.29774  0  0  0  0  0  0  0  -0.818692  0  0  0
0.00115053  0  3.19512  2.29777  0  0  0  0  0  0  0  -0.818692  0  0  0
0.00125558  0  3.19521  2.2978  0  0  0  0  0  0  0  -0.818692  0  0  0
0.00137014  0  3.19534  2.29786  0  0  0  0  0  0  0  -0.818692  0  0  0
0.00149506  0  3.19548  2.29792  0  0  0  0  0  0  0  -0.818692  0  0  0
0.00163126  0  3.19565  2.29798  0  0  0  0  0  0  0  -0.818692  0  0  0
0.00177974  0  3.19585  2.29804  0  0  0  0  0  0  0  -0.818692  0  0  0
0.00194158  0  3.19608  2.2981  0  0  0  0  0  0  0  -0.818692  0  0  0
0.00211795  0  3.19637  2.2982  0  0  0  0  0  0  0  -0.818692  0  0  0
0.00231012  0  3.1967  2.29832  0  0  0  0  0  0  0  -0.818691  0  0  0
0.00251947  0  3.19708  2.29844  0  0  0  0  0  0  0  -0.818691  0  0  0
0.00274748  0  3.19756  2.29856  0  0  0  0  0  0  0  -0.818691  0  0  0
0.00299576  0  3.1981  2.29875  0  0  0  0  0  0  0  -0.818691  0  0  0
0.00326605  0  3.19873  2.29893  0  0  0  0  0  0  0  -0.818691  0  0  0
0.00356021  0  3.19949  2.29917  0  0  0  0  0  0  0  -0.81869  0  0  0
0.00388027  0  3.20038  2.29945  0  0  0  0  0  0  0  -0.81869  0  0  0
0.00422838  0  3.20142  2.29972  0  0  0  0  0  0  0  -0.818689  0  0  0
0.00460689  0  3.20265  2.30009  0  0  0  0  0  0  0  -0.818688  0  0  0
0.00501829  0  3.20407  2.30052  0  0  0  0  0  0  0  -0.818687  0  0  0
0.00546526  0  3.20577  2.30094  0  0  0  0  0  0  0  -0.818686  0  0  0
0.00595067  0  3.20772  2.30149  0  0  0  0  0  0  0  -0.818684  0  0  0
0.00647757  0  3.21001  2.30213  0  0  0  0  0  0  0  -0.818682  0  0  0
0.00704924  0  3.21267  2.3028  0  0  0  0  0  0  0  -0.818679  0  0  0
0.00766915  0  3.21579  2.3036  0  0  0  0  0  0  0  -0.818676  0  0  0
0.00834097  0  3.21939  2.30448  0  0  0  0  0  0  0  -0.818672  0  0  0
0.0090686  0  3.22356  2.30549  0  0  0  0  0  0  0  -0.818667  0  0  0
0.00985616  0  3.22839  2.30659  0  0  0  0  0  0  0  -0.818661  0  0  0
0.010708  0  3.23396  2.30781  0  0  0  0  0  0  0  -0.818654  0  0  0
0.0116286  0  3.24034  2.30918  0  0  0  0  0  0  0  -0.818645  0  0  0
0.0126229  0  3.24769  2.31068  0  0  0  0  0  0  0  -0.818633  0  0  0
0.0136956  0  3.25608  2.31226  0  0  0  0  0  0  0  -0.81862  0  0  0
0.0148521  0  3.26564  2.31394  0  0  0  0  0  0  0  -0.818603  0  0  0
0.0160977  0  3.27648  2.31574  0  0  0  0  0  0  0  -0.818583  0  0  0
0.0174377  0  3.28875  2.31757  0  0  0  0  0  0  0  -0.818559  0  0  0
0.0188781  0  3.30254  2.31941  0  0  0  0  0  0  0  -0.818529  0  0  0
0.0204243  0  3.31801  2.32115  0  0  0  0  0  0  0  -0.818493  0  0  0
0.0220824  0  3.33527  2.32273  0  0  0  0  0  0  0  -0.818449  0  0  0
0.0238583  0  3.35441  2.32407  0  0  0  0  0  0  0  -0.818397  0  0  0
0.0257578  0  3.37549  2.32502  0  0  0  0  0  0  0  -0.818334  0  0  0
0.027787  0  3.39858  2.32533  0  0  0  0  0  0  0  -0.818259  0  0  0
0.0299516  0  3.42369  2.32481  0  0  0  0  0  0  0  -0.818169  0  0  0
0.0322576  0  3.45081  2.32322  0  0  0  0  0  0  0  -0.818063  0  0  0
0.0347104  0  3.4798  2.32017  0  0  0  0  0  0  0  -0.817936  0  0  0
0.0373157  0  3.51055  2.31529  0  0  0  0  0  0  0  -0.817787  0  0  0
0.0400785  0  3.5428  2.30818  0  0  0  0  0  0  0  -0.817612  0  0  0
0.043004  0  3.57623  2.2982  0  0  0  0  0  0  0  -0.817407  0  0  0
0.0460967  0  3.61043  2.28486  0  0  0  0  0  0  0  -0.817167  0  0  0
0.0493609  0  3.64489  2.26743  0  0  0  0  0  0  0  -0.816889  0  0  0
0.0528007  0  3.679  2.24522  0  0  0  0  0  0  0  -0.816568  0  0  0
0.0564196  0  3.71204  2.21745  0  0  0  0  0  0  0  -0.816199  0  0  0
0.0602206  0  3.74318  2.18321  0  0  0  0  0  0  0  -0.815777  0  0  0
0.0642064  0  3.77154  2.1417  0  0  0  0  0  0  0  -0.815297  0  0  0
0.0683793  0  3.79617  2.09202  0  0  0  0  0  0  0  -0.814753  0  0  0
0.072741  0  3.81605  2.03321  0  0  0  0  0  0  0  -0.814141  0  0  0
0.0772927  0  3.83015  1.9644  0  0  0  0  0  0  0  -0.813456  0  0  0
0.0820352  0  3.83745  1.88484  0  0  0  0  0  0  0  -0.812695  0  0  0
0.0869689  0  3.83695  1.79372  0  0  0  0  0  0  0  -0.811853  0  0  0
0.0920937  0  3.82777  1.69043  0  0  0  0  0  0  0  -0.810928  0  0  0
0.097409  0  3.80914  1.57447  0  0  0  0  0  0  0  -0.809917  0  0  0
0.102914  0  3.78039  1.44547  0  0  0  0  0  0  0  -0.80882  0  0  0
0.108607  0  3.74108  1.30327  0  0  0  0  0  0  0  -0.807638  0  0  0
0.114487  0  3.69096  1.14781  0  0  0  0  0  0  0  -0.80637  0  0  0
0.120552  0  3.62997  0.979219  0  0  0  0  0  0  0  -0.805021  0  0  0
0.126799  0  3.55832  0.797643  0  0  0  0  0  0  0  -0.803592  0  0  0
0.133226  0  3.47642  0.603078  0  0  0  0  0  0  0  -0.802089  0  0  0
0.13983  0  3.38491  0.394913  0  0  0  0  0  0  0  -0.800515  0  0  0
0.146608  0  3.28462  0.170962  0  0  0  0  0  0  0  -0.798876  0  0  0
0.153557  0  3.17654  -7.49605e-05  0  0  0  0  0  0  0  -0.797172  0  0  0
0.160674  0  3.06183  -0.000358417  0  0  0  0  0  0  0  -0.795396  0  0  0
0.167955  0  2.94165  -0.000717617  0  0  0  0  0  0  0  -0.793521  0  0  0
0.175396  0  2.81726  -0.00124543  0  0  0  0  0  0  0  -0.791472  0  0  0
0.182995  0  2.68986  -0.00216964  0  0  0  0  0  0  0  -0.789052  0  0  0
0.190747  0  2.56041  -0.00405328  0  0  0  0  0  0  0  -0.785761  0  0  0
0.198649  0  2.42942  -0.00829968  0  0  0  0  0  0  0  -0.780345  0  0  0
0.206698  0  2.2962  -0.0183946  0  0  0  0  0  0  0  -0.769674  0  0  0
0.214888  0  2.15752  -0.0427069  0  0  0  0  0  0  0  -0.746227  0  0  0
0.223217  0  2.00506  -0.0991389  0  0  0  0  0  0  0  -0.693903  0  0  0
0.231682  0  1.82578  -0.214755  0  0  0  0  0  0  0  -0.588359  0  0  0
0.240277  0  1.61686  -0.396079  0  0  0  0  0  0  0  -0.423731  0  0  0
0.249001  0  1.40827  -0.584759  0  0  0  0  0  0  0  -0.25252  0  0  0
0.257849  0  1.23521  -0.711563  0  0  0  0  0  0  0  -0.13701  0  0  0
0.266818  0  1.09942  -0.773172  0  0  0  0  0  0  0  -0.0801913  0  0  0
0.275904  0  0.98621  -0.7982  0  0  0  0  0  0  0  -0.0563232  0  0  0
0.285104  0  0.884635  -0.807589  0  0  0  0  0  0  0  -0.0465674  0  0  0
0.294416  0  0.78938  -0.811037  0  0  0  0  0  0  0  -0.0421985  0  0  0
0.303834  0  0.697933  -0.812346  0  0  0  0  0  0  0  -0.0397966  0  0  0
0.313358  0  0.609018  -0.812905  0  0  0  0  0  0  0  -0.038112  0  0  0
0.322983  0  0.521689  -0.813204  0  0  0  0  0  0  0  -0.0367031  0  0  0
0.332707  0  0.43516  -0.813412  0  0  0  0  0  0  0  -0.0354168  0  0  0
0.342526  0  0.348625  -0.813588  0  0  0  0  0  0  0  -0.0341997  0  0  0
0.352439  0  0.261303  -0.81375  0  0  0  0  0  0  0  -0.0330327  0  0  0
0.362442  0  0.172378  -0.813905  0  0  0  0  0  0  0  -0.0319079  0  0  0
0.372533  0  0.0811071  -0.814056  0  0  0  0  0  0  0  -0.0308213  0  0  0
0.382709  0  -1.32973e-05  -0.814204  0  0  0  0  0  0  0  -0.0297699  0  0  0
0.392967  0  -0.000111579  -0.81435  0  0  0  0  0  0  0  -0.0287508  0  0  0
0.403306  0  -0.000214448  -0.814494  0  0  0  0  0  0  0  -0.0277616  0  0  0
0.413723  0  -0.000322559  -0.814638  0  0  0  0  0  0  0  -0.0267998  0  0  0
0.424216  0  -0.000436602  -0.814781  0  0  0  0  0  0  0  -0.0258628  0  0  0
0.434783  0  -0.000557119  -0.814923  0  0  0  0  0  0  0  -0.0249484  0  0  0
0.445422  0  -0.00068482  -0.815066  0  0  0  0  0  0  0  -0.0240541  0  0  0
0.45613  0  -0.000819944  -0.81521  0  0  0  0  0  0  0  -0.0231777  0  0  0
0.466905  0  -0.000963304  -0.815355  0  0  0  0  0  0  0  -0.0223171  0  0  0
0.477747  0  -0.00111547  -0.815502  0  0  0  0  0  0  0  -0.0214703  0  0  0
0.488653  0  -0.00127749  -0.81565  0  0  0  0  0  0  0  -0.0206353  0  0  0
0.499621  0  -0.00145124  -0.8158  0  0  0  0  0  0  0  -0.0198106  0  0  0
0.510649  0  -0.00164165  -0.815951  0  0  0  0  0  0  0  -0.0189946  0  0  0
0.521736  0  -0.00186052  -0.8161  0  0  0  0  0  0  0  -0.0181862  0  0  0
0.532881  0  -0.00213702  -0.81624  0  0  0  0  0  0  0  -0.0173856  0  0  0
0.544082  0  -0.00254515  -0.816356  0  0  0  0  0  0  0  -0.0165948  0  0  0
0.555337  0  -0.00327085  -0.816402  0  0  0  0  0  0  0  -0.0158216  0  0  0
0.566644  0  -0.00477972  -0.816271  0  0  0  0  0  0  0  -0.0150872  0  0  0
0.578004  0  -0.00822867  -0.815692  0  0  0  0  0  0  0  -0.0144459  0  0  0
0.589413  0  -0.0164676  -0.813999  0  0  0  0  0  0  0  -0.0140334  0  0  0
0.600872  0  -0.0363915  -0.809576  0  0  0  0  0  0  0  -0.0141791  0  0  0
0.612378  0  -0.0840723  -0.798665  0  0  0  0  0  0  0  -0.015652  0  0  0
0.62393  0  -0.193889  -0.77322  0  0  0  0  0  0  0  -0.0200982  0  0  0
0.635528  0  -0.425402  -0.719302  0  0  0  0  0  0  0  -0.0303698  0  0  0
0.64717  0  -0.834632  -0.623804  0  0  0  0  0  0  0  -0.0491491  0  0  0
0.658855  0  -1.37584  -0.497428  0  0  0  0  0  0  0  -0.0742455  0  0  0
0.670582  0  -1.87257  -0.381466  0  0  0  0  0  0  0  -0.0972073  0  0  0
0.68235  0  -2.19803  -0.305588  0  0  0  0  0  0  0  -0.111962  0  0  0
0.694158  0  -2.3674  -0.266242  0  0  0  0  0  0  0  -0.119236  0  0  0
0.706005  0  -2.44535  -0.248297  0  0  0  0  0  0  0  -0.122126  0  0  0
0.71789  0  -2.47935  -0.240638  0  0  0  0  0  0  0  -0.122907  0  0  0
0.729812  0  -2.49235  -0.237047  0  0  0  0  0  0  0  -0.122518  0  0  0
0.741771  0  -2.20917  -0.152341  0  0  0  0  0  0  0  -0.0800679  0  0  0
0.753765  0  -1.6693  4.60138  0  0  0  0  0  0  0  -0.000803192  0  0  0
0.765793  0  -1.66443  6.47858  0  0  0  0  0  0  0  0.913757  0  0  0
0.777856  0  -1.66549  6.3526  0  0  0  0  0  0  0  1.72134  0  0  0
0.789952  0  -1.6665  6.15091  0  0  0  0  0  0  0  2.52011  0  0  0
0.80208  0  -1.66766  5.91452  0  0  0  0  0  0  0  3.29474  0  0  0
0.814239  0  -1.66913  5.65543  0  0  0  0  0  0  0  4.02487  0  0  0
0.82643  0  -1.67105  5.3761  0  0  0  0  0  0  0  4.68597  0  0  0
0.838651  0  -1.67356  5.07458  0  0  0  0  0  0  0  5.24878  0  0  0
0.850901  0  -1.67677  4.7478  0  0  0  0  0  0  0  5.67984  0  0  0
0.863181  0  -1.68071  4.39194  0  0  0  0  0  0  0  5.94495  0  0  0
0.875488  0  -1.68536  4.00494  0  0  0  0  0  0  0  6.01376  0  0  0
0.887824  0  -1.69054  3.58713  0  0  0  0  0  0  0  5.86655  0  0  0
0.900186  0  -1.69591  3.1424  0  0  0  0  0  0  0  5.50064  0  0  0
0.912576  0  -1.70105  2.67841  0  0  0  0  0  0  0  4.93466  0  0  0
0.924991  0  -1.70546  2.2056  0  0  0  0  0  0  0  4.20938  0  0  0
0.937432  0  -1.70874  1.73541  0  0  0  0  0  0  0  3.38373  0  0  0
0.949897  0  -1.71065  1.27805  0  0  0  0  0  0  0  2.52698  0  0  0
0.962388  0  -1.71126  0.840576  0  0  0  0  0  0  0  1.71002  0  0  0
0.974902  0  -1.71091  0.425781  0  0  0  0  0  0  0  0.997559  0  0  0
0.987439  0  -1.71016  0.0375061  0  0  0  0  0  0  0  0.441284  0  0  0
1  0  -1.70844  0  0  0  0  0  0  0  0  0  0  0  0
