1e-05  0  -0.00178898  -0.00474354  0  0  0  0  0  0  0  62.6422  0  0  0
1.09199e-05  0  -0.0017825  -0.00474607  0  0  0  0  0  0  0  62.2968  0  0  0
1.19243e-05  0  -0.00177561  -0.00474847  0  0  0  0  0  0  0  61.9373  0  0  0
1.30212e-05  0  -0.00176828  -0.00475072  0  0  0  0  0  0  0  61.5631  0  0  0
1.4219e-05  0  -0.0017605  -0.00475277  0  0  0  0  0  0  0  61.1737  0  0  0
1.55269e-05  0  -0.00175222  -0.00475461  0  0  0  0  0  0  0  60.7687  0  0  0
1.69551e-05  0  -0.00174345  -0.00475621  0  0  0  0  0  0  0  60.3474  0  0  0
1.85147e-05  0  -0.00173414  -0.00475753  0  0  0  0  0  0  0  59.9094  0  0  0
2.02177e-05  0  -0.00172427  -0.00475855  0  0  0  0  0  0  0  59.4543  0  0  0
2.20773e-05  0  -0.0017138  -0.00475924  0  0  0  0  0  0  0  58.9813  0  0  0
2.4108e-05  0  -0.00170272  -0.00475954  0  0  0  0  0  0  0  58.4902  0  0  0
2.63254e-05  0  -0.00169098  -0.00475941  0  0  0  0  0  0  0  57.9803  0  0  0
2.87468e-05  0  -0.00167855  -0.00475881  0  0  0  0  0  0  0  57.4512  0  0  0
3.13908e-05  0  -0.00166542  -0.00475769  0  0  0  0  0  0  0  56.9024  0  0  0
3.42779e-05  0  -0.00165151  -0.004756  0  0  0  0  0  0  0  56.3335  0  0  0
3.74305e-05  0  -0.00163683  -0.00475368  0  0  0  0  0  0  0  55.7441  0  0  0
4.0873e-05  0  -0.00162132  -0.00475066  0  0  0  0  0  0  0  55.1337  0  0  0
4.4632e-05  0  -0.00160494  -0.00474688  0  0  0  0  0  0  0  54.5019  0  0  0
4.87366e-05  0  -0.00158765  -0.00474226  0  0  0  0  0  0  0  53.8485  0  0  0
5.32186e-05  0  -0.00156941  -0.00473673  0  0  0  0  0  0  0  53.1731  0  0  0
5.81127e-05  0  -0.00155018  -0.00473021  0  0  0  0  0  0  0  52.4755  0  0  0
6.34566e-05  0  -0.00152992  -0.0047226  0  0  0  0  0  0  0  51.7554  0  0  0
6.92917e-05  0  -0.00150857  -0.00471381  0  0  0  0  0  0  0  51.0127  0  0  0
7.56631e-05  0  -0.00148609  -0.00470374  0  0  0  0  0  0  0  50.2473  0  0  0
8.26202e-05  0  -0.00146244  -0.0046923  0  0  0  0  0  0  0  49.4592  0  0  0
9.02165e-05  0  -0.00143756  -0.00467936  0  0  0  0  0  0  0  48.6483  0  0  0
9.85109e-05  0  -0.00141142  -0.0046648  0  0  0  0  0  0  0  47.8148  0  0  0
0.000107567  0  -0.00138395  -0.0046485  0  0  0  0  0  0  0  46.959  0  0  0
0.000117456  0  -0.00135511  -0.00463034  0  0  0  0  0  0  0  46.0809  0  0  0
0.000128253  0  -0.00132484  -0.00461017  0  0  0  0  0  0  0  45.181  0  0  0
0.000140041  0  -0.00129311  -0.00458784  0  0  0  0  0  0  0  44.2598  0  0  0
0.000152912  0  -0.00125984  -0.00456322  0  0  0  0  0  0  0  43.3178  0  0  0
0.000166965  0  -0.001225  -0.00453615  0  0  0  0  0  0  0  42.3556  0  0  0
0.000182307  0  -0.00118853  -0.00450646  0  0  0  0  0  0  0  41.3741  0  0  0
0.000199058  0  -0.00115038  -0.004474  0  0  0  0  0  0  0  40.3739  0  0  0
0.000217347  0  -0.00111051  -0.00443858  0  0  0  0  0  0  0  39.3563  0  0  0
0.000237312  0  -0.00106886  -0.00440005  0  0  0  0  0  0  0  38.3221  0  0  0
0.00025911  0  -0.00102538  -0.00435822  0  0  0  0  0  0  0  37.2726  0  0  0
0.000282906  0  -0.000980041  -0.00431291  0  0  0  0  0  0  0  36.2092  0  0  0
0.000308883  0  -0.000932787  -0.00426395  0  0  0  0  0  0  0  35.1332  0  0  0
0.00033724  0  -0.000883603  -0.00421116  0  0  0  0  0  0  0  34.0462  0  0  0
0.000368196  0  -0.000832415  -0.00415436  0  0  0  0  0  0  0  32.9497  0  0  0
0.000401985  0  -0.000779218  -0.00409336  0  0  0  0  0  0  0  31.8455  0  0  0
0.000438868  0  -0.000723972  -0.00402801  0  0  0  0  0  0  0  30.7354  0  0  0
0.000479125  0  -0.00066665  -0.00395813  0  0  0  0  0  0  0  29.6214  0  0  0
0.000523063  0  -0.000607243  -0.00388355  0  0  0  0  0  0  0  28.5052  0  0  0
0.000571017  0  -0.000545737  -0.00380415  0  0  0  0  0  0  0  27.3891  0  0  0
0.000623351  0  -0.000482103  -0.00371975  0  0  0  0  0  0  0  26.2751  0  0  0
0.000680461  0  -0.000416377  -0.00363025  0  0  0  0  0  0  0  25.1652  0  0  0
0.000742781  0  -0.000348523  -0.00353551  0  0  0  0  0  0  0  24.0617  0  0  0
0.000810781  0  -0.000278577  -0.00343545  0  0  0  0  0  0  0  22.9666  0  0  0
0.000884973  0  -0.000206554  -0.00332997  0  0  0  0  0  0  0  21.8822  0  0  0
0.000965915  0  -0.00013249  -0.00321903  0  0  0  0  0  0  0  20.8106  0  0  0
0.00105421  0  -5.64165e-05  -0.00310257  0  0  0  0  0  0  0  19.7539  0  0  0
0.00115053  0  0.0216312  -0.00298057  0  0  0  0  0  0  0  18.7141  0  0  0
0.00125558  0  0.101579  -0.00285304  0  0  0  0  0  0  0  17.6932  0  0  0
0.00137014  0  0.183383  -0.00272001  0  0  0  0  0  0  0  16.6931  0  0  0
0.00149506  0  0.266947  -0.00258152  0  0  0  0  0  0  0  15.7156  0  0  0
0.00163126  0  0.352205  -0.00243769  0  0  0  0  0  0  0  14.7625  0  0  0
0.00177974  0  0.439062  -0.00228859  0  0  0  0  0  0  0  13.8351  0  0  0
0.00194158  0  0.527406  -0.0021344  0  0  0  0  0  0  0  12.9351  0  0  0
0.00211795  0  0.617127  -0.00197526  0  0  0  0  0  0  0  12.0636  0  0  0
0.00231012  0  0.708108  -0.00181137  0  0  0  0  0  0  0  11.2218  0  0  0
0.00251947  0  0.80023  -0.00164298  0  0  0  0  0  0  0  10.4105  0  0  0
0.00274748  0  0.893354  -0.00147032  0  0  0  0  0  0  0  9.63069  0  0  0
0.00299576  0  0.987325  -0.00129367  0  0  0  0  0  0  0  8.88279  0  0  0
0.00326605  0  1.08199  -0.00111334  0  0  0  0  0  0  0  8.16727  0  0  0
0.00356021  0  1.1772  -0.000929657  0  0  0  0  0  0  0  7.48433  0  0  0
0.00388027  0  1.27279  -0.000742966  0  0  0  0  0  0  0  6.83403  0  0  0
0.00422838  0  1.3686  -0.000553631  0  0  0  0  0  0  0  6.21622  0  0  0
0.00460689  0  1.46446  -0.00036203  0  0  0  0  0  0  0  5.63056  0  0  0
0.00501829  0  1.56018  -0.000168575  0  0  0  0  0  0  0  5.07659  0  0  0
0.00546526  0  1.6556  0.0263329  0  0  0  0  0  0  0  4.55362  0  0  0
0.00595067  0  1.75055  0.222286  0  0  0  0  0  0  0  4.06084  0  0  0
0.00647757  0  1.84483  0.418861  0  0  0  0  0  0  0  3.59729  0  0  0
0.00704924  0  1.93827  0.615623  0  0  0  0  0  0  0  3.16185  0  0  0
0.00766915  0  2.03071  0.812138  0  0  0  0  0  0  0  2.7533  0  0  0
0.00834097  0  2.12194  1.00799  0  0  0  0  0  0  0  2.37025  0  0  0
0.0090686  0  2.21175  1.20271  0  0  0  0  0  0  0  2.01128  0  0  0
0.00985616  0  2.29996  1.39587  0  0  0  0  0  0  0  1.67484  0  0  0
0.010708  0  2.38626  1.58698  0  0  0  0  0  0  0  1.35932  0  0  0
0.0116286  0  2.47036  1.77548  0  0  0  0  0  0  0  1.06314  0  0  0
0.0126229  0  2.55187  1.96075  0  0  0  0  0  0  0  0.784645  0  0  0
0.0136956  0  2.63026  2.14201  0  0  0  0  0  0  0  0.522333  0  0  0
0.0148521  0  2.70488  2.31825  0  0  0  0  0  0  0  0.274709  0  0  0
0.0160977  0  2.77501  2.48808  0  0  0  0  0  0  0  0.0403464  0  0  0
0.0174377  0  2.83988  2.64968  0  0  0  0  0  0  0  -0.000182126  0  0  0
0.0188781  0  2.89883  2.80071  0  0  0  0  0  0  0  -0.000394225  0  0  0
0.0204243  0  2.95167  2.93821  0  0  0  0  0  0  0  -0.000597836  0  0  0
0.0220824  0  2.99886  3.0589  0  0  0  0  0  0  0  -0.000795514  0  0  0
0.0238583  0  3.04189  3.1595  0  0  0  0  0  0  0  -0.000990829  0  0  0
0.0257578  0  3.08341  3.23756  0  0  0  0  0  0  0  -0.0011885  0  0  0
0.027787  0  3.12683  3.29251  0  0  0  0  0  0  0  -0.0013942  0  0  0
0.0299516  0  3.1757  3.32678  0  0  0  0  0  0  0  -0.00161396  0  0  0
0.0322576  0  3.23258  3.34654  0  0  0  0  0  0  0  -0.00185319  0  0  0
0.0347104  0  3.29784  3.36147  0  0  0  0  0  0  0  -0.0021154  0  0  0
0.0373157  0  3.3691  3.38325  0  0  0  0  0  0  0  -0.0024015  0  0  0
0.0400785  0  3.44149  3.42257  0  0  0  0  0  0  0  -0.0027096  0  0  0
0.043004  0  3.50892  3.48552  0  0  0  0  0  0  0  -0.00303577  0  0  0
0.0460967  0  3.56593  3.57041  0  0  0  0  0  0  0  -0.0033753  0  0  0
0.0493609  0  3.60934  3.66628  0  0  0  0  0  0  0  -0.00372392  0  0  0
0.0528007  0  3.6389  3.75388  0  0  0  0  0  0  0  -0.0040784  0  0  0
0.0564196  0  3.65682  3.80858  0  0  0  0  0  0  0  -0.00443613  0  0  0
0.0602206  0  3.6665  3.80421  0  0  0  0  0  0  0  -0.00479409  0  0  0
0.0642064  0  3.67101  3.71623  0  0  0  0  0  0  0  -0.00514753  0  0  0
0.0683793  0  3.67216  3.5231  0  0  0  0  0  0  0  -0.00548911  0  0  0
0.072741  0  3.67033  3.2059  0  0  0  0  0  0  0  -0.0058086  0  0  0
0.0772927  0  3.66482  2.7467  0  0  0  0  0  0  0  -0.00609322  0  0  0
0.0820352  0  3.65454  2.127  0  0  0  0  0  0  0  -0.00632825  0  0  0
0.0869689  0  3.63836  1.32679  0  0  0  0  0  0  0  -0.00649791  0  0  0
0.0920937  0  3.61543  0.324814  0  0  0  0  0  0  0  -0.00658635  0  0  0
0.097409  0  3.58514  -0.000900307  0  0  0  0  0  0  0  -0.00657881  0  0  0
0.102914  0  3.54712  -0.0023681  0  0  0  0  0  0  0  -0.0064629  0  0  0
0.108607  0  3.50106  -0.00409399  0  0  0  0  0  0  0  -0.0062302  0  0  0
0.114487  0  3.44678  -0.00608715  0  0  0  0  0  0  0  -0.00587778  0  0  0
0.120552  0  3.3842  -0.00834846  0  0  0  0  0  0  0  -0.00540951  0  0  0
0.126799  0  3.31329  -0.0108693  0  0  0  0  0  0  0  -0.00483699  0  0  0
0.133226  0  3.23415  -0.0136309  0  0  0  0  0  0  0  -0.00417971  0  0  0
0.13983  0  3.14704  -0.0166047  0  0  0  0  0  0  0  -0.00346455  0  0  0
0.146608  0  3.05229  -0.0197538  0  0  0  0  0  0  0  -0.00272438  0  0  0
0.153557  0  2.95036  -0.0230347  0  0  0  0  0  0  0  -0.00199601  0  0  0
0.160674  0  2.8418  -0.0264004  0  0  0  0  0  0  0  -0.00131764  0  0  0
0.167955  0  2.72724  -0.0298027  0  0  0  0  0  0  0  -0.000726264  0  0  0
0.175396  0  2.60736  -0.0331949  0  0  0  0  0  0  0  -0.000255208  0  0  0
0.182995  0  2.48289  -0.0365343  0  0  0  0  0  0  0  0.0680896  0  0  0
0.190747  0  2.35458  -0.0397834  0  0  0  0  0  0  0  0.223334  0  0  0
0.198649  0  2.22316  -0.0429112  0  0  0  0  0  0  0  0.198412  0  0  0
0.206698  0  2.08946  -0.0458932  0  0  0  0  0  0  0  -1.05095e-05  0  0  0
0.214888  0  1.95423  -0.0487113  0  0  0  0  0  0  0  -0.000399338  0  0  0
0.223217  0  1.81827  -0.0513534  0  0  0  0  0  0  0  -0.000956791  0  0  0
0.231682  0  1.68239  -0.0538124  0  0  0  0  0  0  0  -0.00166554  0  0  0
0.240277  0  1.54735  -0.0560855  0  0  0  0  0  0  0  -0.00250333  0  0  0
0.249001  0  1.41394  -0.0581733  0  0  0  0  0  0  0  -0.00344448  0  0  0
0.257849  0  1.28289  -0.0600787  0  0  0  0  0  0  0  -0.00446099  0  0  0
0.266818  0  1.15492  -0.0618065  0  0  0  0  0  0  0  -0.00552399  0  0  0
0.275904  0  1.03068  -0.0633628  0  0  0  0  0  0  0  -0.00660473  0  0  0
0.285104  0  0.910758  -0.0647543  0  0  0  0  0  0  0  -0.00767553  0  0  0
0.294416  0  0.795664  -0.065988  0  0  0  0  0  0  0  -0.00871074  0  0  0
0.303834  0  0.68585  -0.0670712  0  0  0  0  0  0  0  -0.00968716  0  0  0
0.313358  0  0.581635  -0.0680107  0  0  0  0  0  0  0  -0.0105847  0  0  0
0.322983  0  0.483289  -0.0688133  0  0  0  0  0  0  0  -0.0113864  0  0  0
0.332707  0  0.390975  -0.0694853  0  0  0  0  0  0  0  -0.0120789  0  0  0
0.342526  0  0.304752  -0.0700327  0  0  0  0  0  0  0  -0.0126519  0  0  0
0.352439  0  0.224657  -0.0704607  0  0  0  0  0  0  0  -0.0130988  0  0  0
0.362442  0  0.150586  -0.0707744  0  0  0  0  0  0  0  -0.0134156  0  0  0
0.372533  0  0.0824299  -0.0709783  0  0  0  0  0  0  0  -0.0136013  0  0  0
0.382709  0  0.0199962  -0.0710762  0  0  0  0  0  0  0  -0.0136575  0  0  0
0.392967  0  -3.69064e-05  -0.0710717  0  0  0  0  0  0  0  -0.0135877  0  0  0
0.403306  0  -8.85429e-05  -0.0709679  0  0  0  0  0  0  0  -0.0133975  0  0  0
0.413723  0  -0.000135156  -0.0707675  0  0  0  0  0  0  0  -0.0130938  0  0  0
0.424216  0  -0.000177012  -0.0704728  0  0  0  0  0  0  0  -0.0126848  0  0  0
0.434783  0  -0.00021439  -0.0700858  0  0  0  0  0  0  0  -0.0121799  0  0  0
0.445422  0  -0.000247548  -0.069608  0  0  0  0  0  0  0  -0.011589  0  0  0
0.45613  0  -0.00027675  -0.0690409  0  0  0  0  0  0  0  -0.0109225  0  0  0
0.466905  0  -0.000302218  -0.0683857  0  0  0  0  0  0  0  -0.0101915  0  0  0
0.477747  0  -0.000324196  -0.0676432  0  0  0  0  0  0  0  -0.00940699  0  0  0
0.488653  0  -0.000342903  -0.0668143  0  0  0  0  0  0  0  -0.00858017  0  0  0
0.499621  0  -0.000358547  -0.0658998  0  0  0  0  0  0  0  -0.00772216  0  0  0
0.510649  0  -0.000371303  -0.0649002  0  0  0  0  0  0  0  -0.00684402  0  0  0
0.521736  0  -0.000381349  -0.0638164  0  0  0  0  0  0  0  -0.00595643  0  0  0
0.532881  0  -0.000388854  -0.0626491  0  0  0  0  0  0  0  -0.00506985  0  0  0
0.544082  0  -0.000393973  -0.0613992  0  0  0  0  0  0  0  -0.00419423  0  0  0
0.555337  0  -0.000396845  -0.0600681  0  0  0  0  0  0  0  -0.00333903  0  0  0
0.566644  0  -0.000397604  -0.058657  0  0  0  0  0  0  0  -0.0025131  0  0  0
0.578004  0  -0.000396396  -0.0571679  0  0  0  0  0  0  0  -0.00172463  0  0  0
0.589413  0  -0.000393347  -0.0556031  0  0  0  0  0  0  0  -0.000980941  0  0  0
0.600872  0  -0.000388581  -0.0539652  0  0  0  0  0  0  0  -0.000288596  0  0  0
0.612378  0  -0.000382225  -0.0522576  0  0  0  0  0  0  0  0.346796  0  0  0
0.62393  0  -0.000374404  -0.0504843  0  0  0  0  0  0  0  0.920609  0  0  0
0.635528  0  -0.000365249  -0.0486499  0  0  0  0  0  0  0  1.42937  0  0  0
0.64717  0  -0.000354864  -0.0467595  0  0  0  0  0  0  0  1.87064  0  0  0
0.658855  0  -0.000343397  -0.0448193  0  0  0  0  0  0  0  2.24298  0  0  0
0.670582  0  -0.000330964  -0.0428357  0  0  0  0  0  0  0  2.54629  0  0  0
0.68235  0  -0.000317685  -0.0408161  0  0  0  0  0  0  0  2.78136  0  0  0
0.694158  0  -0.000303691  -0.0387683  0  0  0  0  0  0  0  2.95016  0  0  0
0.706005  0  -0.000289109  -0.0367007  0  0  0  0  0  0  0  3.05563  0  0  0
0.71789  0  -0.000274054  -0.0346219  0  0  0  0  0  0  0  3.10151  0  0  0
0.729812  0  -0.000258669  -0.0325412  0  0  0  0  0  0  0  3.09253  0  0  0
0.741771  0  -0.000243055  -0.0304677  0  0  0  0  0  0  0  3.03383  0  0  0
0.753765  0  -0.000227338  -0.0284105  0  0  0  0  0  0  0  2.93127  0  0  0
0.765793  0  -0.000211621  -0.0263788  0  0  0  0  0  0  0  2.79098  0  0  0
0.777856  0  -0.000196007  -0.0243814  0  0  0  0  0  0  0  2.61927  0  0  0
0.789952  0  -0.000180599  -0.0224265  0  0  0  0  0  0  0  2.42258  0  0  0
0.80208  0  -0.000165486  -0.0205221  0  0  0  0  0  0  0  2.20721  0  0  0
0.814239  0  -0.000150748  -0.018675  0  0  0  0  0  0  0  1.97922  0  0  0
0.82643  0  -0.00013646  -0.0168916  0  0  0  0  0  0  0  1.74431  0  0  0
0.838651  0  -0.000122658  -0.0151773  0  0  0  0  0  0  0  1.50774  0  0  0
0.850901  0  -0.00010943  -0.0135364  0  0  0  0  0  0  0  1.27427  0  0  0
0.863181  0  -9.67918e-05  -0.0119727  0  0  0  0  0  0  0  1.04804  0  0  0
0.875488  0  -8.47867e-05  -0.0104885  0  0  0  0  0  0  0  0.832575  0  0  0
0.887824  0  -7.34224e-05  -0.00908551  0  0  0  0  0  0  0  0.630762  0  0  0
0.900186  0  -6.27136e-05  -0.00776449  0  0  0  0  0  0  0  0.444909  0  0  0
0.912576  0  -5.2675e-05  -0.00652533  0  0  0  0  0  0  0  0.276676  0  0  0
0.924991  0  -4.32919e-05  -0.00536717  0  0  0  0  0  0  0  0.127231  0  0  0
0.937432  0  -3.45643e-05  -0.00428856  0  0  0  0  0  0  0  -2.81339e-06  0  0  0
0.949897  0  -2.64627e-05  -0.00328735  0  0  0  0  0  0  0  -0.000113343  0  0  0
0.962388  0  -1.89724e-05  -0.00236102  0  0  0  0  0  0  0  -0.000204487  0  0  0
0.974902  0  -1.20787e-05  -0.00150658  0  0  0  0  0  0  0  -0.000276825  0  0  0
0.987439  0  -5.75212e-06  -0.000720757  0  0  0  0  0  0  0  -0.000331173  0  0  0
1  0  0  0  0  0  0  0  0  0  0  -0.000368578  0  0  0
