0.370694
0.374422
0.354037
0.355643
0.357119
0.330401
0.330736
0.331054
0.331256
0.331502
0.305489
0.305012
0.304512
0.303997
0.303523
0.30297
0.301932
0.27673
0.275548
0.274337
0.273125
0.272052
0.270864
0.269139
0.267908
0.26647
0.241541
0.239754
0.23799
0.236447
0.234757
0.232431
0.230748
0.228905
0.227067
0.225434
0.188812
0.186582
0.184403
0.18252
0.180485
0.177707
0.175738
0.17361
0.171625
0.169774
0.167913
0.166014
0.120936
0.118821
0.116794
0.115069
0.113232
0.110721
0.10901
0.107183
0.105496
0.103935
0.102379
0.100867
0.0994193
0.0980465
0.0631884
0.062038
0.060834
0.0591682
0.0580901
0.056953
0.0559135
0.0549587
0.0540116
0.053095
0.0522196
0.0513905
0.050576
0.0267187
0.0262015
0.0256654
0.0251813
0.0247392
0.0243019
0.0238783
0.0234727
0.0230867
0.0227045
0.0223204
0.00865877
0.00851589
0.00837734
0.00824353
0.0081145
0.00798521
0.00785307
0.385683
0.388023
0.361256
0.362561
0.363683
0.331729
0.331657
0.331828
0.331972
0.30297
0.301932
0.301328
0.300643
0.299972
0.299313
0.267908
0.26647
0.265171
0.263941
0.262676
0.261413
0.230748
0.228905
0.227067
0.225434
0.223769
0.222128
0.220532
0.218997
0.17361
0.171625
0.169774
0.167913
0.166014
0.164252
0.162571
0.16091
0.159242
0.107183
0.105496
0.103935
0.102379
0.100867
0.0994193
0.0980465
0.0966391
0.0952955
0.0938572
0.056953
0.0559135
0.0549587
0.0540116
0.053095
0.0522196
0.0513905
0.050576
0.0497613
0.0488938
0.0479145
0.0256654
0.0251813
0.0247392
0.0243019
0.0238783
0.0234727
0.0230867
0.0227045
0.0223204
0.0219119
0.0214591
0.00865877
0.00851589
0.00837734
0.00824353
0.0081145
0.00798521
0.00785307
0.00770911
0.00754778
0.366278
0.367502
0.332069
0.332128
0.332136
0.332086
0.299972
0.299313
0.29861
0.297882
0.297156
0.265171
0.263941
0.262676
0.261413
0.260172
0.258959
0.257736
0.227067
0.225434
0.223769
0.222128
0.220532
0.218997
0.217466
0.215914
0.214235
0.169774
0.167913
0.166014
0.164252
0.162571
0.16091
0.159242
0.15746
0.155494
0.103935
0.102379
0.100867
0.0994193
0.0980465
0.0966391
0.0952955
0.0938572
0.0922879
0.0902073
0.0549587
0.0540116
0.053095
0.0522196
0.0513905
0.050576
0.0497613
0.0488938
0.0479145
0.0466534
0.0452978
0.0243019
0.0238783
0.0234727
0.0230867
0.0227045
0.0223204
0.0219119
0.0214591
0.0208489
0.0201756
0.00837734
0.00824353
0.0081145
0.00798521
0.00785307
0.00770911
0.00754778
0.0073267
0.00707951
