0.365249
0.368572
0.347933
0.349269
0.350505
0.325807
0.325881
0.325931
0.325862
0.325867
0.301964
0.301192
0.300391
0.299575
0.298837
0.297999
0.296671
0.273234
0.271761
0.270256
0.268753
0.267429
0.26597
0.263976
0.262471
0.260739
0.237553
0.235531
0.233536
0.231795
0.229893
0.227369
0.22547
0.223399
0.221355
0.219531
0.186256
0.183874
0.181544
0.17953
0.177352
0.174464
0.172345
0.170056
0.167924
0.165938
0.163944
0.161919
0.122845
0.120517
0.118272
0.116355
0.114306
0.111574
0.109645
0.107584
0.105683
0.103927
0.102179
0.100484
0.098866
0.0973356
0.0653733
0.0639766
0.0625064
0.0605415
0.0592061
0.0577966
0.0565105
0.0553337
0.0541721
0.0530538
0.051993
0.0509957
0.0500229
0.0265039
0.0258545
0.0251785
0.0245684
0.0240143
0.0234705
0.022949
0.0224555
0.0219922
0.02154
0.0210914
0.00875671
0.00857497
0.00840052
0.00823467
0.00807777
0.00792354
0.00776901
0.37859
0.380662
0.353916
0.354974
0.355861
0.325827
0.325495
0.325381
0.325211
0.297999
0.296671
0.295768
0.294759
0.293781
0.292836
0.262471
0.260739
0.259167
0.257682
0.256164
0.254655
0.22547
0.223399
0.221355
0.219531
0.217676
0.21585
0.21408
0.212381
0.170056
0.167924
0.165938
0.163944
0.161919
0.160039
0.158248
0.156479
0.154703
0.107584
0.105683
0.103927
0.102179
0.100484
0.098866
0.0973356
0.095777
0.0942857
0.0926937
0.0577966
0.0565105
0.0553337
0.0541721
0.0530538
0.051993
0.0509957
0.0500229
0.049057
0.0480372
0.0469004
0.0251785
0.0245684
0.0240143
0.0234705
0.022949
0.0224555
0.0219922
0.02154
0.0210914
0.0206194
0.0201055
0.00875671
0.00857497
0.00840052
0.00823467
0.00807777
0.00792354
0.00776901
0.00760415
0.00742316
0.357891
0.358831
0.325012
0.324789
0.324515
0.32419
0.293781
0.292836
0.291847
0.290842
0.289847
0.259167
0.257682
0.256164
0.254655
0.253179
0.251747
0.250311
0.221355
0.219531
0.217676
0.21585
0.21408
0.212381
0.210692
0.208981
0.207138
0.165938
0.163944
0.161919
0.160039
0.158248
0.156479
0.154703
0.152807
0.150719
0.103927
0.102179
0.100484
0.098866
0.0973356
0.095777
0.0942857
0.0926937
0.0909592
0.0886654
0.0553337
0.0541721
0.0530538
0.051993
0.0509957
0.0500229
0.049057
0.0480372
0.0469004
0.0454439
0.043894
0.0234705
0.022949
0.0224555
0.0219922
0.02154
0.0210914
0.0206194
0.0201055
0.0194263
0.0186933
0.00840052
0.00823467
0.00807777
0.00792354
0.00776901
0.00760415
0.00742316
0.00718148
0.00691896
