0.357935
0.361075
0.337827
0.339144
0.340364
0.318345
0.318421
0.318481
0.318425
0.318442
0.296772
0.295945
0.295103
0.294249
0.293482
0.292613
0.291282
0.269091
0.267529
0.265938
0.264353
0.262957
0.26142
0.259367
0.257776
0.255953
0.234554
0.232387
0.230239
0.228361
0.22631
0.223627
0.221565
0.219319
0.217112
0.215138
0.184595
0.181983
0.179406
0.17717
0.174744
0.171582
0.169206
0.166642
0.164258
0.162041
0.159824
0.157588
0.121215
0.118688
0.116243
0.114153
0.111914
0.108987
0.106863
0.104592
0.102498
0.100569
0.0986543
0.0968039
0.0950446
0.0933885
0.0641549
0.0626462
0.0610679
0.0590146
0.0575892
0.0560877
0.0547199
0.0534706
0.0522397
0.0510568
0.0499372
0.0488876
0.0478668
0.0265154
0.0258236
0.0251033
0.0244519
0.0238578
0.0232719
0.0227067
0.0221686
0.0216602
0.0211611
0.0206633
0.010117
0.00958048
0.00907114
0.00859375
0.00814953
0.00772029
0.00729804
0.370571
0.372543
0.343741
0.344786
0.345677
0.318416
0.318133
0.318022
0.317851
0.292613
0.291282
0.290344
0.289296
0.288279
0.287291
0.257776
0.255953
0.254295
0.25273
0.251128
0.249534
0.221565
0.219319
0.217112
0.215138
0.213133
0.211164
0.209257
0.207428
0.166642
0.164258
0.162041
0.159824
0.157588
0.155514
0.153544
0.151607
0.149669
0.104592
0.102498
0.100569
0.0986543
0.0968039
0.0950446
0.0933885
0.0917171
0.090119
0.0884244
0.0560877
0.0547199
0.0534706
0.0522397
0.0510568
0.0499372
0.0488876
0.0478668
0.0468563
0.0457929
0.0446148
0.0251033
0.0244519
0.0238578
0.0232719
0.0227067
0.0221686
0.0216602
0.0211611
0.0206633
0.0201369
0.01956
0.010117
0.00958048
0.00907114
0.00859375
0.00814953
0.00772029
0.00729804
0.00685661
0.00638261
0.347671
0.348593
0.317642
0.317405
0.317111
0.316765
0.288279
0.287291
0.286252
0.285191
0.284136
0.254295
0.25273
0.251128
0.249534
0.24797
0.246448
0.244918
0.217112
0.215138
0.213133
0.211164
0.209257
0.207428
0.205607
0.203762
0.201773
0.162041
0.159824
0.157588
0.155514
0.153544
0.151607
0.149669
0.147606
0.145342
0.100569
0.0986543
0.0968039
0.0950446
0.0933885
0.0917171
0.090119
0.0884244
0.0865888
0.0841782
0.0534706
0.0522397
0.0510568
0.0499372
0.0488876
0.0478668
0.0468563
0.0457929
0.0446148
0.04311
0.0415191
0.0232719
0.0227067
0.0221686
0.0216602
0.0211611
0.0206633
0.0201369
0.01956
0.0187933
0.0179626
0.00907114
0.00859375
0.00814953
0.00772029
0.00729804
0.00685661
0.00638261
0.00576767
0.00512328
