0.367156
0.370379
0.348677
0.349714
0.350662
0.326081
0.325888
0.325646
0.325274
0.325003
0.302202
0.301217
0.300198
0.299158
0.298221
0.297161
0.295612
0.272892
0.271266
0.269625
0.267992
0.266555
0.264975
0.26288
0.261244
0.259363
0.236812
0.234709
0.232638
0.230833
0.228866
0.226294
0.224322
0.22217
0.220045
0.218142
0.185397
0.182957
0.180559
0.17848
0.176226
0.173257
0.171045
0.168652
0.166418
0.164333
0.162236
0.160107
0.122331
0.119855
0.117455
0.1154
0.113198
0.110298
0.108203
0.105962
0.103892
0.10198
0.100077
0.0982319
0.0964708
0.0948069
0.0644499
0.0629383
0.0613363
0.0592429
0.0577647
0.0562006
0.0547714
0.0534633
0.0521726
0.0509307
0.0497544
0.048651
0.0475767
0.0276446
0.0267984
0.0259053
0.025092
0.0243503
0.0236209
0.0229216
0.0222616
0.0216442
0.021045
0.0204531
0.00949084
0.00902162
0.00857571
0.00815881
0.0077728
0.00740185
0.00703929
0.379689
0.381541
0.353091
0.353788
0.354298
0.324649
0.323997
0.323538
0.322985
0.297161
0.295612
0.294464
0.293179
0.291938
0.29074
0.261244
0.259363
0.257644
0.256013
0.254344
0.252681
0.224322
0.22217
0.220045
0.218142
0.216196
0.214274
0.212405
0.210605
0.168652
0.166418
0.164333
0.162236
0.160107
0.158122
0.156227
0.154351
0.152461
0.105962
0.103892
0.10198
0.100077
0.0982319
0.0964708
0.0948069
0.0931198
0.0914988
0.0897694
0.0562006
0.0547714
0.0534633
0.0521726
0.0509307
0.0497544
0.048651
0.0475767
0.0465123
0.0453918
0.04415
0.0259053
0.025092
0.0243503
0.0236209
0.0229216
0.0222616
0.0216442
0.021045
0.0204531
0.0198321
0.0191619
0.00949084
0.00902162
0.00857571
0.00815881
0.0077728
0.00740185
0.00703929
0.00666313
0.0062623
0.355466
0.355961
0.322418
0.321846
0.32122
0.320552
0.291938
0.29074
0.289496
0.288239
0.286998
0.257644
0.256013
0.254344
0.252681
0.251054
0.249474
0.247889
0.220045
0.218142
0.216196
0.214274
0.212405
0.210605
0.208811
0.20699
0.205023
0.164333
0.162236
0.160107
0.158122
0.156227
0.154351
0.152461
0.150439
0.148207
0.10198
0.100077
0.0982319
0.0964708
0.0948069
0.0931198
0.0914988
0.0897694
0.0878845
0.0853925
0.0534633
0.0521726
0.0509307
0.0497544
0.048651
0.0475767
0.0465123
0.0453918
0.04415
0.0425574
0.0408663
0.0236209
0.0229216
0.0222616
0.0216442
0.021045
0.0204531
0.0198321
0.0191619
0.0182854
0.0173522
0.00857571
0.00815881
0.0077728
0.00740185
0.00703929
0.00666313
0.0062623
0.0057478
0.00521569
