0.363046
0.366629
0.347383
0.348688
0.349902
0.329315
0.329133
0.32892
0.328601
0.328397
0.306712
0.305606
0.304465
0.303324
0.302317
0.301197
0.299553
0.276954
0.275235
0.273487
0.271756
0.270243
0.26859
0.266388
0.264717
0.262818
0.24025
0.238129
0.236049
0.234244
0.232281
0.229704
0.227765
0.225656
0.223583
0.22174
0.188786
0.186375
0.184038
0.182033
0.179877
0.177013
0.174935
0.172695
0.170611
0.168669
0.16672
0.164738
0.122197
0.119929
0.117759
0.115916
0.113958
0.111326
0.109501
0.107556
0.105764
0.104107
0.102456
0.100851
0.0993144
0.0978562
0.0639273
0.0626642
0.061323
0.0594964
0.0582643
0.0569599
0.0557657
0.0546686
0.0535811
0.0525297
0.0515276
0.0505808
0.0496523
0.027516
0.0268077
0.0260569
0.0253703
0.0247416
0.024121
0.0235238
0.0229578
0.0224259
0.0219067
0.0213915
0.00913389
0.00882044
0.00852057
0.0082386
0.00797612
0.00772255
0.00747337
0.37773
0.380088
0.353316
0.35441
0.355337
0.328139
0.32757
0.327273
0.326931
0.301197
0.299553
0.298401
0.297139
0.295947
0.294824
0.264717
0.262818
0.261102
0.259496
0.257871
0.256274
0.227765
0.225656
0.223583
0.22174
0.219869
0.218033
0.216259
0.214565
0.172695
0.170611
0.168669
0.16672
0.164738
0.162894
0.161137
0.1594
0.157653
0.107556
0.105764
0.104107
0.102456
0.100851
0.0993144
0.0978562
0.0963629
0.0949302
0.0933919
0.0569599
0.0557657
0.0546686
0.0535811
0.0525297
0.0515276
0.0505808
0.0496523
0.0487254
0.0477414
0.046637
0.0260569
0.0253703
0.0247416
0.024121
0.0235238
0.0229578
0.0224259
0.0219067
0.0213915
0.0208483
0.0202582
0.00913389
0.00882044
0.00852057
0.0082386
0.00797612
0.00772255
0.00747337
0.00721337
0.0069345
0.357555
0.358616
0.326594
0.326265
0.325902
0.325511
0.295947
0.294824
0.293678
0.292541
0.291437
0.261102
0.259496
0.257871
0.256274
0.25473
0.253248
0.251775
0.223583
0.22174
0.219869
0.218033
0.216259
0.214565
0.212888
0.211199
0.209386
0.168669
0.16672
0.164738
0.162894
0.161137
0.1594
0.157653
0.155788
0.153734
0.104107
0.102456
0.100851
0.0993144
0.0978562
0.0963629
0.0949302
0.0933919
0.0917079
0.0894687
0.0546686
0.0535811
0.0525297
0.0515276
0.0505808
0.0496523
0.0487254
0.0477414
0.046637
0.04521
0.0436756
0.024121
0.0235238
0.0229578
0.0224259
0.0219067
0.0213915
0.0208483
0.0202582
0.0194796
0.0186412
0.00852057
0.0082386
0.00797612
0.00772255
0.00747337
0.00721337
0.0069345
0.00657344
0.00619582
