0.371122
0.374736
0.352278
0.35371
0.355016
0.329856
0.329949
0.330009
0.329938
0.329933
0.307101
0.306282
0.305429
0.304554
0.303759
0.302851
0.30146
0.279054
0.277448
0.275808
0.274169
0.272724
0.271131
0.268999
0.267347
0.265452
0.242435
0.240262
0.238114
0.236237
0.234188
0.231507
0.229449
0.227205
0.224996
0.22302
0.19135
0.18877
0.186236
0.184042
0.181666
0.178552
0.176225
0.173712
0.17137
0.169188
0.166999
0.164783
0.12655
0.12395
0.121436
0.119286
0.116987
0.113964
0.11179
0.10947
0.107332
0.105362
0.103405
0.101511
0.0997069
0.098006
0.0660535
0.0645279
0.0629188
0.0608065
0.0593353
0.0577815
0.0563642
0.0550691
0.0537931
0.0525672
0.0514076
0.0503209
0.0492643
0.0270416
0.0262862
0.0254986
0.0247879
0.0241434
0.0235124
0.022909
0.0223406
0.0218095
0.021294
0.0207852
0.00855318
0.00831022
0.00807952
0.00786296
0.00766092
0.00746506
0.00727161
0.385493
0.387689
0.358564
0.359641
0.360546
0.329872
0.32953
0.329366
0.329132
0.302851
0.30146
0.300465
0.299347
0.298259
0.297201
0.267347
0.265452
0.263724
0.262088
0.260415
0.258749
0.229449
0.227205
0.224996
0.22302
0.221007
0.219025
0.217103
0.215257
0.173712
0.17137
0.169188
0.166999
0.164783
0.162722
0.16076
0.158823
0.156879
0.10947
0.107332
0.105362
0.103405
0.101511
0.0997069
0.098006
0.0962842
0.0946346
0.0928795
0.0577815
0.0563642
0.0550691
0.0537931
0.0525672
0.0514076
0.0503209
0.0492643
0.0482187
0.0471189
0.0459004
0.0254986
0.0247879
0.0241434
0.0235124
0.022909
0.0223406
0.0218095
0.021294
0.0207852
0.0202523
0.0196762
0.00855318
0.00831022
0.00807952
0.00786296
0.00766092
0.00746506
0.00727161
0.00706836
0.00684876
0.362545
0.36345
0.32886
0.32856
0.328199
0.327784
0.298259
0.297201
0.296093
0.294965
0.293844
0.263724
0.262088
0.260415
0.258749
0.257119
0.255536
0.253947
0.224996
0.22302
0.221007
0.219025
0.217103
0.215257
0.21342
0.211559
0.209553
0.169188
0.166999
0.164783
0.162722
0.16076
0.158823
0.156879
0.154802
0.152517
0.105362
0.103405
0.101511
0.0997069
0.098006
0.0962842
0.0946346
0.0928795
0.0909718
0.0884566
0.0550691
0.0537931
0.0525672
0.0514076
0.0503209
0.0492643
0.0482187
0.0471189
0.0459004
0.0443435
0.0426955
0.0235124
0.022909
0.0223406
0.0218095
0.021294
0.0207852
0.0202523
0.0196762
0.0189216
0.0181161
0.00807952
0.00786296
0.00766092
0.00746506
0.00727161
0.00706836
0.00684876
0.00656136
0.00625652
