0.366207
0.369465
0.346701
0.347754
0.348693
0.326359
0.326003
0.325576
0.325006
0.32455
0.302878
0.301636
0.300336
0.299012
0.297825
0.296488
0.294636
0.271994
0.270234
0.268429
0.266624
0.265032
0.263278
0.261004
0.259186
0.257109
0.23621
0.234083
0.231977
0.230137
0.228124
0.225522
0.223489
0.221265
0.219072
0.217104
0.187434
0.184953
0.182532
0.180443
0.178186
0.175223
0.173017
0.170628
0.168397
0.166312
0.164214
0.162081
0.122014
0.11961
0.117293
0.115316
0.113206
0.110406
0.108416
0.10629
0.104328
0.102513
0.100705
0.0989476
0.097266
0.0956726
0.06322
0.0618597
0.0604097
0.0584739
0.0571267
0.0556965
0.0543852
0.0531808
0.051988
0.0508359
0.0497405
0.0487084
0.0476994
0.0273635
0.0265682
0.0257239
0.0249514
0.0242446
0.0235479
0.0228787
0.0222462
0.021654
0.0210786
0.0205097
0.00916954
0.00878309
0.00841501
0.00807057
0.00775162
0.00744515
0.00714573
0.378851
0.380695
0.351004
0.351635
0.352093
0.323982
0.323107
0.322407
0.321588
0.296488
0.294636
0.293204
0.29161
0.29008
0.288618
0.259186
0.257109
0.255206
0.253407
0.251574
0.249757
0.223489
0.221265
0.219072
0.217104
0.215093
0.213109
0.211183
0.209334
0.170628
0.168397
0.166312
0.164214
0.162081
0.16009
0.158188
0.156305
0.154408
0.10629
0.104328
0.102513
0.100705
0.0989476
0.097266
0.0956726
0.0940496
0.0924875
0.0908145
0.0556965
0.0543852
0.0531808
0.051988
0.0508359
0.0497405
0.0487084
0.0476994
0.0466956
0.0456341
0.0444507
0.0257239
0.0249514
0.0242446
0.0235479
0.0228787
0.0222462
0.021654
0.0210786
0.0205097
0.019912
0.0192666
0.00916954
0.00878309
0.00841501
0.00807057
0.00775162
0.00744515
0.00714573
0.00683525
0.00650455
0.353018
0.353362
0.320766
0.319949
0.319072
0.318155
0.29008
0.288618
0.287114
0.285608
0.284128
0.255206
0.253407
0.251574
0.249757
0.247987
0.24628
0.244575
0.219072
0.217104
0.215093
0.213109
0.211183
0.209334
0.207496
0.205636
0.203635
0.166312
0.164214
0.162081
0.16009
0.158188
0.156305
0.154408
0.152377
0.150138
0.102513
0.100705
0.0989476
0.097266
0.0956726
0.0940496
0.0924875
0.0908145
0.0889846
0.0865555
0.0531808
0.051988
0.0508359
0.0497405
0.0487084
0.0476994
0.0466956
0.0456341
0.0444507
0.0429251
0.0412931
0.0235479
0.0228787
0.0222462
0.021654
0.0210786
0.0205097
0.019912
0.0192666
0.0184216
0.0175201
0.00841501
0.00807057
0.00775162
0.00744515
0.00714573
0.00683525
0.00650455
0.00608036
0.00564197
