0.357986
0.361348
0.340238
0.341679
0.342984
0.319629
0.319856
0.320049
0.320109
0.320211
0.298223
0.297608
0.296956
0.296274
0.295644
0.29491
0.293709
0.271147
0.269781
0.268385
0.26698
0.265733
0.264351
0.262454
0.261005
0.259318
0.23526
0.23335
0.231459
0.229805
0.227994
0.225586
0.22376
0.221758
0.219768
0.217984
0.183916
0.181633
0.179407
0.177485
0.175408
0.172654
0.170615
0.168406
0.166336
0.164398
0.16244
0.16044
0.122294
0.119919
0.11762
0.115654
0.11355
0.110763
0.108766
0.10663
0.104657
0.10283
0.101006
0.0992314
0.0975304
0.0959161
0.0652384
0.0637156
0.0620815
0.0599216
0.0583872
0.0567576
0.0552646
0.0538955
0.0525421
0.0512379
0.0500014
0.0488397
0.0477068
0.0273857
0.0264427
0.025436
0.0245132
0.0236703
0.0228417
0.0220498
0.0213057
0.0206136
0.0199463
0.0192909
0.00906132
0.00858973
0.00814177
0.00772487
0.00734178
0.00697673
0.00662339
0.371355
0.3734
0.346525
0.347605
0.348528
0.320259
0.320042
0.319986
0.319868
0.29491
0.293709
0.292873
0.291915
0.29097
0.290046
0.261005
0.259318
0.257768
0.256287
0.254761
0.253233
0.22376
0.221758
0.219768
0.217984
0.216147
0.214324
0.212545
0.210828
0.168406
0.166336
0.164398
0.16244
0.16044
0.158568
0.156773
0.154988
0.153181
0.10663
0.104657
0.10283
0.101006
0.0992314
0.0975304
0.0959161
0.0942687
0.0926789
0.0909705
0.0567576
0.0552646
0.0538955
0.0525421
0.0512379
0.0500014
0.0488397
0.0477068
0.0465826
0.0453977
0.0440832
0.025436
0.0245132
0.0236703
0.0228417
0.0220498
0.0213057
0.0206136
0.0199463
0.0192909
0.0186063
0.0178745
0.00906132
0.00858973
0.00814177
0.00772487
0.00734178
0.00697673
0.00662339
0.00626103
0.00587959
0.35055
0.351467
0.319706
0.319511
0.319256
0.318942
0.29097
0.290046
0.289071
0.288071
0.287075
0.257768
0.256287
0.254761
0.253233
0.251734
0.250274
0.248805
0.219768
0.217984
0.216147
0.214324
0.212545
0.210828
0.209113
0.207372
0.20549
0.164398
0.16244
0.16044
0.158568
0.156773
0.154988
0.153181
0.151239
0.14909
0.10283
0.101006
0.0992314
0.0975304
0.0959161
0.0942687
0.0926789
0.0909705
0.0890958
0.0865986
0.0538955
0.0525421
0.0512379
0.0500014
0.0488397
0.0477068
0.0465826
0.0453977
0.0440832
0.042389
0.0405806
0.0228417
0.0220498
0.0213057
0.0206136
0.0199463
0.0192909
0.0186063
0.0178745
0.0169273
0.0159304
0.00814177
0.00772487
0.00734178
0.00697673
0.00662339
0.00626103
0.00587959
0.00539831
0.00491133
