0.359046
0.362393
0.342554
0.343764
0.344863
0.325321
0.325064
0.324755
0.324317
0.323987
0.301634
0.30048
0.299274
0.298049
0.296953
0.295721
0.293963
0.270224
0.268532
0.266791
0.265048
0.263511
0.261818
0.259584
0.257839
0.255847
0.233454
0.231407
0.229381
0.227609
0.225668
0.223133
0.221182
0.219048
0.216942
0.215056
0.184191
0.181868
0.179605
0.177653
0.175545
0.172751
0.170695
0.168468
0.166386
0.164441
0.162482
0.160486
0.120184
0.117937
0.115785
0.113957
0.112013
0.109401
0.107583
0.105642
0.103849
0.102189
0.100532
0.0989189
0.097372
0.0959026
0.0616992
0.0604989
0.0592241
0.0574827
0.0563107
0.0550681
0.0539281
0.0528786
0.0518359
0.0508251
0.0498596
0.0489452
0.0480466
0.0268103
0.026146
0.0254383
0.0247876
0.0241887
0.0235944
0.0230195
0.022472
0.0219548
0.0214478
0.0209424
0.00938039
0.00900287
0.0086414
0.00830126
0.00798443
0.0076782
0.00737717
0.372294
0.374298
0.347753
0.348607
0.349318
0.323569
0.322846
0.322326
0.321713
0.295721
0.293963
0.292654
0.291202
0.289812
0.288487
0.257839
0.255847
0.254027
0.252311
0.250567
0.248841
0.221182
0.219048
0.216942
0.215056
0.213133
0.21124
0.209406
0.20765
0.168468
0.166386
0.164441
0.162482
0.160486
0.158625
0.156847
0.155087
0.153316
0.105642
0.103849
0.102189
0.100532
0.0989189
0.097372
0.0959026
0.0943987
0.0929524
0.0913996
0.0550681
0.0539281
0.0528786
0.0518359
0.0508251
0.0498596
0.0489452
0.0480466
0.0471478
0.0461918
0.0451169
0.0254383
0.0247876
0.0241887
0.0235944
0.0230195
0.022472
0.0219548
0.0214478
0.0209424
0.0204073
0.0198232
0.00938039
0.00900287
0.0086414
0.00830126
0.00798443
0.0076782
0.00737717
0.007063
0.00672606
0.350801
0.351439
0.321093
0.320471
0.319793
0.319072
0.289812
0.288487
0.287123
0.285756
0.284413
0.254027
0.252311
0.250567
0.248841
0.247164
0.245547
0.243932
0.216942
0.215056
0.213133
0.21124
0.209406
0.20765
0.205906
0.204144
0.20225
0.164441
0.162482
0.160486
0.158625
0.156847
0.155087
0.153316
0.151422
0.149334
0.102189
0.100532
0.0989189
0.097372
0.0959026
0.0943987
0.0929524
0.0913996
0.0896985
0.0874359
0.0528786
0.0518359
0.0508251
0.0498596
0.0489452
0.0480466
0.0471478
0.0461918
0.0451169
0.0437245
0.0422233
0.0235944
0.0230195
0.022472
0.0219548
0.0214478
0.0209424
0.0204073
0.0198232
0.0190489
0.0182108
0.0086414
0.00830126
0.00798443
0.0076782
0.00737717
0.007063
0.00672606
0.00629003
0.00583454
