0.364498
0.367928
0.346849
0.348207
0.349415
0.32822
0.328099
0.327905
0.327555
0.327285
0.305441
0.304372
0.303232
0.302051
0.300977
0.299753
0.298015
0.275544
0.273823
0.272044
0.270253
0.268665
0.266906
0.264606
0.26277
0.260666
0.238832
0.236657
0.234501
0.232613
0.230545
0.22786
0.225769
0.22348
0.221224
0.219196
0.187536
0.185091
0.182702
0.180638
0.178404
0.17547
0.173281
0.170911
0.168695
0.166624
0.164539
0.162419
0.123154
0.120801
0.118533
0.116598
0.114531
0.111782
0.109832
0.107745
0.105817
0.104032
0.10225
0.100517
0.0988577
0.0972836
0.0645347
0.0631889
0.0617581
0.0598373
0.0585135
0.0571083
0.0558193
0.0546343
0.0534593
0.0523229
0.0512405
0.0502189
0.0492186
0.0284063
0.0276381
0.0268214
0.0260715
0.0253822
0.0246991
0.0240393
0.0234119
0.0228209
0.022243
0.0216684
0.0104397
0.00992735
0.00943898
0.00898098
0.00855562
0.00814568
0.00774384
0.377948
0.379932
0.352516
0.353396
0.35414
0.326911
0.326245
0.325717
0.32507
0.299753
0.298015
0.296671
0.295162
0.293701
0.292293
0.26277
0.260666
0.258732
0.256901
0.255032
0.253175
0.225769
0.22348
0.221224
0.219196
0.217127
0.215087
0.213108
0.211209
0.170911
0.168695
0.166624
0.164539
0.162419
0.160441
0.158553
0.156683
0.154801
0.107745
0.105817
0.104032
0.10225
0.100517
0.0988577
0.0972836
0.0956777
0.0941333
0.092479
0.0571083
0.0558193
0.0546343
0.0534593
0.0523229
0.0512405
0.0502189
0.0492186
0.0482216
0.0471653
0.0459846
0.0268214
0.0260715
0.0253822
0.0246991
0.0240393
0.0234119
0.0228209
0.022243
0.0216684
0.0210617
0.0204017
0.0104397
0.00992735
0.00943898
0.00898098
0.00855562
0.00814568
0.00774384
0.00732567
0.00687869
0.355533
0.356086
0.324396
0.323704
0.322939
0.322117
0.293701
0.292293
0.290834
0.289361
0.287903
0.258732
0.256901
0.255032
0.253175
0.251363
0.249612
0.247859
0.221224
0.219196
0.217127
0.215087
0.213108
0.211209
0.209321
0.207412
0.205358
0.166624
0.164539
0.162419
0.160441
0.158553
0.156683
0.154801
0.152789
0.150571
0.104032
0.10225
0.100517
0.0988577
0.0972836
0.0956777
0.0941333
0.092479
0.0906692
0.0882661
0.0546343
0.0534593
0.0523229
0.0512405
0.0502189
0.0492186
0.0482216
0.0471653
0.0459846
0.0444609
0.042828
0.0246991
0.0240393
0.0234119
0.0228209
0.022243
0.0216684
0.0210617
0.0204017
0.0195305
0.0185932
0.00943898
0.00898098
0.00855562
0.00814568
0.00774384
0.00732567
0.00687869
0.00630276
0.00570447
