0.366415
0.369416
0.346459
0.347543
0.348574
0.325183
0.325062
0.324924
0.324684
0.324551
0.301465
0.300545
0.299605
0.298664
0.29783
0.296897
0.295476
0.272422
0.270963
0.269473
0.267989
0.266682
0.265246
0.2633
0.261823
0.260124
0.23969
0.237661
0.235657
0.233907
0.231996
0.229458
0.227551
0.22547
0.223416
0.221586
0.18652
0.184105
0.181761
0.179746
0.177577
0.174701
0.172604
0.170344
0.168239
0.166279
0.164312
0.162315
0.1234
0.121165
0.119012
0.117175
0.115214
0.112578
0.110733
0.108761
0.106939
0.105252
0.103568
0.10193
0.10036
0.0988689
0.0644778
0.0631314
0.0617067
0.059783
0.0584801
0.0571025
0.0558434
0.0546893
0.0535481
0.0524475
0.0514015
0.050416
0.0494523
0.0272927
0.0266286
0.0259249
0.0252802
0.024688
0.0241012
0.0235343
0.0229948
0.0224858
0.0219873
0.0214909
0.010106
0.00972811
0.00936782
0.0090294
0.0087143
0.00840973
0.00811014
0.378668
0.38063
0.351467
0.35239
0.353129
0.324372
0.323895
0.323673
0.323405
0.296897
0.295476
0.294503
0.293428
0.292402
0.291424
0.261823
0.260124
0.258585
0.257133
0.255653
0.254186
0.227551
0.22547
0.223416
0.221586
0.219721
0.217887
0.216109
0.214405
0.170344
0.168239
0.166279
0.164312
0.162315
0.160459
0.158691
0.156945
0.15519
0.108761
0.106939
0.105252
0.103568
0.10193
0.10036
0.0988689
0.0973423
0.0958775
0.0943059
0.0571025
0.0558434
0.0546893
0.0535481
0.0524475
0.0514015
0.050416
0.0494523
0.0484931
0.0474779
0.0463432
0.0259249
0.0252802
0.024688
0.0241012
0.0235343
0.0229948
0.0224858
0.0219873
0.0214909
0.0209663
0.020394
0.010106
0.00972811
0.00936782
0.0090294
0.0087143
0.00840973
0.00811014
0.00779708
0.0074609
0.354986
0.355871
0.32313
0.322853
0.322537
0.322185
0.292402
0.291424
0.290415
0.289401
0.288408
0.258585
0.257133
0.255653
0.254186
0.252756
0.251372
0.249988
0.223416
0.221586
0.219721
0.217887
0.216109
0.214405
0.212712
0.211002
0.209161
0.166279
0.164312
0.162315
0.160459
0.158691
0.156945
0.15519
0.153318
0.151256
0.105252
0.103568
0.10193
0.10036
0.0988689
0.0973423
0.0958775
0.0943059
0.0925856
0.0902979
0.0546893
0.0535481
0.0524475
0.0514015
0.050416
0.0494523
0.0484931
0.0474779
0.0463432
0.0448825
0.0433196
0.0241012
0.0235343
0.0229948
0.0224858
0.0219873
0.0214909
0.0209663
0.020394
0.019636
0.018816
0.00936782
0.0090294
0.0087143
0.00840973
0.00811014
0.00779708
0.0074609
0.00702485
0.00656785
