0.368959
0.372169
0.351261
0.352499
0.353634
0.332878
0.332706
0.332494
0.332152
0.331914
0.309433
0.308323
0.307173
0.306008
0.304967
0.303797
0.302108
0.27871
0.276977
0.275204
0.273434
0.271875
0.270161
0.267903
0.266135
0.264115
0.24227
0.240025
0.237807
0.235872
0.233761
0.231016
0.228902
0.226597
0.224332
0.222305
0.189378
0.186788
0.184264
0.182091
0.179747
0.176683
0.174403
0.171943
0.169652
0.167518
0.165376
0.163206
0.12415
0.121711
0.119356
0.117346
0.115198
0.112364
0.110334
0.108165
0.106165
0.104317
0.102476
0.10069
0.0989819
0.0973655
0.0658929
0.0644196
0.062853
0.0607804
0.0593297
0.0577928
0.0563869
0.0550986
0.0538259
0.0525998
0.051437
0.0503443
0.0492784
0.028624
0.0277932
0.0269121
0.0261062
0.0253689
0.0246419
0.0239436
0.0232834
0.0226652
0.0220645
0.0214706
0.0103846
0.00991336
0.00946559
0.00904714
0.00865998
0.00828823
0.0079252
0.381843
0.383838
0.356685
0.357608
0.35838
0.331597
0.33098
0.330566
0.330068
0.303797
0.302108
0.300862
0.299478
0.29815
0.296879
0.266135
0.264115
0.262272
0.260532
0.258759
0.257002
0.228902
0.226597
0.224332
0.222305
0.22024
0.218208
0.216239
0.214353
0.171943
0.169652
0.167518
0.165376
0.163206
0.161186
0.15926
0.157358
0.155446
0.108165
0.106165
0.104317
0.102476
0.10069
0.0989819
0.0973655
0.0957202
0.0941395
0.0924484
0.0577928
0.0563869
0.0550986
0.0538259
0.0525998
0.051437
0.0503443
0.0492784
0.0482205
0.0471046
0.045864
0.0269121
0.0261062
0.0253689
0.0246419
0.0239436
0.0232834
0.0226652
0.0220645
0.0214706
0.0208468
0.020173
0.0103846
0.00991336
0.00946559
0.00904714
0.00865998
0.00828823
0.0079252
0.00754894
0.00714839
0.360065
0.36082
0.329558
0.329042
0.328472
0.327858
0.29815
0.296879
0.295568
0.294251
0.292956
0.262272
0.260532
0.258759
0.257002
0.255291
0.253639
0.251987
0.224332
0.222305
0.22024
0.218208
0.216239
0.214353
0.212479
0.210586
0.20855
0.167518
0.165376
0.163206
0.161186
0.15926
0.157358
0.155446
0.153404
0.151156
0.104317
0.102476
0.10069
0.0989819
0.0973655
0.0957202
0.0941395
0.0924484
0.0906009
0.0881512
0.0550986
0.0538259
0.0525998
0.051437
0.0503443
0.0492784
0.0482205
0.0471046
0.045864
0.0442695
0.04257
0.0246419
0.0239436
0.0232834
0.0226652
0.0220645
0.0214706
0.0208468
0.020173
0.0192906
0.0183492
0.00946559
0.00904714
0.00865998
0.00828823
0.0079252
0.00754894
0.00714839
0.00663491
0.00610464
