0.368917
0.37195
0.347703
0.348671
0.349545
0.328387
0.328015
0.327584
0.327018
0.326579
0.306787
0.305513
0.304214
0.302909
0.301752
0.300462
0.298678
0.276916
0.275094
0.273252
0.271429
0.269834
0.268088
0.265825
0.264037
0.262001
0.240819
0.238605
0.236417
0.234508
0.232425
0.229727
0.227637
0.225359
0.22312
0.221116
0.190862
0.18824
0.185667
0.18344
0.18103
0.177877
0.175517
0.172967
0.170591
0.168378
0.166157
0.163911
0.124872
0.122271
0.119763
0.117626
0.115344
0.112354
0.110204
0.10791
0.105798
0.103852
0.101919
0.100047
0.0982639
0.0965815
0.0648847
0.0634075
0.0618443
0.0597896
0.0583535
0.0568354
0.0554495
0.0541819
0.0529314
0.0517287
0.0505894
0.0495203
0.048479
0.0275453
0.0267514
0.0259165
0.025158
0.0244672
0.0237886
0.0231386
0.0225253
0.0219518
0.021395
0.0208452
0.00896047
0.00861839
0.00829344
0.00798935
0.00770725
0.00743554
0.00716923
0.380826
0.382607
0.351701
0.352303
0.352725
0.32604
0.325209
0.324562
0.323811
0.300462
0.298678
0.297318
0.295814
0.294377
0.293007
0.264037
0.262001
0.260146
0.258399
0.25662
0.254857
0.227637
0.225359
0.22312
0.221116
0.219075
0.217067
0.21512
0.213252
0.172967
0.170591
0.168378
0.166157
0.163911
0.161821
0.159831
0.157866
0.155894
0.10791
0.105798
0.103852
0.101919
0.100047
0.0982639
0.0965815
0.0948779
0.093244
0.0915036
0.0568354
0.0554495
0.0541819
0.0529314
0.0517287
0.0505894
0.0495203
0.048479
0.047447
0.0463599
0.0451531
0.0259165
0.025158
0.0244672
0.0237886
0.0231386
0.0225253
0.0219518
0.021395
0.0208452
0.0202685
0.0196456
0.00896047
0.00861839
0.00829344
0.00798935
0.00770725
0.00743554
0.00716923
0.00689197
0.00659537
0.353684
0.354077
0.323063
0.322326
0.321541
0.320725
0.294377
0.293007
0.291599
0.29019
0.288809
0.260146
0.258399
0.25662
0.254857
0.25314
0.251482
0.249824
0.22312
0.221116
0.219075
0.217067
0.21512
0.213252
0.211394
0.209515
0.207491
0.168378
0.166157
0.163911
0.161821
0.159831
0.157866
0.155894
0.153789
0.151474
0.103852
0.101919
0.100047
0.0982639
0.0965815
0.0948779
0.093244
0.0915036
0.0896099
0.0871109
0.0541819
0.0529314
0.0517287
0.0505894
0.0495203
0.048479
0.047447
0.0463599
0.0451531
0.0436066
0.0419637
0.0237886
0.0231386
0.0225253
0.0219518
0.021395
0.0208452
0.0202685
0.0196456
0.01883
0.0179601
0.00829344
0.00798935
0.00770725
0.00743554
0.00716923
0.00689197
0.00659537
0.00621248
0.00581342
