0.358502
0.361873
0.344227
0.345407
0.346474
0.326266
0.326023
0.325736
0.325321
0.325013
0.301847
0.300782
0.299676
0.298553
0.297546
0.296411
0.294775
0.271744
0.270125
0.268461
0.266794
0.265323
0.263699
0.261554
0.25987
0.257939
0.236766
0.234671
0.232594
0.230776
0.228785
0.226183
0.224176
0.221982
0.219818
0.217877
0.186794
0.184318
0.181895
0.179802
0.177538
0.174555
0.172343
0.169951
0.167719
0.165636
0.163544
0.16142
0.120907
0.118556
0.116299
0.11438
0.112335
0.109619
0.107696
0.105641
0.103743
0.101988
0.100238
0.0985378
0.0969109
0.0953694
0.0630643
0.0617325
0.0603258
0.0584454
0.0571596
0.0557996
0.0545547
0.053411
0.0522771
0.0511801
0.0501347
0.0491471
0.048179
0.026892
0.0261629
0.0253886
0.024679
0.0240275
0.0233821
0.0227587
0.0221651
0.0216045
0.0210549
0.0205069
0.0100884
0.00956859
0.0090691
0.0085978
0.00815788
0.00773188
0.00731247
0.371656
0.373606
0.349246
0.350052
0.35071
0.324622
0.323931
0.323439
0.322854
0.296411
0.294775
0.293559
0.292206
0.290906
0.28966
0.25987
0.257939
0.256173
0.254505
0.252805
0.251117
0.224176
0.221982
0.219818
0.217877
0.215897
0.213948
0.212058
0.210247
0.169951
0.167719
0.165636
0.163544
0.16142
0.159441
0.157553
0.155688
0.153815
0.105641
0.103743
0.101988
0.100238
0.0985378
0.0969109
0.0953694
0.0937979
0.0922872
0.0906693
0.0557996
0.0545547
0.053411
0.0522771
0.0511801
0.0501347
0.0491471
0.048179
0.0472131
0.0461884
0.0450413
0.0253886
0.024679
0.0240275
0.0233821
0.0227587
0.0221651
0.0216045
0.0210549
0.0205069
0.0199265
0.019293
0.0100884
0.00956859
0.0090691
0.0085978
0.00815788
0.00773188
0.00731247
0.00687422
0.00640366
0.352073
0.352651
0.322257
0.321656
0.320998
0.320295
0.290906
0.28966
0.288371
0.287073
0.285792
0.256173
0.254505
0.252805
0.251117
0.24947
0.247877
0.246282
0.219818
0.217877
0.215897
0.213948
0.212058
0.210247
0.208446
0.206624
0.204663
0.165636
0.163544
0.16142
0.159441
0.157553
0.155688
0.153815
0.151816
0.149615
0.101988
0.100238
0.0985378
0.0969109
0.0953694
0.0937979
0.0922872
0.0906693
0.0889018
0.0865589
0.053411
0.0522771
0.0511801
0.0501347
0.0491471
0.048179
0.0472131
0.0461884
0.0450413
0.043557
0.0419632
0.0233821
0.0227587
0.0221651
0.0216045
0.0210549
0.0205069
0.0199265
0.019293
0.0184532
0.0175451
0.0090691
0.0085978
0.00815788
0.00773188
0.00731247
0.00687422
0.00640366
0.0057942
0.00515738
