0.358109
0.361516
0.339395
0.340883
0.34224
0.319751
0.319971
0.320174
0.320257
0.320389
0.297653
0.296979
0.296295
0.295598
0.294964
0.294237
0.293043
0.268861
0.267469
0.266055
0.264642
0.263394
0.262017
0.26012
0.258686
0.257025
0.233024
0.231064
0.22912
0.227417
0.225551
0.223067
0.221185
0.219127
0.21709
0.215267
0.18247
0.180057
0.177683
0.175624
0.17339
0.170443
0.168249
0.165877
0.163662
0.161597
0.159522
0.157418
0.120066
0.117643
0.115295
0.113285
0.111133
0.108302
0.106261
0.104079
0.102067
0.100209
0.098363
0.096574
0.0948683
0.0932582
0.0639015
0.0624276
0.0608689
0.058822
0.0573892
0.0558736
0.0544895
0.0532235
0.0519751
0.0507748
0.0496386
0.0485734
0.0475371
0.0264773
0.0257052
0.0248978
0.0241677
0.0235051
0.0228559
0.0222354
0.021651
0.0211056
0.0205768
0.0200555
0.00813298
0.00787006
0.00762078
0.00738743
0.00717058
0.00696124
0.00675543
0.37176
0.37388
0.345971
0.347124
0.34812
0.320482
0.320313
0.320316
0.320265
0.294237
0.293043
0.292241
0.291331
0.290436
0.289558
0.258686
0.257025
0.25551
0.254067
0.252581
0.251092
0.221185
0.219127
0.21709
0.215267
0.213401
0.211558
0.209763
0.208033
0.165877
0.163662
0.161597
0.159522
0.157418
0.155459
0.153592
0.151746
0.14989
0.104079
0.102067
0.100209
0.098363
0.096574
0.0948683
0.0932582
0.0916263
0.0900615
0.0883946
0.0558736
0.0544895
0.0532235
0.0519751
0.0507748
0.0496386
0.0485734
0.0475371
0.0465112
0.0454317
0.0442356
0.0248978
0.0241677
0.0235051
0.0228559
0.0222354
0.021651
0.0211056
0.0205768
0.0200555
0.0195098
0.0189212
0.00813298
0.00787006
0.00762078
0.00738743
0.00717058
0.00696124
0.00675543
0.00654032
0.00630921
0.350334
0.35136
0.320166
0.320032
0.319837
0.319584
0.290436
0.289558
0.288626
0.287667
0.286708
0.25551
0.254067
0.252581
0.251092
0.249627
0.248196
0.246751
0.21709
0.215267
0.213401
0.211558
0.209763
0.208033
0.206305
0.20455
0.202651
0.161597
0.159522
0.157418
0.155459
0.153592
0.151746
0.14989
0.147906
0.145719
0.100209
0.098363
0.096574
0.0948683
0.0932582
0.0916263
0.0900615
0.0883946
0.0865803
0.0841847
0.0532235
0.0519751
0.0507748
0.0496386
0.0485734
0.0475371
0.0465112
0.0454317
0.0442356
0.0427055
0.0410843
0.0228559
0.0222354
0.021651
0.0211056
0.0205768
0.0200555
0.0195098
0.0189212
0.0181521
0.0173336
0.00762078
0.00738743
0.00717058
0.00696124
0.00675543
0.00654032
0.00630921
0.00600902
0.00569359
