0.358986
0.362194
0.341829
0.342922
0.34392
0.321571
0.321344
0.32107
0.320666
0.320365
0.298535
0.297481
0.296381
0.295258
0.294247
0.293105
0.291473
0.269625
0.267967
0.266267
0.264564
0.26306
0.261399
0.259221
0.257497
0.255519
0.234047
0.231951
0.229874
0.228057
0.226068
0.223482
0.221474
0.219277
0.21711
0.215164
0.184476
0.182062
0.1797
0.177658
0.175448
0.172546
0.170377
0.168029
0.165834
0.163782
0.161717
0.159617
0.121196
0.118826
0.116541
0.114591
0.112509
0.10975
0.107783
0.105679
0.103735
0.101937
0.100144
0.0984012
0.0967335
0.0951533
0.0638219
0.0624438
0.0609777
0.0590245
0.0576671
0.0562274
0.0549082
0.053697
0.0524977
0.0513394
0.0502381
0.0492006
0.0481863
0.0272581
0.0264705
0.0256366
0.0248752
0.0241798
0.0234952
0.0228383
0.0222179
0.0216372
0.0210731
0.0205154
0.00869554
0.00836569
0.00805095
0.00775598
0.00748245
0.00721922
0.00696163
0.371676
0.373594
0.346529
0.34729
0.347889
0.319976
0.319298
0.3188
0.318206
0.293105
0.291473
0.290237
0.288856
0.287524
0.286244
0.257497
0.255519
0.253707
0.251991
0.250239
0.248498
0.221474
0.219277
0.21711
0.215164
0.213176
0.211214
0.209309
0.20748
0.168029
0.165834
0.163782
0.161717
0.159617
0.157657
0.155785
0.15393
0.152063
0.105679
0.103735
0.101937
0.100144
0.0984012
0.0967335
0.0951533
0.0935436
0.0919948
0.0903363
0.0562274
0.0549082
0.053697
0.0524977
0.0513394
0.0502381
0.0492006
0.0481863
0.0471772
0.0461102
0.0449206
0.0256366
0.0248752
0.0241798
0.0234952
0.0228383
0.0222179
0.0216372
0.0210731
0.0205154
0.0199298
0.0192973
0.00869554
0.00836569
0.00805095
0.00775598
0.00748245
0.00721922
0.00696163
0.00669406
0.00640848
0.349186
0.349735
0.317598
0.316985
0.316312
0.315595
0.287524
0.286244
0.284918
0.283582
0.282263
0.253707
0.251991
0.250239
0.248498
0.246798
0.245153
0.243506
0.21711
0.215164
0.213176
0.211214
0.209309
0.20748
0.205659
0.203815
0.201829
0.163782
0.161717
0.159617
0.157657
0.155785
0.15393
0.152063
0.150065
0.147861
0.101937
0.100144
0.0984012
0.0967335
0.0951533
0.0935436
0.0919948
0.0903363
0.0885229
0.0861166
0.053697
0.0524977
0.0513394
0.0502381
0.0492006
0.0481863
0.0471772
0.0461102
0.0449206
0.0433875
0.0417479
0.0234952
0.0228383
0.0222179
0.0216372
0.0210731
0.0205154
0.0199298
0.0192973
0.018469
0.0175852
0.00805095
0.00775598
0.00748245
0.00721922
0.00696163
0.00669406
0.00640848
0.00604117
0.00566021
