0.363004
0.366463
0.34498
0.346199
0.347335
0.32283
0.322779
0.32271
0.322531
0.322444
0.300137
0.29925
0.298346
0.297433
0.296616
0.295697
0.294306
0.272744
0.271151
0.269537
0.267931
0.26652
0.264971
0.262907
0.26131
0.259478
0.237786
0.235629
0.233502
0.231647
0.229627
0.226988
0.224965
0.222762
0.220595
0.218657
0.186643
0.184067
0.181548
0.179373
0.177024
0.173955
0.171662
0.169188
0.166885
0.164739
0.162587
0.160407
0.122314
0.119795
0.117357
0.115273
0.113043
0.110124
0.108011
0.105754
0.103675
0.101757
0.0998512
0.0980048
0.0962442
0.0945821
0.0653751
0.0638245
0.0621758
0.0600237
0.0584948
0.0568762
0.0553977
0.0540457
0.0527131
0.0514327
0.0502219
0.0490879
0.0479853
0.0274761
0.0266079
0.0256932
0.0248626
0.0241084
0.0233702
0.0226663
0.0220057
0.0213918
0.0207997
0.0202183
0.00916403
0.00885026
0.00855225
0.00827405
0.00801704
0.0077706
0.00753027
0.37692
0.379102
0.350487
0.351476
0.352278
0.322306
0.321885
0.321683
0.321426
0.295697
0.294306
0.293321
0.292222
0.291163
0.290142
0.26131
0.259478
0.257809
0.25623
0.254615
0.25301
0.224965
0.222762
0.220595
0.218657
0.216679
0.214729
0.212836
0.211018
0.169188
0.166885
0.164739
0.162587
0.160407
0.158378
0.156443
0.154531
0.152608
0.105754
0.103675
0.101757
0.0998512
0.0980048
0.0962442
0.0945821
0.0928972
0.0912791
0.0895525
0.0568762
0.0553977
0.0540457
0.0527131
0.0514327
0.0502219
0.0490879
0.0479853
0.0468947
0.0457486
0.0444805
0.0256932
0.0248626
0.0241084
0.0233702
0.0226663
0.0220057
0.0213918
0.0207997
0.0202183
0.0196118
0.0189622
0.00916403
0.00885026
0.00855225
0.00827405
0.00801704
0.0077706
0.00753027
0.00728151
0.00701693
0.354227
0.355146
0.321152
0.320867
0.320536
0.320163
0.291163
0.290142
0.28908
0.288007
0.286949
0.257809
0.25623
0.254615
0.25301
0.251442
0.249921
0.248397
0.220595
0.218657
0.216679
0.214729
0.212836
0.211018
0.209208
0.207376
0.205401
0.164739
0.162587
0.160407
0.158378
0.156443
0.154531
0.152608
0.150552
0.148288
0.101757
0.0998512
0.0980048
0.0962442
0.0945821
0.0928972
0.0912791
0.0895525
0.0876704
0.0851815
0.0540457
0.0527131
0.0514327
0.0502219
0.0490879
0.0479853
0.0468947
0.0457486
0.0444805
0.0428571
0.0411361
0.0233702
0.0226663
0.0220057
0.0213918
0.0207997
0.0202183
0.0196118
0.0189622
0.0181198
0.0172305
0.00855225
0.00827405
0.00801704
0.0077706
0.00753027
0.00728151
0.00701693
0.00667809
0.00632831
