0.361044
0.364435
0.345837
0.347044
0.348163
0.325684
0.325646
0.325573
0.325391
0.325304
0.303235
0.30242
0.301571
0.300717
0.299956
0.299099
0.297746
0.275014
0.273592
0.272143
0.270707
0.269448
0.268067
0.26614
0.264741
0.263135
0.239072
0.2372
0.235365
0.233772
0.232035
0.229672
0.227965
0.226105
0.22426
0.222627
0.185801
0.18365
0.181566
0.179775
0.177849
0.175207
0.173363
0.171375
0.169523
0.167796
0.16606
0.164285
0.117992
0.116058
0.114214
0.112652
0.110995
0.10869
0.107161
0.105531
0.104024
0.102629
0.101234
0.0998749
0.0985694
0.0973265
0.0615559
0.0605496
0.0594942
0.0579886
0.0570447
0.0560477
0.0551336
0.0542908
0.0534509
0.0526343
0.05185
0.0511028
0.0503644
0.0265116
0.0260439
0.0255555
0.0251112
0.0247023
0.0242952
0.0238984
0.023516
0.0231499
0.0227851
0.0224166
0.00877903
0.0086198
0.00846494
0.00831543
0.00817158
0.00802785
0.00788148
0.374558
0.376644
0.351221
0.352178
0.352958
0.325173
0.324744
0.324572
0.324361
0.299099
0.297746
0.296858
0.295881
0.294952
0.29407
0.264741
0.263135
0.26169
0.260336
0.258962
0.257605
0.227965
0.226105
0.22426
0.222627
0.220969
0.219342
0.217768
0.216261
0.171375
0.169523
0.167796
0.16606
0.164285
0.162639
0.16107
0.159519
0.15796
0.105531
0.104024
0.102629
0.101234
0.0998749
0.0985694
0.0973265
0.0960427
0.0948172
0.0934989
0.0560477
0.0551336
0.0542908
0.0534509
0.0526343
0.05185
0.0511028
0.0503644
0.0496213
0.0488251
0.0479182
0.0255555
0.0251112
0.0247023
0.0242952
0.0238984
0.023516
0.0231499
0.0227851
0.0224166
0.0220226
0.0215833
0.00877903
0.0086198
0.00846494
0.00831543
0.00817158
0.00802785
0.00788148
0.0077227
0.00754551
0.354841
0.355728
0.324141
0.32392
0.323665
0.323376
0.294952
0.29407
0.293162
0.292252
0.291364
0.26169
0.260336
0.258962
0.257605
0.256289
0.255018
0.253751
0.22426
0.222627
0.220969
0.219342
0.217768
0.216261
0.214767
0.21326
0.211638
0.167796
0.16606
0.164285
0.162639
0.16107
0.159519
0.15796
0.156296
0.154461
0.102629
0.101234
0.0998749
0.0985694
0.0973265
0.0960427
0.0948172
0.0934989
0.0920549
0.0901314
0.0542908
0.0534509
0.0526343
0.05185
0.0511028
0.0503644
0.0496213
0.0488251
0.0479182
0.0467433
0.045469
0.0242952
0.0238984
0.023516
0.0231499
0.0227851
0.0224166
0.0220226
0.0215833
0.0209873
0.0203247
0.00846494
0.00831543
0.00817158
0.00802785
0.00788148
0.0077227
0.00754551
0.0073041
0.00703597
