0.365934
0.369311
0.346462
0.34774
0.34891
0.32546
0.325405
0.325307
0.32508
0.324937
0.303183
0.302218
0.301215
0.300192
0.299271
0.298231
0.296693
0.274285
0.27264
0.270968
0.2693
0.267834
0.266222
0.264083
0.262421
0.260517
0.238232
0.236106
0.234013
0.23219
0.230203
0.227608
0.225621
0.223453
0.221317
0.219406
0.187066
0.184599
0.18219
0.180111
0.177867
0.174918
0.172729
0.170365
0.16816
0.166104
0.164037
0.161937
0.123291
0.120868
0.118525
0.116521
0.114376
0.111542
0.109511
0.107339
0.105335
0.103483
0.101639
0.0998492
0.0981389
0.0965205
0.0658374
0.0643376
0.0627428
0.06064
0.0591632
0.0575991
0.0561689
0.0548592
0.0535662
0.0523215
0.0511422
0.0500351
0.0489564
0.0276918
0.0268551
0.0259716
0.0251677
0.0244359
0.0237177
0.0230312
0.0223851
0.0217827
0.0211998
0.0206257
0.00931534
0.0089754
0.00865187
0.0083493
0.00806925
0.00780022
0.0075374
0.379449
0.381534
0.352072
0.353034
0.353824
0.324726
0.324224
0.323918
0.323539
0.298231
0.296693
0.295573
0.294323
0.293119
0.291963
0.262421
0.260517
0.258779
0.257136
0.25546
0.253796
0.225621
0.223453
0.221317
0.219406
0.217455
0.215532
0.213665
0.211873
0.170365
0.16816
0.166104
0.164037
0.161937
0.159981
0.158113
0.156265
0.154403
0.107339
0.105335
0.103483
0.101639
0.0998492
0.0981389
0.0965205
0.094874
0.0932918
0.0915994
0.0575991
0.0561689
0.0548592
0.0535662
0.0523215
0.0511422
0.0500351
0.0489564
0.047887
0.0467604
0.0455098
0.0259716
0.0251677
0.0244359
0.0237177
0.0230312
0.0223851
0.0217827
0.0211998
0.0206257
0.020025
0.0193791
0.00931534
0.0089754
0.00865187
0.0083493
0.00806925
0.00780022
0.0075374
0.00726488
0.00697449
0.355615
0.356427
0.32314
0.32273
0.322268
0.321762
0.293119
0.291963
0.290765
0.289558
0.288372
0.258779
0.257136
0.25546
0.253796
0.252173
0.250604
0.249034
0.221317
0.219406
0.217455
0.215532
0.213665
0.211873
0.210089
0.208284
0.206339
0.166104
0.164037
0.161937
0.159981
0.158113
0.156265
0.154403
0.152411
0.150213
0.103483
0.101639
0.0998492
0.0981389
0.0965205
0.094874
0.0932918
0.0915994
0.0897507
0.0873
0.0548592
0.0535662
0.0523215
0.0511422
0.0500351
0.0489564
0.047887
0.0467604
0.0455098
0.0439046
0.0421967
0.0237177
0.0230312
0.0223851
0.0217827
0.0211998
0.0206257
0.020025
0.0193791
0.0185376
0.0176446
0.00865187
0.0083493
0.00806925
0.00780022
0.0075374
0.00726488
0.00697449
0.00660177
0.00621606
