0.367227
0.370549
0.347584
0.348779
0.349884
0.324149
0.324068
0.323953
0.323716
0.32357
0.300789
0.299854
0.298881
0.29789
0.296997
0.295987
0.294496
0.273132
0.27148
0.269789
0.268098
0.266609
0.264969
0.2628
0.261105
0.259167
0.238163
0.235946
0.233753
0.231839
0.229751
0.227035
0.224943
0.222664
0.220427
0.218428
0.187444
0.184866
0.182341
0.180158
0.177798
0.174717
0.172415
0.169931
0.167619
0.165469
0.163314
0.161137
0.123654
0.121159
0.118751
0.116698
0.114504
0.11162
0.109552
0.107345
0.105311
0.103436
0.101574
0.0997701
0.0980516
0.09643
0.0654863
0.0640163
0.0624669
0.0604231
0.0590102
0.0575187
0.0561585
0.0549151
0.0536891
0.0525105
0.0513942
0.0503467
0.0493269
0.0269336
0.0262099
0.0254546
0.0247724
0.0241529
0.0235456
0.0229642
0.0224155
0.021902
0.0214025
0.0209087
0.00860824
0.00837372
0.00815027
0.00793988
0.00774308
0.0075518
0.00736241
0.380436
0.382453
0.35287
0.353773
0.354492
0.323359
0.32286
0.322557
0.32218
0.295987
0.294496
0.293408
0.292194
0.291024
0.289896
0.261105
0.259167
0.257402
0.255737
0.254039
0.252355
0.224943
0.222664
0.220427
0.218428
0.216396
0.214401
0.21247
0.210622
0.169931
0.167619
0.165469
0.163314
0.161137
0.159114
0.15719
0.155295
0.153394
0.107345
0.105311
0.103436
0.101574
0.0997701
0.0980516
0.09643
0.0947858
0.0932116
0.0915353
0.0575187
0.0561585
0.0549151
0.0536891
0.0525105
0.0513942
0.0503467
0.0493269
0.0483162
0.0472513
0.0460686
0.0254546
0.0247724
0.0241529
0.0235456
0.0229642
0.0224155
0.021902
0.0214025
0.0209087
0.0203905
0.019829
0.00860824
0.00837372
0.00815027
0.00793988
0.00774308
0.0075518
0.00736241
0.00716293
0.00694685
0.356141
0.356879
0.32178
0.321365
0.320895
0.320378
0.291024
0.289896
0.288724
0.287539
0.286368
0.257402
0.255737
0.254039
0.252355
0.250712
0.249122
0.24753
0.220427
0.218428
0.216396
0.214401
0.21247
0.210622
0.208786
0.206931
0.204936
0.165469
0.163314
0.161137
0.159114
0.15719
0.155295
0.153394
0.151369
0.149144
0.103436
0.101574
0.0997701
0.0980516
0.09643
0.0947858
0.0932116
0.0915353
0.0897123
0.0873074
0.0549151
0.0536891
0.0525105
0.0513942
0.0503467
0.0493269
0.0483162
0.0472513
0.0460686
0.0445551
0.042949
0.0235456
0.0229642
0.0224155
0.021902
0.0214025
0.0209087
0.0203905
0.019829
0.0190912
0.0183006
0.00815027
0.00793988
0.00774308
0.0075518
0.00736241
0.00716293
0.00694685
0.00666317
0.00636118
