0.363313
0.366462
0.346869
0.347892
0.348844
0.326131
0.325869
0.32556
0.325124
0.324804
0.304143
0.303017
0.301847
0.300659
0.299596
0.298402
0.296718
0.276685
0.274848
0.272983
0.271129
0.269503
0.26772
0.265405
0.263576
0.261494
0.240652
0.238308
0.236003
0.234002
0.231826
0.229022
0.226855
0.2245
0.222194
0.220133
0.188128
0.185501
0.182935
0.180721
0.178333
0.175224
0.172899
0.170391
0.168058
0.165888
0.163712
0.161511
0.123768
0.121243
0.118798
0.116705
0.114465
0.111524
0.1094
0.107132
0.10504
0.103111
0.101194
0.0993362
0.0975652
0.0958932
0.0656555
0.0640929
0.0624373
0.0602691
0.0587437
0.0571304
0.0556578
0.054312
0.0529859
0.0517123
0.0505081
0.0493804
0.0482843
0.026486
0.0256823
0.0248393
0.0240759
0.0233829
0.0227045
0.0220569
0.0214481
0.0208811
0.0203328
0.0197934
0.00864702
0.0083573
0.00808215
0.00782472
0.00758596
0.00735602
0.00713065
0.375845
0.377762
0.35137
0.352124
0.352709
0.324401
0.323708
0.323212
0.322628
0.298402
0.296718
0.295445
0.294033
0.29268
0.291386
0.263576
0.261494
0.259597
0.25781
0.255994
0.254196
0.226855
0.2245
0.222194
0.220133
0.218038
0.215979
0.213986
0.212079
0.170391
0.168058
0.165888
0.163712
0.161511
0.159463
0.157514
0.155589
0.153656
0.107132
0.10504
0.103111
0.101194
0.0993362
0.0975652
0.0958932
0.0941986
0.0925723
0.0908386
0.0571304
0.0556578
0.054312
0.0529859
0.0517123
0.0505081
0.0493804
0.0482843
0.0472003
0.0460611
0.0448012
0.0248393
0.0240759
0.0233829
0.0227045
0.0220569
0.0214481
0.0208811
0.0203328
0.0197934
0.0192297
0.0186238
0.00864702
0.0083573
0.00808215
0.00782472
0.00758596
0.00735602
0.00713065
0.00689599
0.00664486
0.354056
0.354654
0.322041
0.321458
0.320827
0.320162
0.29268
0.291386
0.290054
0.28872
0.287412
0.259597
0.25781
0.255994
0.254196
0.252447
0.250761
0.249078
0.222194
0.220133
0.218038
0.215979
0.213986
0.212079
0.210184
0.208271
0.206215
0.165888
0.163712
0.161511
0.159463
0.157514
0.155589
0.153656
0.151591
0.149319
0.103111
0.101194
0.0993362
0.0975652
0.0958932
0.0941986
0.0925723
0.0908386
0.0889501
0.0864547
0.054312
0.0529859
0.0517123
0.0505081
0.0493804
0.0482843
0.0472003
0.0460611
0.0448012
0.0431897
0.0414837
0.0227045
0.0220569
0.0214481
0.0208811
0.0203328
0.0197934
0.0192297
0.0186238
0.0178349
0.0169987
0.00808215
0.00782472
0.00758596
0.00735602
0.00713065
0.00689599
0.00664486
0.00632051
0.00598215
