0.359987
0.363872
0.341457
0.343055
0.344497
0.322843
0.322857
0.322826
0.322663
0.322576
0.300136
0.29916
0.298152
0.297128
0.296211
0.295177
0.293645
0.271069
0.269421
0.267753
0.266095
0.26464
0.263043
0.260927
0.259285
0.257405
0.235506
0.233349
0.231228
0.229384
0.227377
0.224758
0.222756
0.220576
0.218432
0.216514
0.183508
0.18099
0.178537
0.176423
0.174144
0.171157
0.168941
0.166551
0.164325
0.16225
0.160168
0.158056
0.119069
0.116668
0.114339
0.112347
0.110213
0.107408
0.105383
0.10322
0.101225
0.0993839
0.0975521
0.0957756
0.0940795
0.0924762
0.0637239
0.0622229
0.0606214
0.0585244
0.0570301
0.0554455
0.053996
0.0526692
0.0513602
0.0501016
0.0489108
0.0477948
0.0467091
0.0272442
0.0263618
0.0254286
0.0245788
0.0238053
0.0230471
0.0223233
0.0216437
0.0210119
0.0204024
0.0198041
0.00952655
0.00913784
0.00876892
0.00842493
0.00810763
0.00780393
0.00750838
0.375721
0.378192
0.34845
0.349673
0.350735
0.322423
0.321967
0.321723
0.321413
0.295177
0.293645
0.29254
0.291309
0.290124
0.288989
0.259285
0.257405
0.255691
0.254069
0.252414
0.25077
0.222756
0.220576
0.218432
0.216514
0.214556
0.212625
0.210749
0.208948
0.166551
0.164325
0.16225
0.160168
0.158056
0.156088
0.15421
0.152351
0.150479
0.10322
0.101225
0.0993839
0.0975521
0.0957756
0.0940795
0.0924762
0.0908478
0.0892823
0.0876087
0.0554455
0.053996
0.0526692
0.0513602
0.0501016
0.0489108
0.0477948
0.0467091
0.0456347
0.044505
0.0432546
0.0254286
0.0245788
0.0238053
0.0230471
0.0223233
0.0216437
0.0210119
0.0204024
0.0198041
0.0191796
0.0185111
0.00952655
0.00913784
0.00876892
0.00842493
0.00810763
0.00780393
0.00750838
0.00720326
0.00687971
0.353095
0.354189
0.321082
0.320739
0.320345
0.319908
0.290124
0.288989
0.287814
0.286633
0.285474
0.255691
0.254069
0.252414
0.25077
0.249168
0.247618
0.246068
0.218432
0.216514
0.214556
0.212625
0.210749
0.208948
0.207156
0.205341
0.203387
0.16225
0.160168
0.158056
0.156088
0.15421
0.152351
0.150479
0.148476
0.146267
0.0993839
0.0975521
0.0957756
0.0940795
0.0924762
0.0908478
0.0892823
0.0876087
0.0857809
0.0833587
0.0526692
0.0513602
0.0501016
0.0489108
0.0477948
0.0467091
0.0456347
0.044505
0.0432546
0.0416519
0.0399508
0.0230471
0.0223233
0.0216437
0.0210119
0.0204024
0.0198041
0.0191796
0.0185111
0.0176447
0.0167311
0.00876892
0.00842493
0.00810763
0.00780393
0.00750838
0.00720326
0.00687971
0.00646714
0.00604375
