0.364538
0.367828
0.347605
0.348785
0.349842
0.326848
0.326582
0.326258
0.325789
0.32542
0.302156
0.301007
0.29981
0.298584
0.297478
0.296225
0.294476
0.272408
0.270624
0.268805
0.266982
0.265371
0.263594
0.261312
0.259455
0.257327
0.237256
0.234967
0.232699
0.230717
0.228551
0.225786
0.22359
0.22119
0.218833
0.21671
0.187835
0.185123
0.182466
0.180167
0.17768
0.174482
0.172034
0.169388
0.16692
0.164617
0.162304
0.159963
0.124622
0.121942
0.119335
0.117099
0.114699
0.111598
0.109302
0.106847
0.104582
0.102493
0.100415
0.0984012
0.0964813
0.0946693
0.0675053
0.0657807
0.063938
0.0615692
0.0598412
0.0580078
0.0563311
0.0547976
0.0532867
0.0518356
0.0504655
0.0491846
0.0479415
0.0287365
0.027709
0.0266211
0.0256305
0.0247301
0.023849
0.0230098
0.0222239
0.0214956
0.0207958
0.0201109
0.0102525
0.00979828
0.00936733
0.00896614
0.00859704
0.00824475
0.00790307
0.377434
0.379346
0.35253
0.353284
0.353879
0.324944
0.324163
0.323543
0.322802
0.296225
0.294476
0.293106
0.291567
0.290077
0.288639
0.259455
0.257327
0.255368
0.253506
0.2516
0.249701
0.22359
0.22119
0.218833
0.21671
0.214537
0.21239
0.210301
0.208292
0.169388
0.16692
0.164617
0.162304
0.159963
0.157777
0.155691
0.153626
0.151547
0.106847
0.104582
0.102493
0.100415
0.0984012
0.0964813
0.0946693
0.0928375
0.0910731
0.089191
0.0580078
0.0563311
0.0547976
0.0532867
0.0518356
0.0504655
0.0491846
0.0479415
0.0467145
0.0454284
0.0440122
0.0266211
0.0256305
0.0247301
0.023849
0.0230098
0.0222239
0.0214956
0.0207958
0.0201109
0.0193982
0.0186392
0.0102525
0.00979828
0.00936733
0.00896614
0.00859704
0.00824475
0.00790307
0.00755171
0.00718072
0.35506
0.355528
0.322044
0.321279
0.320447
0.319566
0.290077
0.288639
0.287148
0.285644
0.284158
0.255368
0.253506
0.2516
0.249701
0.247843
0.246044
0.244241
0.218833
0.21671
0.214537
0.21239
0.210301
0.208292
0.20629
0.204261
0.202074
0.164617
0.162304
0.159963
0.157777
0.155691
0.153626
0.151547
0.14932
0.146866
0.102493
0.100415
0.0984012
0.0964813
0.0946693
0.0928375
0.0910731
0.089191
0.0871382
0.0844233
0.0547976
0.0532867
0.0518356
0.0504655
0.0491846
0.0479415
0.0467145
0.0454284
0.0440122
0.0422001
0.0402845
0.023849
0.0230098
0.0222239
0.0214956
0.0207958
0.0201109
0.0193982
0.0186392
0.0176619
0.0166393
0.00936733
0.00896614
0.00859704
0.00824475
0.00790307
0.00755171
0.00718072
0.00671054
0.00623198
