0.368523
0.371065
0.343201
0.344211
0.345144
0.328518
0.328166
0.327784
0.327288
0.326921
0.303679
0.302541
0.301388
0.300232
0.299207
0.298062
0.296429
0.273346
0.271692
0.270014
0.268344
0.266876
0.265262
0.263141
0.26147
0.259555
0.238952
0.236751
0.234573
0.23267
0.230592
0.227886
0.225796
0.223516
0.221273
0.219263
0.187304
0.184677
0.182098
0.179865
0.177448
0.174291
0.171925
0.169369
0.166989
0.164773
0.16255
0.160303
0.122156
0.119621
0.117171
0.115077
0.112839
0.109913
0.107794
0.105529
0.103441
0.101515
0.0996011
0.097747
0.0959798
0.0943122
0.0646258
0.0631067
0.0614985
0.059398
0.0579189
0.0563557
0.0549294
0.0536257
0.0523409
0.0511062
0.049938
0.0488431
0.0477781
0.0268998
0.0261038
0.0252669
0.0245073
0.0238165
0.0231391
0.0224915
0.0218817
0.0213128
0.0207618
0.0202188
0.00891739
0.00860953
0.00831674
0.00804261
0.00778831
0.00754339
0.00730338
0.378626
0.380179
0.347576
0.348292
0.348869
0.326475
0.325731
0.325199
0.324576
0.298062
0.296429
0.295219
0.293876
0.292587
0.291352
0.26147
0.259555
0.257806
0.25615
0.254457
0.252772
0.225796
0.223516
0.221273
0.219263
0.217212
0.21519
0.213228
0.211343
0.169369
0.166989
0.164773
0.16255
0.160303
0.158212
0.15622
0.154254
0.15228
0.105529
0.103441
0.101515
0.0996011
0.097747
0.0959798
0.0943122
0.0926238
0.0910035
0.0892772
0.0563557
0.0549294
0.0536257
0.0523409
0.0511062
0.049938
0.0488431
0.0477781
0.0467239
0.0456151
0.044387
0.0252669
0.0245073
0.0238165
0.0231391
0.0224915
0.0218817
0.0213128
0.0207618
0.0202188
0.0196505
0.0190383
0.00891739
0.00860953
0.00831674
0.00804261
0.00778831
0.00754339
0.00730338
0.00705358
0.00678637
0.35013
0.350689
0.323952
0.323334
0.322665
0.321962
0.292587
0.291352
0.290073
0.288786
0.28752
0.257806
0.25615
0.254457
0.252772
0.251124
0.249525
0.24792
0.221273
0.219263
0.217212
0.21519
0.213228
0.211343
0.209465
0.207563
0.205513
0.164773
0.16255
0.160303
0.158212
0.15622
0.154254
0.15228
0.150173
0.147855
0.101515
0.0996011
0.097747
0.0959798
0.0943122
0.0926238
0.0910035
0.0892772
0.0873982
0.084918
0.0536257
0.0523409
0.0511062
0.049938
0.0488431
0.0477781
0.0467239
0.0456151
0.044387
0.0428147
0.0411476
0.0231391
0.0224915
0.0218817
0.0213128
0.0207618
0.0202188
0.0196505
0.0190383
0.0182395
0.0173904
0.00831674
0.00804261
0.00778831
0.00754339
0.00730338
0.00705358
0.00678637
0.00644151
0.00608216
