0.357805
0.360904
0.343704
0.344639
0.345496
0.323666
0.323336
0.322959
0.322452
0.32206
0.301161
0.30001
0.298814
0.297597
0.296504
0.295272
0.293555
0.273169
0.271352
0.269497
0.267642
0.266007
0.264208
0.261886
0.260022
0.257894
0.23748
0.23515
0.232847
0.230837
0.228646
0.225835
0.223631
0.221229
0.218876
0.216763
0.186295
0.183629
0.181024
0.178775
0.176346
0.17321
0.170834
0.16827
0.16588
0.163655
0.161422
0.159164
0.122728
0.120155
0.117665
0.115537
0.11326
0.110299
0.108138
0.105829
0.1037
0.101737
0.0997852
0.0978934
0.096089
0.0943851
0.0660088
0.064413
0.0627121
0.0605007
0.058916
0.0572368
0.0557017
0.0542972
0.0529122
0.0515806
0.0503212
0.0491413
0.047994
0.0281378
0.027193
0.0261935
0.0252836
0.024456
0.0236451
0.0228717
0.0221459
0.0214716
0.0208216
0.0201838
0.00918166
0.00878078
0.00840052
0.0080465
0.0077206
0.00740933
0.00710714
0.369835
0.371603
0.347658
0.348263
0.34871
0.321572
0.3208
0.320193
0.31948
0.295272
0.293555
0.292223
0.290736
0.289304
0.287929
0.260022
0.257894
0.255944
0.254098
0.252216
0.250349
0.223631
0.221229
0.218876
0.216763
0.214608
0.212486
0.210429
0.208456
0.16827
0.16588
0.163655
0.161422
0.159164
0.157059
0.155053
0.153071
0.151078
0.105829
0.1037
0.101737
0.0997852
0.0978934
0.096089
0.0943851
0.0926587
0.0909984
0.0892258
0.0572368
0.0557017
0.0542972
0.0529122
0.0515806
0.0503212
0.0491413
0.047994
0.0468588
0.0456659
0.0443469
0.0261935
0.0252836
0.024456
0.0236451
0.0228717
0.0221459
0.0214716
0.0208216
0.0201838
0.0195184
0.0188068
0.00918166
0.00878078
0.00840052
0.0080465
0.0077206
0.00740933
0.00710714
0.00679602
0.00646708
0.349653
0.350028
0.318761
0.318045
0.317271
0.316457
0.289304
0.287929
0.286509
0.285081
0.283674
0.255944
0.254098
0.252216
0.250349
0.248528
0.24677
0.245012
0.218876
0.216763
0.214608
0.212486
0.210429
0.208456
0.206496
0.204515
0.202385
0.163655
0.161422
0.159164
0.157059
0.155053
0.153071
0.151078
0.148949
0.146606
0.101737
0.0997852
0.0978934
0.096089
0.0943851
0.0926587
0.0909984
0.0892258
0.0872923
0.0847344
0.0542972
0.0529122
0.0515806
0.0503212
0.0491413
0.047994
0.0468588
0.0456659
0.0443469
0.0426557
0.0408615
0.0236451
0.0228717
0.0221459
0.0214716
0.0208216
0.0201838
0.0195184
0.0188068
0.0178857
0.0169162
0.00840052
0.0080465
0.0077206
0.00740933
0.00710714
0.00679602
0.00646708
0.00604931
0.00562281
