0.363448
0.366845
0.3473
0.348478
0.349559
0.326685
0.326505
0.32629
0.325953
0.325719
0.303265
0.302234
0.301167
0.300084
0.299114
0.298022
0.296438
0.274709
0.273014
0.271276
0.269539
0.26801
0.266326
0.264107
0.26237
0.260386
0.239078
0.236849
0.234643
0.232718
0.230616
0.227881
0.225775
0.223479
0.221227
0.219211
0.187436
0.184858
0.182343
0.180174
0.177834
0.174776
0.172497
0.170038
0.167748
0.165617
0.16348
0.161317
0.122804
0.120347
0.11798
0.115964
0.113812
0.110978
0.108954
0.106796
0.104807
0.102972
0.101148
0.0993794
0.0976915
0.0960961
0.064675
0.0632534
0.0617463
0.0597459
0.0583582
0.0568896
0.0555472
0.0543177
0.0531032
0.0519335
0.050824
0.0497812
0.0487641
0.0274767
0.0267024
0.0258869
0.0251451
0.0244688
0.0238038
0.0231662
0.0225643
0.022001
0.0214537
0.0209129
0.00896998
0.00864513
0.00833628
0.00804708
0.00777868
0.00752005
0.00726645
0.376872
0.378907
0.352437
0.353299
0.353994
0.325413
0.324815
0.324418
0.323942
0.298022
0.296438
0.29527
0.293971
0.292723
0.291526
0.26237
0.260386
0.258578
0.256872
0.255134
0.253412
0.225775
0.223479
0.221227
0.219211
0.217161
0.215146
0.213197
0.21133
0.170038
0.167748
0.165617
0.16348
0.161317
0.159306
0.157391
0.155503
0.153607
0.106796
0.104807
0.102972
0.101148
0.0993794
0.0976915
0.0960961
0.0944747
0.0929194
0.0912587
0.0568896
0.0555472
0.0543177
0.0531032
0.0519335
0.050824
0.0497812
0.0487641
0.0477544
0.0466889
0.0455034
0.0258869
0.0251451
0.0244688
0.0238038
0.0231662
0.0225643
0.022001
0.0214537
0.0209129
0.0203453
0.0197317
0.00896998
0.00864513
0.00833628
0.00804708
0.00777868
0.00752005
0.00726645
0.0070023
0.00671957
0.355545
0.356234
0.323453
0.322957
0.322409
0.321817
0.292723
0.291526
0.290287
0.28904
0.287812
0.258578
0.256872
0.255134
0.253412
0.251734
0.250113
0.248493
0.221227
0.219211
0.217161
0.215146
0.213197
0.21133
0.209477
0.207607
0.205596
0.165617
0.16348
0.161317
0.159306
0.157391
0.155503
0.153607
0.151584
0.149361
0.102972
0.101148
0.0993794
0.0976915
0.0960961
0.0944747
0.0929194
0.0912587
0.089448
0.0870522
0.0543177
0.0531032
0.0519335
0.050824
0.0497812
0.0487641
0.0477544
0.0466889
0.0455034
0.0439813
0.0423599
0.0238038
0.0231662
0.0225643
0.022001
0.0214537
0.0209129
0.0203453
0.0197317
0.0189277
0.0180689
0.00833628
0.00804708
0.00777868
0.00752005
0.00726645
0.0070023
0.00671957
0.00635433
0.0059733
