0.35953
0.363069
0.344911
0.346106
0.347202
0.325288
0.325026
0.32472
0.324292
0.323981
0.302
0.30083
0.299617
0.298394
0.297306
0.29609
0.294358
0.272156
0.270351
0.268514
0.266689
0.265092
0.263343
0.26105
0.25927
0.257251
0.235501
0.233288
0.231111
0.22922
0.227162
0.224492
0.222447
0.220225
0.218048
0.216108
0.185426
0.182916
0.180471
0.178365
0.176096
0.173119
0.170919
0.168549
0.166345
0.164296
0.162242
0.160163
0.120998
0.118616
0.116323
0.11437
0.112287
0.109525
0.107571
0.105489
0.103572
0.101804
0.100046
0.098344
0.0967198
0.0951851
0.0631743
0.061818
0.0603861
0.0584738
0.057166
0.0557842
0.0545226
0.0533679
0.052228
0.0511307
0.0500899
0.0491116
0.0481573
0.0259981
0.0253396
0.0246505
0.0240262
0.0234578
0.0228992
0.0223632
0.0218561
0.0213806
0.0209171
0.0204578
0.00910806
0.00887886
0.00865914
0.00845111
0.00825552
0.00806453
0.0078746
0.373607
0.37576
0.350134
0.35102
0.351739
0.323594
0.322897
0.32243
0.321885
0.29609
0.294358
0.293086
0.291684
0.29035
0.289083
0.25927
0.257251
0.25542
0.253702
0.251962
0.250246
0.222447
0.220225
0.218048
0.216108
0.21414
0.212211
0.210348
0.208568
0.168549
0.166345
0.164296
0.162242
0.160163
0.158233
0.156397
0.154586
0.15277
0.105489
0.103572
0.101804
0.100046
0.098344
0.0967198
0.0951851
0.0936247
0.0921307
0.0905364
0.0557842
0.0545226
0.0533679
0.052228
0.0511307
0.0500899
0.0491116
0.0481573
0.0472099
0.0462098
0.0450954
0.0246505
0.0240262
0.0234578
0.0228992
0.0223632
0.0218561
0.0213806
0.0209171
0.0204578
0.0199749
0.0194503
0.00910806
0.00887886
0.00865914
0.00845111
0.00825552
0.00806453
0.0078746
0.00767369
0.00745509
0.353365
0.354097
0.321339
0.320798
0.320213
0.319594
0.29035
0.289083
0.287783
0.286487
0.28522
0.25542
0.253702
0.251962
0.250246
0.248583
0.246984
0.245392
0.218048
0.216108
0.21414
0.212211
0.210348
0.208568
0.206804
0.205027
0.203119
0.164296
0.162242
0.160163
0.158233
0.156397
0.154586
0.15277
0.150834
0.148705
0.101804
0.100046
0.098344
0.0967198
0.0951851
0.0936247
0.0921307
0.0905364
0.0887998
0.0865038
0.0533679
0.052228
0.0511307
0.0500899
0.0491116
0.0481573
0.0472099
0.0462098
0.0450954
0.0436668
0.0421458
0.0228992
0.0223632
0.0218561
0.0213806
0.0209171
0.0204578
0.0199749
0.0194503
0.0187589
0.0180151
0.00865914
0.00845111
0.00825552
0.00806453
0.0078746
0.00767369
0.00745509
0.00716665
0.00685787
