0.372129
0.375351
0.351705
0.352734
0.35368
0.328459
0.328207
0.327905
0.327471
0.327146
0.305915
0.30482
0.303672
0.302499
0.301445
0.300256
0.298578
0.278894
0.277102
0.275263
0.273422
0.271799
0.270012
0.267694
0.265845
0.263735
0.243826
0.241484
0.23917
0.237153
0.234952
0.232119
0.229913
0.227509
0.225154
0.223045
0.191718
0.189034
0.18642
0.184168
0.18174
0.178586
0.176223
0.173675
0.171302
0.169093
0.166878
0.164637
0.125488
0.122948
0.120499
0.118412
0.116185
0.113262
0.111163
0.108923
0.106858
0.104954
0.103059
0.101222
0.0994682
0.0978098
0.0666613
0.0651397
0.0635217
0.0613874
0.0598904
0.0583059
0.0568578
0.0555321
0.0542236
0.0529641
0.0517707
0.0506503
0.0495584
0.0277606
0.0269132
0.0260178
0.0252026
0.0244605
0.0237323
0.0230365
0.0223818
0.0217718
0.0211817
0.0206009
0.0090385
0.00870882
0.00839495
0.00810148
0.00783002
0.00756947
0.00731517
0.3848
0.386697
0.356137
0.356851
0.357378
0.326732
0.326027
0.325505
0.324889
0.300256
0.298578
0.297294
0.295863
0.294487
0.293171
0.265845
0.263735
0.261806
0.259985
0.258132
0.256298
0.229913
0.227509
0.225154
0.223045
0.220897
0.218786
0.216743
0.214789
0.173675
0.171302
0.169093
0.166878
0.164637
0.16255
0.160563
0.1586
0.156629
0.108923
0.106858
0.104954
0.103059
0.101222
0.0994682
0.0978098
0.0961246
0.0945056
0.0927748
0.0583059
0.0568578
0.0555321
0.0542236
0.0529641
0.0517707
0.0506503
0.0495584
0.0484756
0.0473346
0.0460677
0.0260178
0.0252026
0.0244605
0.0237323
0.0230365
0.0223818
0.0217718
0.0211817
0.0206009
0.0199932
0.0193403
0.0090385
0.00870882
0.00839495
0.00810148
0.00783002
0.00756947
0.00731517
0.00705178
0.00677148
0.358581
0.359087
0.324265
0.32364
0.32296
0.32224
0.294487
0.293171
0.291813
0.29045
0.28911
0.261806
0.259985
0.258132
0.256298
0.254514
0.252794
0.251077
0.225154
0.223045
0.220897
0.218786
0.216743
0.214789
0.212849
0.210893
0.208792
0.169093
0.166878
0.164637
0.16255
0.160563
0.1586
0.156629
0.154524
0.152211
0.104954
0.103059
0.101222
0.0994682
0.0978098
0.0961246
0.0945056
0.0927748
0.0908856
0.0883835
0.0555321
0.0542236
0.0529641
0.0517707
0.0506503
0.0495584
0.0484756
0.0473346
0.0460677
0.0444404
0.0427079
0.0237323
0.0230365
0.0223818
0.0217718
0.0211817
0.0206009
0.0199932
0.0193403
0.01849
0.0175884
0.00839495
0.00810148
0.00783002
0.00756947
0.00731517
0.00705178
0.00677148
0.00641229
0.00604138
