0.363312
0.366521
0.347676
0.348776
0.349793
0.328887
0.328527
0.328098
0.327538
0.327106
0.304543
0.303363
0.302127
0.300868
0.29974
0.298471
0.296702
0.276482
0.274684
0.272868
0.271068
0.269491
0.267762
0.265521
0.263743
0.261715
0.241867
0.239593
0.237366
0.235436
0.233341
0.230626
0.228546
0.226282
0.224059
0.222072
0.188026
0.185576
0.183178
0.181106
0.178864
0.175903
0.173716
0.171351
0.169146
0.167089
0.165021
0.162921
0.123905
0.121513
0.119193
0.117205
0.115072
0.112231
0.110208
0.108042
0.10604
0.10419
0.102346
0.100557
0.0988477
0.0972307
0.0646943
0.0632639
0.0617522
0.0597447
0.0583578
0.0568895
0.0555467
0.0543167
0.0531017
0.0519316
0.0508219
0.0497796
0.0487636
0.0268908
0.0261749
0.0254257
0.0247468
0.0241283
0.02352
0.0229357
0.0223828
0.021864
0.0213585
0.0208577
0.0088466
0.00856015
0.00828796
0.0080323
0.00779376
0.00756253
0.00733422
0.37629
0.378313
0.352507
0.35332
0.353976
0.326578
0.325727
0.325105
0.324385
0.298471
0.296702
0.295353
0.29386
0.292433
0.291072
0.263743
0.261715
0.259868
0.258128
0.256356
0.254602
0.228546
0.226282
0.224059
0.222072
0.220052
0.218064
0.216137
0.214289
0.171351
0.169146
0.167089
0.165021
0.162921
0.160966
0.159101
0.157256
0.155399
0.108042
0.10604
0.10419
0.102346
0.100557
0.0988477
0.0972307
0.0955869
0.0940098
0.0923269
0.0568895
0.0555467
0.0543167
0.0531017
0.0519316
0.0508219
0.0497796
0.0487636
0.0477559
0.0466933
0.0455126
0.0254257
0.0247468
0.0241283
0.02352
0.0229357
0.0223828
0.021864
0.0213585
0.0208577
0.0203312
0.0197597
0.0088466
0.00856015
0.00828796
0.0080323
0.00779376
0.00756253
0.00733422
0.00709446
0.00683567
0.35543
0.356072
0.323671
0.322969
0.322222
0.321445
0.292433
0.291072
0.289675
0.288281
0.286917
0.259868
0.258128
0.256356
0.254602
0.252894
0.251247
0.249603
0.224059
0.222072
0.220052
0.218064
0.216137
0.214289
0.212451
0.210592
0.20859
0.167089
0.165021
0.162921
0.160966
0.159101
0.157256
0.155399
0.153412
0.15122
0.10419
0.102346
0.100557
0.0988477
0.0972307
0.0955869
0.0940098
0.0923269
0.090492
0.0880639
0.0543167
0.0531017
0.0519316
0.0508219
0.0497796
0.0487636
0.0477559
0.0466933
0.0455126
0.0440001
0.0423933
0.02352
0.0229357
0.0223828
0.021864
0.0213585
0.0208577
0.0203312
0.0197597
0.0190077
0.0182008
0.00828796
0.0080323
0.00779376
0.00756253
0.00733422
0.00709446
0.00683567
0.0064975
0.00613971
