0.362839
0.365832
0.343996
0.34505
0.346031
0.326018
0.325748
0.325435
0.325004
0.324691
0.303774
0.302616
0.301426
0.300229
0.299165
0.297976
0.296286
0.2742
0.272442
0.270667
0.268909
0.26737
0.265685
0.263487
0.261763
0.259796
0.238732
0.236535
0.234377
0.232502
0.230463
0.227826
0.225791
0.223576
0.221399
0.219453
0.1885
0.185904
0.183371
0.181188
0.178833
0.175757
0.173464
0.170992
0.16869
0.166545
0.164393
0.162212
0.122839
0.120345
0.117927
0.115856
0.113638
0.110728
0.108621
0.106371
0.104295
0.10238
0.100475
0.0986284
0.0968664
0.0952015
0.0658833
0.064344
0.0627027
0.060555
0.0590228
0.0573967
0.0559081
0.0545445
0.0531982
0.0519027
0.0506762
0.0495261
0.0484068
0.028894
0.0279537
0.0269602
0.0260555
0.0252315
0.0244228
0.0236497
0.0229225
0.0222453
0.0215909
0.0209473
0.0096502
0.00919598
0.00876546
0.00836418
0.00799393
0.0076394
0.00729417
0.374854
0.376725
0.348664
0.349466
0.350109
0.324301
0.323614
0.323144
0.322596
0.297976
0.296286
0.295035
0.293652
0.292331
0.291072
0.261763
0.259796
0.258007
0.256319
0.254601
0.252899
0.225791
0.223576
0.221399
0.219453
0.217468
0.215512
0.213614
0.211792
0.170992
0.16869
0.166545
0.164393
0.162212
0.16018
0.158242
0.156326
0.154396
0.106371
0.104295
0.10238
0.100475
0.0986284
0.0968664
0.0952015
0.0935122
0.0918889
0.0901552
0.0573967
0.0559081
0.0545445
0.0531982
0.0519027
0.0506762
0.0495261
0.0484068
0.0472985
0.0461326
0.0448416
0.0269602
0.0260555
0.0252315
0.0244228
0.0236497
0.0229225
0.0222453
0.0215909
0.0209473
0.0202748
0.0195532
0.0096502
0.00919598
0.00876546
0.00836418
0.00799393
0.0076394
0.00729417
0.00693746
0.00655897
0.35161
0.352299
0.32205
0.321512
0.320932
0.320322
0.292331
0.291072
0.289779
0.288488
0.287227
0.258007
0.256319
0.254601
0.252899
0.251244
0.249646
0.248051
0.221399
0.219453
0.217468
0.215512
0.213614
0.211792
0.20998
0.208145
0.20617
0.166545
0.164393
0.162212
0.16018
0.158242
0.156326
0.154396
0.152331
0.150055
0.10238
0.100475
0.0986284
0.0968664
0.0952015
0.0935122
0.0918889
0.0901552
0.0882636
0.0857589
0.0545445
0.0531982
0.0519027
0.0506762
0.0495261
0.0484068
0.0472985
0.0461326
0.0448416
0.0431865
0.0414295
0.0244228
0.0236497
0.0229225
0.0222453
0.0215909
0.0209473
0.0202748
0.0195532
0.0186159
0.0176258
0.00876546
0.00836418
0.00799393
0.0076394
0.00729417
0.00693746
0.00655897
0.00607585
0.00557959
