0.359243
0.362698
0.343838
0.345003
0.346051
0.32368
0.323431
0.323125
0.322686
0.322352
0.300276
0.29919
0.298051
0.296889
0.295845
0.294667
0.292985
0.271185
0.269499
0.267775
0.26605
0.264529
0.262855
0.260657
0.258927
0.256947
0.235331
0.233214
0.231127
0.229308
0.227323
0.224744
0.222755
0.220584
0.218444
0.216527
0.184408
0.181996
0.179656
0.177645
0.175479
0.172636
0.170529
0.168252
0.166126
0.16414
0.162141
0.160104
0.120717
0.118412
0.116188
0.114291
0.112265
0.109581
0.107667
0.105622
0.103733
0.101985
0.100241
0.0985431
0.0969154
0.0953701
0.0652265
0.0638036
0.0622752
0.0602406
0.0588028
0.0572739
0.0558709
0.0545819
0.0533053
0.0520727
0.0509013
0.0497984
0.0487202
0.0289614
0.0280339
0.0270429
0.0261333
0.025301
0.0244814
0.0236966
0.0229574
0.0222683
0.0216022
0.0209464
0.0101621
0.00968642
0.00923359
0.00881113
0.00842182
0.00804975
0.0076885
0.372819
0.374851
0.348757
0.349544
0.350163
0.321925
0.321191
0.320658
0.320032
0.294667
0.292985
0.291717
0.290304
0.288946
0.287649
0.258927
0.256947
0.255134
0.253418
0.25167
0.249938
0.222755
0.220584
0.218444
0.216527
0.214565
0.21263
0.210751
0.208948
0.168252
0.166126
0.16414
0.162141
0.160104
0.158202
0.156383
0.154578
0.152756
0.105622
0.103733
0.101985
0.100241
0.0985431
0.0969154
0.0953701
0.0937902
0.0922673
0.0906296
0.0572739
0.0558709
0.0545819
0.0533053
0.0520727
0.0509013
0.0497984
0.0487202
0.047648
0.046515
0.0452528
0.0270429
0.0261333
0.025301
0.0244814
0.0236966
0.0229574
0.0222683
0.0216022
0.0209464
0.0202599
0.0195236
0.0101621
0.00968642
0.00923359
0.00881113
0.00842182
0.00804975
0.0076885
0.00731669
0.00692378
0.351507
0.352079
0.319401
0.318773
0.318093
0.317374
0.288946
0.287649
0.286314
0.284976
0.283664
0.255134
0.253418
0.25167
0.249938
0.248253
0.246628
0.245007
0.218444
0.216527
0.214565
0.21263
0.210751
0.208948
0.207156
0.205346
0.203399
0.16414
0.162141
0.160104
0.158202
0.156383
0.154578
0.152756
0.150804
0.148649
0.101985
0.100241
0.0985431
0.0969154
0.0953701
0.0937902
0.0922673
0.0906296
0.0888319
0.0864362
0.0545819
0.0533053
0.0520727
0.0509013
0.0497984
0.0487202
0.047648
0.046515
0.0452528
0.0436235
0.0418781
0.0244814
0.0236966
0.0229574
0.0222683
0.0216022
0.0209464
0.0202599
0.0195236
0.0185668
0.0175547
0.00923359
0.00881113
0.00842182
0.00804975
0.0076885
0.00731669
0.00692378
0.00642536
0.00591756
