0.362593
0.36636
0.343776
0.345421
0.346908
0.326855
0.326916
0.326942
0.32684
0.326809
0.30276
0.301862
0.300933
0.299987
0.299136
0.298173
0.296708
0.272601
0.271058
0.269485
0.267913
0.266527
0.265
0.262953
0.261373
0.259557
0.237937
0.235841
0.23377
0.231962
0.229988
0.227396
0.225416
0.223255
0.221125
0.219221
0.18766
0.185114
0.182622
0.18047
0.178142
0.17508
0.172814
0.170368
0.168091
0.165971
0.163845
0.161692
0.121633
0.119207
0.116863
0.114861
0.11272
0.109891
0.107871
0.105713
0.103725
0.10189
0.100067
0.0983001
0.0966158
0.0950255
0.0640006
0.0625886
0.0610977
0.059126
0.0577609
0.0563175
0.0549992
0.0537928
0.052602
0.0514561
0.0503699
0.0493502
0.0483566
0.0269526
0.0262281
0.0254709
0.024786
0.0241636
0.0235529
0.0229679
0.0224155
0.0218984
0.0213955
0.0208982
0.00879662
0.00854825
0.00831179
0.0080894
0.00788163
0.00767997
0.0074806
0.377683
0.380016
0.350975
0.352226
0.353335
0.326722
0.326336
0.326157
0.325912
0.298173
0.296708
0.295676
0.294525
0.293414
0.292342
0.261373
0.259557
0.257905
0.256343
0.254746
0.253158
0.225416
0.223255
0.221125
0.219221
0.217281
0.215371
0.213518
0.211739
0.170368
0.168091
0.165971
0.163845
0.161692
0.159691
0.157785
0.155905
0.154016
0.105713
0.103725
0.10189
0.100067
0.0983001
0.0966158
0.0950255
0.0934118
0.0918658
0.0902184
0.0563175
0.0549992
0.0537928
0.052602
0.0514561
0.0503699
0.0493502
0.0483566
0.0473714
0.0463329
0.0451785
0.0254709
0.024786
0.0241636
0.0235529
0.0229679
0.0224155
0.0218984
0.0213955
0.0208982
0.0203762
0.0198107
0.00879662
0.00854825
0.00831179
0.0080894
0.00788163
0.00767997
0.0074806
0.00727094
0.00704423
0.355703
0.35679
0.325635
0.325334
0.324977
0.324568
0.293414
0.292342
0.291226
0.290097
0.288981
0.257905
0.256343
0.254746
0.253158
0.251606
0.2501
0.248589
0.221125
0.219221
0.217281
0.215371
0.213518
0.211739
0.209968
0.208175
0.206242
0.165971
0.163845
0.161692
0.159691
0.157785
0.155905
0.154016
0.152001
0.149782
0.10189
0.100067
0.0983001
0.0966158
0.0950255
0.0934118
0.0918658
0.0902184
0.0884253
0.0860573
0.0537928
0.052602
0.0514561
0.0503699
0.0493502
0.0483566
0.0473714
0.0463329
0.0451785
0.0437005
0.0421307
0.0235529
0.0229679
0.0224155
0.0218984
0.0213955
0.0208982
0.0203762
0.0198107
0.019068
0.0182724
0.00831179
0.0080894
0.00788163
0.00767997
0.0074806
0.00727094
0.00704423
0.00674728
0.00643207
