0.365448
0.368605
0.346843
0.347907
0.348917
0.324853
0.324699
0.324518
0.324227
0.324043
0.303014
0.302019
0.300987
0.299943
0.299012
0.297965
0.296431
0.275865
0.274153
0.272408
0.27067
0.269145
0.267471
0.265254
0.26354
0.261586
0.239251
0.237043
0.234869
0.23298
0.230922
0.228237
0.226191
0.223966
0.221781
0.21983
0.186161
0.183747
0.181396
0.17937
0.177186
0.174311
0.172185
0.169889
0.167748
0.165752
0.163746
0.161707
0.123717
0.121342
0.119054
0.117102
0.115017
0.112243
0.110281
0.108185
0.10625
0.104462
0.102681
0.10095
0.0992945
0.097726
0.0647686
0.063369
0.0618836
0.0598964
0.0585286
0.0570806
0.0557563
0.0545424
0.0533425
0.0521858
0.0510875
0.0500541
0.0490449
0.0268689
0.0261482
0.0253862
0.0246908
0.0240552
0.0234288
0.022827
0.0222577
0.0217239
0.0212044
0.0206901
0.0095425
0.00922429
0.00892035
0.00863461
0.00836856
0.00811142
0.00785858
0.378289
0.380327
0.351739
0.35263
0.353338
0.3238
0.323272
0.322968
0.322605
0.297965
0.296431
0.295322
0.294093
0.292918
0.291796
0.26354
0.261586
0.25981
0.258138
0.256438
0.254757
0.226191
0.223966
0.221781
0.21983
0.217847
0.215898
0.214013
0.212209
0.169889
0.167748
0.165752
0.163746
0.161707
0.15981
0.158
0.156211
0.15441
0.108185
0.10625
0.104462
0.102681
0.10095
0.0992945
0.097726
0.0961266
0.0945905
0.0929459
0.0570806
0.0557563
0.0545424
0.0533425
0.0521858
0.0510875
0.0500541
0.0490449
0.048042
0.0469824
0.0458016
0.0253862
0.0246908
0.0240552
0.0234288
0.022827
0.0222577
0.0217239
0.0212044
0.0206901
0.0201493
0.0195636
0.0095425
0.00922429
0.00892035
0.00863461
0.00836856
0.00811142
0.00785858
0.00759452
0.00731105
0.355093
0.355917
0.322236
0.321865
0.32145
0.320999
0.292918
0.291796
0.290638
0.289478
0.288339
0.25981
0.258138
0.256438
0.254757
0.253124
0.251549
0.249977
0.221781
0.21983
0.217847
0.215898
0.214013
0.212209
0.210418
0.208611
0.20667
0.165752
0.163746
0.161707
0.15981
0.158
0.156211
0.15441
0.152485
0.150363
0.104462
0.102681
0.10095
0.0992945
0.097726
0.0961266
0.0945905
0.0929459
0.0911482
0.0887627
0.0545424
0.0533425
0.0521858
0.0510875
0.0500541
0.0490449
0.048042
0.0469824
0.0458016
0.0442831
0.0426619
0.0234288
0.022827
0.0222577
0.0217239
0.0212044
0.0206901
0.0201493
0.0195636
0.0187942
0.0179696
0.00892035
0.00863461
0.00836856
0.00811142
0.00785858
0.00759452
0.00731105
0.00694361
0.00655882
