0.369783
0.37329
0.350976
0.352343
0.353606
0.327252
0.327351
0.327425
0.327385
0.327417
0.30296
0.302232
0.301474
0.300701
0.300005
0.299212
0.297925
0.274301
0.27288
0.271423
0.269968
0.268685
0.267271
0.265312
0.263859
0.262187
0.238448
0.236474
0.234526
0.232826
0.230969
0.228474
0.226628
0.224614
0.222623
0.220852
0.185671
0.18336
0.181108
0.179167
0.177071
0.174258
0.172232
0.170046
0.168009
0.166112
0.164208
0.162271
0.120169
0.118001
0.115924
0.114159
0.11228
0.109738
0.107987
0.10612
0.104397
0.102805
0.101218
0.0996766
0.0982017
0.0968036
0.063035
0.0618206
0.0605452
0.0587975
0.057649
0.0564378
0.0553318
0.0543175
0.0533134
0.0523435
0.0514194
0.0505462
0.0496903
0.0257913
0.0252574
0.0247007
0.0241965
0.0237359
0.023281
0.0228416
0.0224224
0.0220253
0.0216341
0.0212426
0.00878
0.00862271
0.00847011
0.00832333
0.00818279
0.00804303
0.00790138
0.383817
0.385989
0.357101
0.35819
0.359091
0.32741
0.327102
0.327033
0.326918
0.299212
0.297925
0.297077
0.296132
0.295219
0.29434
0.263859
0.262187
0.260672
0.259245
0.257789
0.256344
0.226628
0.224614
0.222623
0.220852
0.219052
0.217283
0.21557
0.213929
0.170046
0.168009
0.166112
0.164208
0.162271
0.160474
0.158763
0.157074
0.155379
0.10612
0.104397
0.102805
0.101218
0.0996766
0.0982017
0.0968036
0.0953723
0.0940042
0.0925396
0.0564378
0.0553318
0.0543175
0.0533134
0.0523435
0.0514194
0.0505462
0.0496903
0.048836
0.0479288
0.0469088
0.0247007
0.0241965
0.0237359
0.023281
0.0228416
0.0224224
0.0220253
0.0216341
0.0212426
0.0208276
0.0203705
0.00878
0.00862271
0.00847011
0.00832333
0.00818279
0.00804303
0.00790138
0.00774849
0.00757869
0.361208
0.362193
0.326774
0.326608
0.326394
0.32613
0.295219
0.29434
0.293421
0.292488
0.291565
0.260672
0.259245
0.257789
0.256344
0.254934
0.253567
0.252197
0.222623
0.220852
0.219052
0.217283
0.21557
0.213929
0.212299
0.210652
0.208879
0.166112
0.164208
0.162271
0.160474
0.158763
0.157074
0.155379
0.153571
0.151582
0.102805
0.101218
0.0996766
0.0982017
0.0968036
0.0953723
0.0940042
0.0925396
0.0909411
0.0888217
0.0543175
0.0533134
0.0523435
0.0514194
0.0505462
0.0496903
0.048836
0.0479288
0.0469088
0.0455959
0.0441878
0.023281
0.0228416
0.0224224
0.0220253
0.0216341
0.0212426
0.0208276
0.0203705
0.0197585
0.0190879
0.00847011
0.00832333
0.00818279
0.00804303
0.00790138
0.00774849
0.00757869
0.00734872
0.00709496
