0.365998
0.369114
0.348259
0.349264
0.350192
0.32516
0.324944
0.324684
0.324296
0.324012
0.300802
0.299829
0.298813
0.297775
0.296839
0.295776
0.294228
0.271932
0.27037
0.268773
0.267171
0.265756
0.264192
0.262115
0.260485
0.258606
0.236735
0.234705
0.232697
0.23094
0.229016
0.226491
0.22455
0.222422
0.220316
0.218426
0.185973
0.183588
0.181259
0.179245
0.177067
0.174184
0.172051
0.16974
0.167578
0.165556
0.163519
0.161443
0.12107
0.118746
0.116504
0.114589
0.112543
0.109819
0.107884
0.105813
0.103899
0.102127
0.100358
0.0986367
0.0969876
0.0954232
0.0636072
0.0622274
0.0607575
0.058797
0.0574339
0.0559882
0.0546632
0.0534466
0.0522417
0.0510778
0.0499711
0.0489283
0.0479085
0.0270547
0.0262669
0.0254293
0.0246623
0.0239603
0.0232681
0.0226033
0.0219749
0.0213862
0.0208141
0.0202483
0.00945928
0.00905258
0.00866416
0.00830006
0.00796255
0.00763797
0.00732066
0.378318
0.380182
0.352623
0.353334
0.353862
0.323644
0.322975
0.322507
0.321948
0.295776
0.294228
0.293073
0.29178
0.290531
0.289328
0.260485
0.258606
0.256884
0.255249
0.253576
0.25191
0.22455
0.222422
0.220316
0.218426
0.21649
0.214575
0.212713
0.210921
0.16974
0.167578
0.165556
0.163519
0.161443
0.159504
0.157648
0.155809
0.153953
0.105813
0.103899
0.102127
0.100358
0.0986367
0.0969876
0.0954232
0.0938269
0.0922895
0.0906405
0.0559882
0.0546632
0.0534466
0.0522417
0.0510778
0.0499711
0.0489283
0.0479085
0.0468937
0.0458205
0.0446237
0.0254293
0.0246623
0.0239603
0.0232681
0.0226033
0.0219749
0.0213862
0.0208141
0.0202483
0.0196535
0.0190109
0.00945928
0.00905258
0.00866416
0.00830006
0.00796255
0.00763797
0.00732066
0.00699151
0.00664078
0.35509
0.355614
0.321377
0.320802
0.320171
0.319497
0.290531
0.289328
0.28808
0.286819
0.285575
0.256884
0.255249
0.253576
0.25191
0.250281
0.248701
0.247117
0.220316
0.218426
0.21649
0.214575
0.212713
0.210921
0.209134
0.207324
0.20537
0.165556
0.163519
0.161443
0.159504
0.157648
0.155809
0.153953
0.151965
0.14977
0.102127
0.100358
0.0986367
0.0969876
0.0954232
0.0938269
0.0922895
0.0906405
0.0888346
0.0864345
0.0534466
0.0522417
0.0510778
0.0499711
0.0489283
0.0479085
0.0468937
0.0458205
0.0446237
0.0430796
0.0414267
0.0232681
0.0226033
0.0219749
0.0213862
0.0208141
0.0202483
0.0196535
0.0190109
0.0181692
0.0172705
0.00866416
0.00830006
0.00796255
0.00763797
0.00732066
0.00699151
0.00664078
0.00619079
0.00572572
