0.993515
0.979737
0.978164
0.977249
0.976799
0.975257
0.973957
0.972662
0.982183
0.978231
0.975435
0.972492
0.969548
0.963812
0.962377
0.960947
0.959167
0.957086
0.95515
0.953423
0.962535
0.958898
0.956126
0.953095
0.950031
0.947425
0.945045
0.942974
0.945607
0.942508
0.94024
0.937812
0.935398
0.933344
0.931435
0.929804
0.928341
0.929057
0.927332
0.925978
0.924458
0.92292
0.921593
0.920307
0.919203
0.918225
0.91766
0.919485
0.918389
0.917438
0.916328
0.915159
0.914155
0.91317
0.912304
0.911499
0.911093
0.910857
0.914255
0.912912
0.911644
0.910129
0.908505
0.907095
0.905707
0.904433
0.903106
0.9024
0.90188
0.897443
0.893497
0.8908
0.888089
0.885481
0.883385
0.881475
0.879845
0.878197
0.877414
0.876881
0.876545
0.857072
0.855754
0.854646
0.853804
0.853107
0.852503
0.852058
0.85154
0.85156
0.851705
0.852028
0.839856
0.835666
0.832605
0.830792
0.829507
0.828727
0.828112
0.828204
0.828513
0.829044
0.829884
0.804214
0.800363
0.798211
0.797265
0.797238
0.79771
0.798779
0.800057
0.801532
0.803761
0.773782
0.774088
0.775621
0.777904
0.78078
0.783846
0.787035
0.791474
0.710232
0.715889
0.721738
0.727398
0.733143
0.74097
0.695933
0.71258
0.727453
0.741588
0.759535
