1.00214
0.984282
0.988869
0.992381
0.984774
0.988647
0.991513
0.994283
0.982124
0.986551
0.989257
0.991501
0.992953
0.960562
0.967453
0.971195
0.973743
0.974816
0.974557
0.973441
0.965391
0.964714
0.96367
0.962036
0.959807
0.957312
0.954421
0.951253
0.941793
0.942005
0.941664
0.940855
0.9396
0.938125
0.936296
0.934185
0.931909
0.936075
0.93655
0.936425
0.935794
0.934625
0.9332
0.931363
0.929255
0.926975
0.924762
0.928048
0.928812
0.928854
0.928379
0.927301
0.925901
0.924038
0.921842
0.919337
0.917063
0.915151
0.917374
0.916278
0.915147
0.913618
0.911722
0.90979
0.907548
0.905079
0.902279
0.900017
0.897838
0.89079
0.887064
0.884601
0.882269
0.880117
0.878324
0.876556
0.87483
0.87292
0.871529
0.870221
0.868975
0.858106
0.85534
0.852976
0.851376
0.850307
0.849518
0.848925
0.848295
0.847986
0.847683
0.84741
0.838891
0.835803
0.833569
0.832319
0.831569
0.831215
0.830905
0.830985
0.831086
0.831175
0.831263
0.807345
0.803328
0.800854
0.799432
0.798804
0.798565
0.798902
0.799391
0.799932
0.800602
0.762622
0.762092
0.762235
0.762696
0.763632
0.764672
0.765705
0.766966
0.72295
0.724188
0.725456
0.726499
0.727342
0.728053
0.723977
0.73272
0.737439
0.739481
0.738451
