0.995485
0.988683
0.989381
0.989337
0.984822
0.98478
0.98428
0.983348
0.97994
0.979365
0.978573
0.97734
0.975647
0.972375
0.97156
0.970673
0.969425
0.967779
0.965941
0.964023
0.959324
0.958556
0.957842
0.956888
0.95565
0.954237
0.952537
0.950603
0.943485
0.943245
0.942972
0.942542
0.94192
0.941123
0.94003
0.938642
0.93702
0.933147
0.933441
0.933493
0.933366
0.933021
0.932478
0.931653
0.930518
0.929128
0.927564
0.927843
0.928014
0.927888
0.927506
0.926854
0.926039
0.924952
0.923599
0.921934
0.920224
0.91869
0.919113
0.918164
0.917199
0.915906
0.914331
0.912751
0.910947
0.908952
0.906671
0.904691
0.902663
0.895954
0.894027
0.892375
0.890464
0.888339
0.886352
0.884203
0.881975
0.879489
0.877528
0.875624
0.873697
0.86846
0.866564
0.864365
0.862202
0.860187
0.858088
0.855982
0.853695
0.851935
0.850314
0.848681
0.850613
0.847438
0.844309
0.841752
0.839197
0.836799
0.834335
0.832497
0.830847
0.82926
0.827558
0.826463
0.821509
0.817647
0.814315
0.811325
0.80847
0.806495
0.80481
0.803283
0.801514
0.776456
0.773229
0.770915
0.769018
0.768025
0.767341
0.766855
0.766448
0.724854
0.727126
0.729694
0.732191
0.734729
0.738213
0.669375
0.681181
0.692101
0.702782
0.716887
