0.991533
0.978384
0.986626
0.991742
0.97734
0.98302
0.986779
0.990061
0.967228
0.971586
0.974354
0.976952
0.979231
0.96302
0.965462
0.967159
0.96879
0.970278
0.9714
0.972235
0.956724
0.957354
0.957871
0.958494
0.959196
0.959805
0.960354
0.960807
0.942693
0.943205
0.943482
0.943739
0.944009
0.944274
0.944561
0.944825
0.944941
0.925758
0.927586
0.92861
0.929412
0.929923
0.930205
0.930373
0.930459
0.930363
0.930343
0.915505
0.917896
0.919187
0.920112
0.920545
0.92059
0.920369
0.919963
0.919291
0.918815
0.918407
0.910996
0.910857
0.910494
0.909823
0.908822
0.9077
0.906348
0.904856
0.903072
0.901789
0.900597
0.895237
0.890641
0.887559
0.884759
0.88225
0.880232
0.878303
0.8765
0.874572
0.873276
0.872111
0.871046
0.864671
0.861324
0.858045
0.85555
0.85372
0.852194
0.850916
0.849586
0.848795
0.84808
0.847419
0.838161
0.833502
0.82965
0.827108
0.825247
0.823985
0.822932
0.822469
0.822146
0.821862
0.821566
0.808408
0.804365
0.801356
0.798953
0.797028
0.795357
0.7945
0.793885
0.793353
0.792653
0.762752
0.762195
0.761602
0.760823
0.760325
0.759839
0.75932
0.758502
0.722695
0.720742
0.719283
0.717998
0.716741
0.714992
0.689324
0.693203
0.696002
0.698156
0.70018
