0.989953
0.977833
0.984513
0.988213
0.965239
0.971298
0.97485
0.97742
0.963924
0.967795
0.969671
0.970764
0.970883
0.961658
0.962765
0.963069
0.962865
0.962044
0.960703
0.959028
0.956119
0.956115
0.955828
0.955191
0.954133
0.952763
0.950984
0.948829
0.94298
0.943466
0.943493
0.943174
0.942432
0.941347
0.939828
0.937918
0.935693
0.930627
0.931501
0.931738
0.931593
0.931007
0.930092
0.928716
0.926945
0.924861
0.922693
0.919807
0.920775
0.921037
0.920891
0.920276
0.91936
0.91803
0.916308
0.914215
0.912134
0.910291
0.905725
0.906088
0.906006
0.905559
0.904693
0.903605
0.90217
0.900415
0.898255
0.896297
0.894279
0.889551
0.887286
0.885757
0.884209
0.882597
0.881057
0.879334
0.877462
0.87524
0.873402
0.871559
0.869685
0.864722
0.861149
0.85784
0.855285
0.853264
0.851399
0.849635
0.847708
0.846278
0.844872
0.84343
0.832615
0.829001
0.826237
0.824528
0.823276
0.822363
0.821492
0.820943
0.820402
0.819775
0.818997
0.807134
0.803381
0.800912
0.799325
0.798376
0.797752
0.797525
0.797392
0.797227
0.79681
0.774534
0.771939
0.769933
0.768152
0.767128
0.766304
0.765482
0.76418
0.71987
0.718978
0.718002
0.716868
0.71548
0.713093
0.729228
0.733921
0.735313
0.734438
0.730116
