0.967445
0.964427
0.9707
0.974345
0.963982
0.968397
0.971233
0.973492
0.963272
0.96612
0.967821
0.969193
0.970027
0.959887
0.961226
0.961979
0.962443
0.962451
0.961886
0.960886
0.949896
0.950517
0.950766
0.950715
0.950238
0.949306
0.947876
0.94595
0.939465
0.939983
0.93995
0.939514
0.938589
0.937285
0.935453
0.93313
0.930461
0.932563
0.933277
0.933055
0.932133
0.930546
0.928655
0.926211
0.923303
0.920101
0.916842
0.925377
0.926112
0.925762
0.9245
0.922312
0.919806
0.916726
0.913238
0.909395
0.905721
0.902634
0.912325
0.91209
0.91124
0.909541
0.906863
0.903843
0.900161
0.896047
0.891603
0.887691
0.883868
0.895519
0.892171
0.889338
0.886135
0.882564
0.879072
0.875112
0.870885
0.86636
0.86259
0.859021
0.855571
0.873349
0.869322
0.864819
0.860633
0.856911
0.853133
0.849336
0.845344
0.842158
0.839223
0.836341
0.843167
0.837052
0.831625
0.827648
0.824115
0.821138
0.818397
0.816382
0.814622
0.812964
0.811251
0.812515
0.807563
0.803912
0.800995
0.798604
0.796506
0.795219
0.794207
0.793327
0.792312
0.765481
0.762489
0.760346
0.758558
0.75769
0.757118
0.756713
0.756328
0.705886
0.708142
0.710481
0.712723
0.71497
0.717994
0.689736
0.700021
0.70944
0.718626
0.730674
