0.982125
0.984497
0.997195
1.00507
0.97917
0.987374
0.9927
0.997216
0.970733
0.97588
0.978713
0.980911
0.982301
0.96576
0.967745
0.968491
0.96859
0.967946
0.966804
0.965387
0.960336
0.959606
0.958603
0.957067
0.955025
0.952822
0.95035
0.947725
0.949533
0.947884
0.946344
0.94438
0.942059
0.939702
0.937074
0.934308
0.931456
0.937895
0.936488
0.935121
0.933313
0.931169
0.929025
0.926563
0.923936
0.921215
0.918724
0.927603
0.926364
0.925125
0.923468
0.921438
0.919401
0.917063
0.914527
0.911805
0.909358
0.907341
0.915616
0.912812
0.910765
0.90847
0.90597
0.903653
0.901154
0.898539
0.895757
0.893443
0.891212
0.888567
0.887427
0.886293
0.884896
0.883386
0.881896
0.880192
0.878333
0.87618
0.874388
0.872628
0.870861
0.870779
0.86739
0.864051
0.861188
0.858812
0.856609
0.854515
0.852263
0.850583
0.848993
0.847401
0.842075
0.837049
0.832886
0.829966
0.82743
0.825375
0.823477
0.822217
0.821113
0.820026
0.818845
0.81265
0.807213
0.803239
0.800139
0.797619
0.795372
0.793953
0.792822
0.791817
0.79057
0.770075
0.768405
0.767329
0.766565
0.766261
0.766087
0.765927
0.765621
0.735661
0.735285
0.735169
0.734997
0.734683
0.733927
0.69784
0.70106
0.702669
0.703201
0.702316
