0.970958
0.973028
0.976565
0.978019
0.975756
0.976934
0.977025
0.976383
0.974697
0.974644
0.974006
0.972711
0.970699
0.973846
0.972771
0.971434
0.969531
0.967037
0.96427
0.961384
0.960364
0.958929
0.957689
0.956019
0.953829
0.951404
0.948583
0.945456
0.938439
0.938851
0.938914
0.938745
0.938229
0.937273
0.935743
0.933666
0.931244
0.940385
0.939896
0.939151
0.938004
0.936547
0.934964
0.932959
0.930508
0.927716
0.92476
0.93445
0.932681
0.931171
0.929293
0.927112
0.924967
0.922522
0.919777
0.916684
0.913641
0.91099
0.906719
0.906132
0.905551
0.904652
0.903331
0.901792
0.899831
0.897468
0.894673
0.891991
0.889181
0.887528
0.886118
0.884876
0.883379
0.881581
0.87969
0.877394
0.874749
0.871649
0.868813
0.865914
0.862902
0.87061
0.866781
0.862772
0.859226
0.856124
0.853
0.849844
0.846449
0.843583
0.84078
0.837828
0.84351
0.838508
0.833834
0.830258
0.826908
0.823849
0.820835
0.818356
0.816008
0.813543
0.810674
0.824
0.819756
0.815494
0.811247
0.807039
0.802793
0.799443
0.796359
0.793302
0.789181
0.780379
0.776889
0.773551
0.770227
0.76735
0.764625
0.761868
0.757919
0.742964
0.736399
0.730817
0.725648
0.720433
0.713143
0.720241
0.719491
0.716565
0.712122
0.704229
