0.974905
0.98285
0.98655
0.988911
0.982336
0.984788
0.986631
0.988427
0.977138
0.978356
0.97955
0.980997
0.982613
0.970164
0.969912
0.970089
0.970824
0.972078
0.973325
0.97444
0.956923
0.957221
0.957536
0.957796
0.95804
0.958402
0.958919
0.959468
0.938352
0.939798
0.940649
0.94139
0.941864
0.941939
0.941669
0.941182
0.940472
0.929213
0.931202
0.931709
0.931511
0.930739
0.929745
0.928483
0.927014
0.925348
0.92388
0.93277
0.931331
0.929639
0.927305
0.924535
0.921997
0.919393
0.916896
0.914434
0.912469
0.910946
0.915675
0.914625
0.913524
0.911861
0.909559
0.907189
0.904493
0.901697
0.898779
0.896527
0.89449
0.899534
0.89687
0.894758
0.892378
0.88965
0.886934
0.883859
0.880643
0.877196
0.87458
0.872218
0.870061
0.879122
0.87428
0.869478
0.865524
0.862267
0.859165
0.856227
0.853258
0.851123
0.849262
0.847578
0.853565
0.847262
0.841971
0.838396
0.835518
0.833315
0.831398
0.830247
0.829356
0.828629
0.828023
0.813373
0.808596
0.805712
0.804127
0.803572
0.803734
0.804412
0.805307
0.806333
0.807789
0.759097
0.760529
0.763272
0.766909
0.770357
0.773777
0.777138
0.781493
0.725754
0.726345
0.727818
0.72959
0.731579
0.734427
0.728148
0.739991
0.749457
0.757528
0.766446
