0.985093
0.980457
0.981948
0.982578
0.977354
0.977697
0.977559
0.977047
0.974245
0.973848
0.973113
0.971893
0.970169
0.972798
0.971098
0.969376
0.967138
0.964386
0.961595
0.958875
0.956793
0.954444
0.95248
0.950092
0.947334
0.944609
0.941732
0.938802
0.936072
0.934995
0.933922
0.932507
0.930783
0.928985
0.926918
0.924694
0.922419
0.929475
0.928962
0.92819
0.926993
0.925442
0.923818
0.921897
0.919779
0.917578
0.915487
0.928682
0.927671
0.926479
0.924768
0.922613
0.920452
0.918005
0.915399
0.912602
0.910142
0.90814
0.918515
0.915243
0.912755
0.909902
0.906774
0.903887
0.900816
0.897685
0.894412
0.891807
0.889355
0.887378
0.884038
0.881533
0.878939
0.876314
0.873982
0.871545
0.869097
0.866497
0.864501
0.862642
0.860867
0.866132
0.862624
0.858925
0.855691
0.852966
0.850371
0.847934
0.84543
0.843608
0.841979
0.840417
0.844567
0.839752
0.83525
0.831836
0.828721
0.826044
0.823466
0.821714
0.820219
0.818833
0.8174
0.806595
0.801658
0.797912
0.794839
0.792295
0.790097
0.788737
0.787699
0.78684
0.785929
0.773549
0.77034
0.767773
0.765445
0.764026
0.762927
0.762018
0.760995
0.722828
0.722392
0.722545
0.722776
0.723055
0.723481
0.676147
0.687001
0.696144
0.704404
0.714407
