0.988169
0.989067
0.988831
0.988764
0.980976
0.981324
0.981693
0.982101
0.970059
0.971392
0.972328
0.973244
0.974067
0.962403
0.963821
0.964803
0.9657
0.966422
0.966781
0.966867
0.959116
0.958942
0.958839
0.958705
0.95851
0.958163
0.957608
0.956833
0.951613
0.950296
0.949266
0.948119
0.946918
0.945751
0.944458
0.943019
0.941378
0.937565
0.937223
0.936573
0.935504
0.934093
0.932615
0.930862
0.928911
0.926792
0.924735
0.925374
0.926061
0.925886
0.925031
0.923481
0.921683
0.919459
0.916935
0.914127
0.911525
0.909339
0.91558
0.915337
0.914486
0.912859
0.910398
0.90769
0.904446
0.90085
0.896911
0.893525
0.890241
0.901452
0.89713
0.893868
0.890317
0.886433
0.882741
0.878673
0.874432
0.869905
0.866188
0.86268
0.859299
0.869502
0.864582
0.85966
0.855461
0.851852
0.848267
0.84473
0.841091
0.838161
0.835428
0.832723
0.845091
0.839115
0.833898
0.830122
0.826752
0.823797
0.820965
0.818765
0.81676
0.814748
0.812538
0.82282
0.81588
0.810309
0.805645
0.801648
0.797991
0.795472
0.793312
0.791277
0.788637
0.758349
0.756321
0.754703
0.753322
0.752431
0.751698
0.750963
0.749809
0.732461
0.730795
0.729107
0.727288
0.725227
0.721976
0.700984
0.700998
0.699055
0.69574
0.689498
