0.988015
0.986344
0.987372
0.987502
0.981677
0.981044
0.980055
0.978623
0.974927
0.973753
0.972357
0.970365
0.967803
0.967429
0.966715
0.965522
0.963641
0.961062
0.958319
0.955573
0.959686
0.959242
0.958421
0.957009
0.954941
0.952609
0.949941
0.947086
0.953258
0.95218
0.951121
0.949758
0.948143
0.946429
0.944406
0.942183
0.939869
0.945345
0.943755
0.942562
0.941203
0.939771
0.938447
0.937005
0.935456
0.933778
0.932229
0.933456
0.931831
0.930739
0.929663
0.928626
0.927685
0.926683
0.925641
0.924422
0.923373
0.922458
0.911893
0.910771
0.910032
0.909329
0.908729
0.908247
0.907752
0.907198
0.906402
0.905858
0.905268
0.886771
0.885695
0.884827
0.883957
0.883198
0.88264
0.882178
0.88179
0.881201
0.880984
0.880751
0.880473
0.862504
0.861229
0.85992
0.858835
0.858026
0.857398
0.856949
0.856392
0.856279
0.856232
0.856224
0.839972
0.838366
0.83692
0.835859
0.834954
0.834295
0.833606
0.833433
0.833371
0.83341
0.833526
0.816124
0.813032
0.810836
0.809122
0.807775
0.806548
0.80606
0.805805
0.805717
0.805869
0.770157
0.767865
0.766646
0.765942
0.766146
0.766665
0.767431
0.768823
0.715322
0.720319
0.725409
0.730355
0.735434
0.742529
0.691594
0.708218
0.723823
0.739211
0.759634
