0.988199
0.972512
0.979375
0.983448
0.964018
0.969976
0.973703
0.976694
0.962559
0.966545
0.968782
0.970549
0.971679
0.963877
0.964896
0.965417
0.965689
0.96563
0.965241
0.964632
0.955301
0.955885
0.955977
0.95582
0.955458
0.954927
0.954186
0.953248
0.938064
0.939074
0.939776
0.940318
0.940501
0.940369
0.939978
0.939363
0.938559
0.92833
0.930159
0.931273
0.932294
0.933095
0.933467
0.933443
0.93302
0.932291
0.931381
0.93683
0.936127
0.935297
0.934201
0.933001
0.93187
0.930606
0.929151
0.927362
0.925741
0.924338
0.928004
0.923401
0.920187
0.916848
0.913636
0.911025
0.908576
0.906313
0.903992
0.902273
0.900619
0.880109
0.879021
0.87811
0.877018
0.875741
0.874533
0.873235
0.871925
0.870431
0.869353
0.868327
0.867276
0.860931
0.860132
0.85891
0.857425
0.85585
0.85406
0.852181
0.850068
0.848476
0.847029
0.845596
0.851552
0.848036
0.844381
0.841257
0.838023
0.834912
0.831679
0.829286
0.827167
0.825162
0.823067
0.823978
0.817634
0.812467
0.807858
0.803606
0.799489
0.796603
0.79414
0.791929
0.789398
0.763607
0.760816
0.758696
0.756834
0.755778
0.754991
0.754387
0.753813
0.703691
0.704549
0.706117
0.707873
0.709831
0.712746
0.68667
0.708677
0.727734
0.745182
0.766335
