0.954852
0.983009
0.976163
0.97153
0.995669
0.9868
0.980698
0.97515
0.974591
0.971286
0.968966
0.966432
0.96372
0.958505
0.958302
0.957845
0.957054
0.955871
0.954472
0.95298
0.9578
0.956122
0.954822
0.953394
0.951926
0.950561
0.949134
0.947658
0.946129
0.945283
0.944543
0.943612
0.942526
0.941439
0.940242
0.938981
0.937605
0.924984
0.926299
0.927004
0.927451
0.927521
0.927274
0.926725
0.925948
0.924941
0.923967
0.916426
0.917778
0.918482
0.918938
0.919034
0.918786
0.918205
0.917328
0.916131
0.915022
0.914038
0.913102
0.911176
0.909786
0.908324
0.90689
0.905604
0.904231
0.902749
0.900982
0.899588
0.898201
0.890102
0.885925
0.883215
0.88076
0.878679
0.877136
0.875788
0.874588
0.873252
0.872318
0.871399
0.870463
0.857553
0.855002
0.852711
0.851036
0.849862
0.848974
0.848312
0.847617
0.847225
0.846814
0.846358
0.837461
0.834963
0.832889
0.831472
0.830309
0.829396
0.828458
0.827906
0.827386
0.826793
0.826028
0.815417
0.811203
0.807945
0.80523
0.802884
0.800635
0.799116
0.797803
0.796532
0.794804
0.768914
0.765289
0.762223
0.75938
0.757361
0.755623
0.753987
0.751782
0.726329
0.725462
0.724514
0.723433
0.722149
0.720041
0.721695
0.722137
0.72081
0.718195
0.712939
