0.983211
0.980253
0.982968
0.98423
0.976515
0.977674
0.978077
0.978
0.971074
0.971755
0.971759
0.971256
0.970163
0.965726
0.966134
0.965933
0.965179
0.96376
0.96193
0.959863
0.958309
0.95809
0.957501
0.95642
0.95479
0.952839
0.95048
0.947798
0.94624
0.946101
0.945555
0.944552
0.943088
0.941379
0.93925
0.936799
0.93414
0.934758
0.93505
0.934766
0.93398
0.932696
0.931182
0.929241
0.92698
0.924474
0.922061
0.923452
0.923747
0.923563
0.922907
0.921726
0.920304
0.918482
0.916355
0.913904
0.911624
0.909692
0.908171
0.907125
0.906304
0.905289
0.903991
0.902571
0.900839
0.898856
0.896555
0.89459
0.892618
0.889671
0.886187
0.883662
0.881259
0.879141
0.877415
0.875679
0.873911
0.871876
0.870339
0.868834
0.867324
0.859286
0.85581
0.852367
0.849636
0.847638
0.846047
0.844758
0.843427
0.842595
0.841821
0.841054
0.827445
0.824582
0.822178
0.820573
0.819383
0.818654
0.818074
0.817929
0.817847
0.81777
0.81765
0.798759
0.796668
0.795275
0.794235
0.793464
0.792785
0.792556
0.792457
0.792395
0.792305
0.771351
0.76873
0.766707
0.764805
0.763649
0.762692
0.761829
0.760724
0.714434
0.714919
0.715708
0.716454
0.717135
0.717879
0.709292
0.715727
0.720304
0.723546
0.725773
