0.968391
0.984115
0.984737
0.984632
0.978126
0.977837
0.977111
0.975949
0.97113
0.970933
0.970221
0.968921
0.967026
0.966
0.965462
0.96458
0.963164
0.961179
0.958969
0.956699
0.9568
0.955723
0.954748
0.953477
0.951869
0.9501
0.948042
0.945787
0.944509
0.942849
0.94177
0.940674
0.939566
0.93844
0.937102
0.93554
0.933784
0.93263
0.930943
0.929884
0.928892
0.928024
0.927235
0.926334
0.925243
0.923944
0.922528
0.921564
0.920269
0.919307
0.918312
0.917385
0.916564
0.915668
0.914638
0.913357
0.912029
0.910805
0.905491
0.905024
0.904291
0.903196
0.901855
0.900569
0.899165
0.897645
0.895885
0.894342
0.89272
0.8848
0.884596
0.883885
0.882565
0.880614
0.878559
0.876205
0.873726
0.870957
0.868771
0.866671
0.86455
0.864398
0.862694
0.860339
0.857597
0.854717
0.851447
0.84803
0.844322
0.841458
0.838869
0.836316
0.842743
0.838679
0.834389
0.830646
0.826654
0.822698
0.818601
0.815431
0.812612
0.809954
0.807204
0.815137
0.80893
0.803967
0.799605
0.795605
0.791858
0.789086
0.786707
0.784586
0.782233
0.774825
0.770172
0.766698
0.763838
0.76216
0.760932
0.760008
0.759161
0.714799
0.717055
0.719702
0.722334
0.725062
0.728889
0.677283
0.688091
0.6979
0.707241
0.71911
