0.997911
0.986634
0.992674
0.996183
0.979605
0.98347
0.98574
0.987414
0.976226
0.978295
0.97922
0.979658
0.979514
0.973681
0.974354
0.974392
0.973977
0.973037
0.971814
0.970443
0.967014
0.966904
0.96647
0.965666
0.964486
0.96315
0.961607
0.959928
0.954411
0.954082
0.95362
0.952906
0.95196
0.950945
0.949764
0.948493
0.947124
0.940947
0.940671
0.940324
0.939814
0.939176
0.938509
0.937745
0.93694
0.936018
0.935298
0.928247
0.928048
0.92776
0.927366
0.9269
0.926449
0.925951
0.925463
0.924844
0.924491
0.924203
0.910412
0.91045
0.910237
0.90989
0.909488
0.909144
0.90881
0.908523
0.908093
0.908058
0.908074
0.889225
0.888557
0.888001
0.887363
0.886707
0.886191
0.885779
0.885499
0.885073
0.885211
0.885454
0.885772
0.871994
0.870043
0.868048
0.866335
0.864933
0.863708
0.862748
0.861695
0.861494
0.861507
0.86175
0.835742
0.833581
0.83204
0.831157
0.830613
0.830447
0.830326
0.830868
0.831591
0.832571
0.833941
0.802808
0.799889
0.798508
0.798145
0.798576
0.799422
0.800899
0.802596
0.804541
0.807526
0.759482
0.760352
0.762767
0.766113
0.770071
0.77424
0.778641
0.78497
0.711508
0.720205
0.72923
0.738114
0.747296
0.76015
0.647254
0.672101
0.695889
0.719895
0.752661
