0.97107
0.981381
0.986249
0.988992
0.978577
0.979958
0.980537
0.980734
0.966923
0.967012
0.966779
0.966163
0.965112
0.945986
0.94981
0.951776
0.952924
0.953013
0.952198
0.950794
0.953942
0.955231
0.955265
0.95446
0.95277
0.950574
0.947843
0.944722
0.955077
0.952816
0.950843
0.948381
0.945507
0.942583
0.939316
0.935874
0.932295
0.934873
0.933019
0.93144
0.929527
0.927383
0.92527
0.922846
0.920251
0.917535
0.915057
0.912027
0.911744
0.911423
0.910957
0.910317
0.909564
0.908547
0.90727
0.905761
0.904245
0.902904
0.921649
0.917558
0.914717
0.911735
0.908779
0.906262
0.903733
0.901215
0.898494
0.896399
0.894393
0.87357
0.872437
0.871798
0.871255
0.87077
0.870321
0.86983
0.86928
0.868491
0.867898
0.867264
0.866582
0.860401
0.858391
0.856531
0.855116
0.854001
0.852981
0.852017
0.850825
0.850093
0.849366
0.848632
0.825812
0.822942
0.82106
0.820147
0.81975
0.819727
0.819788
0.820088
0.820381
0.820655
0.820939
0.809543
0.804724
0.801756
0.799969
0.799038
0.798566
0.798704
0.799019
0.799402
0.799891
0.767363
0.76546
0.764475
0.76391
0.764158
0.764626
0.765168
0.765874
0.712827
0.715223
0.71747
0.719463
0.721294
0.723437
0.743763
0.761601
0.773517
0.781878
0.78863
