0.988547
0.976675
0.988091
0.995097
0.971587
0.979177
0.984196
0.988502
0.966859
0.971565
0.974384
0.976816
0.978653
0.961748
0.964255
0.96564
0.966605
0.967022
0.966905
0.966418
0.953756
0.955023
0.955468
0.955474
0.954973
0.954102
0.952888
0.9514
0.943684
0.944234
0.944181
0.943691
0.942743
0.941546
0.940006
0.93823
0.936277
0.934748
0.934601
0.934191
0.933394
0.932207
0.930879
0.929258
0.927441
0.925452
0.923644
0.926589
0.92564
0.924709
0.923517
0.922079
0.920601
0.918899
0.917072
0.915048
0.913288
0.911838
0.913642
0.911475
0.909775
0.907847
0.905828
0.904036
0.902164
0.900239
0.898154
0.896543
0.894993
0.891941
0.888702
0.886145
0.883471
0.880829
0.878602
0.876432
0.874403
0.872248
0.870813
0.869514
0.868274
0.858967
0.856397
0.853584
0.851019
0.848864
0.846861
0.845072
0.843232
0.842109
0.841202
0.840407
0.830568
0.828288
0.826046
0.824225
0.822475
0.820974
0.819488
0.818627
0.817962
0.817456
0.817047
0.810626
0.80664
0.803615
0.80103
0.798751
0.79658
0.795325
0.794388
0.793679
0.793128
0.758972
0.755981
0.754278
0.753242
0.753194
0.753518
0.75415
0.755466
0.705859
0.710716
0.715907
0.721076
0.726473
0.734142
0.680393
0.697654
0.714287
0.731059
0.75384
