0.990139
0.981792
0.98324
0.983732
0.978317
0.978662
0.978454
0.977821
0.972824
0.972431
0.971782
0.970713
0.969202
0.965343
0.964886
0.964259
0.96328
0.961893
0.960305
0.958622
0.957444
0.956715
0.956039
0.955129
0.953952
0.952621
0.951038
0.949252
0.946133
0.94534
0.944723
0.943983
0.943112
0.942164
0.940997
0.939616
0.938067
0.93586
0.935431
0.934994
0.934403
0.933681
0.932894
0.931919
0.93075
0.929395
0.927995
0.928694
0.928322
0.927743
0.926878
0.925789
0.924677
0.923385
0.921956
0.920294
0.918762
0.917438
0.914818
0.914102
0.913141
0.911708
0.909894
0.908121
0.90617
0.904131
0.901887
0.900124
0.898406
0.889272
0.88836
0.887182
0.885532
0.883433
0.881333
0.879008
0.876629
0.87402
0.872138
0.870426
0.868791
0.864256
0.862267
0.859865
0.857369
0.854986
0.852458
0.84994
0.847269
0.845389
0.843786
0.842327
0.842625
0.83928
0.836091
0.833485
0.830881
0.828487
0.826066
0.824418
0.823049
0.821893
0.820871
0.818011
0.811937
0.807569
0.804155
0.801383
0.798992
0.797667
0.796751
0.796147
0.795863
0.763533
0.762212
0.762231
0.763077
0.764634
0.76647
0.768552
0.771752
0.723892
0.729828
0.736068
0.742217
0.748564
0.757429
0.664357
0.682391
0.699773
0.717271
0.740918
