0.963054
0.972447
0.97199
0.971044
0.974576
0.97272
0.970819
0.968459
0.972016
0.969605
0.967468
0.964758
0.961492
0.965786
0.963616
0.961619
0.959117
0.956056
0.952852
0.949636
0.956885
0.955116
0.953516
0.951424
0.948831
0.946061
0.942904
0.939451
0.947308
0.945769
0.944383
0.942591
0.940386
0.938009
0.935193
0.932031
0.928665
0.938677
0.937296
0.935981
0.934247
0.932156
0.929971
0.927337
0.92436
0.921191
0.918017
0.930353
0.92915
0.927829
0.92602
0.923795
0.921528
0.918868
0.915886
0.912631
0.909491
0.906822
0.916393
0.914891
0.913308
0.911147
0.908486
0.905864
0.902912
0.899711
0.896243
0.893196
0.890178
0.890918
0.889192
0.887651
0.885686
0.883244
0.88078
0.877977
0.874991
0.871732
0.868981
0.866338
0.863718
0.870236
0.867798
0.86512
0.862502
0.859953
0.857151
0.854212
0.851024
0.848429
0.845988
0.843544
0.855363
0.850257
0.84555
0.841858
0.838233
0.834801
0.831273
0.828568
0.826106
0.823685
0.821107
0.816743
0.810159
0.805398
0.801678
0.798628
0.795955
0.794146
0.792634
0.791266
0.789609
0.767904
0.765108
0.763396
0.762279
0.761933
0.761852
0.761882
0.761965
0.722748
0.723411
0.724469
0.725534
0.726553
0.727744
0.690867
0.705183
0.715763
0.724341
0.733423
