0.971803
0.980916
0.984103
0.985852
0.978945
0.981084
0.982532
0.983648
0.972729
0.974535
0.975649
0.976613
0.977259
0.962655
0.965461
0.967069
0.968132
0.968543
0.96832
0.967646
0.949597
0.952413
0.954065
0.955343
0.955904
0.955571
0.954469
0.952726
0.943175
0.943135
0.942719
0.941961
0.940941
0.939752
0.938186
0.936185
0.933816
0.933967
0.932154
0.930816
0.929336
0.92773
0.926193
0.924481
0.922571
0.92048
0.918277
0.916934
0.917177
0.916984
0.916412
0.915463
0.914287
0.912739
0.910889
0.908702
0.906477
0.904518
0.901897
0.903005
0.903057
0.902417
0.901002
0.899261
0.897071
0.89452
0.891637
0.889017
0.886358
0.889695
0.888781
0.887411
0.885388
0.882731
0.879986
0.876793
0.873369
0.869682
0.866664
0.863799
0.860976
0.873052
0.870418
0.867055
0.863478
0.859978
0.856196
0.852313
0.848172
0.844914
0.841982
0.839118
0.853012
0.847893
0.842596
0.838112
0.833518
0.82915
0.824737
0.821416
0.818497
0.815782
0.813009
0.810828
0.804857
0.800205
0.796176
0.792553
0.789184
0.786858
0.784931
0.78328
0.781589
0.765321
0.761859
0.75954
0.757743
0.756993
0.756604
0.75649
0.756741
0.698313
0.701171
0.704759
0.708431
0.71232
0.717891
0.672791
0.693571
0.711851
0.728889
0.750081
