0.970958
0.959724
0.972615
0.980494
0.962761
0.971631
0.977486
0.982473
0.971807
0.976682
0.97955
0.981918
0.983544
0.975459
0.97617
0.976361
0.976165
0.975417
0.974199
0.972668
0.960972
0.960272
0.959374
0.958038
0.956287
0.954332
0.952037
0.949436
0.941125
0.941985
0.941822
0.940889
0.939172
0.93711
0.934558
0.93167
0.928575
0.930726
0.93233
0.932662
0.93209
0.930468
0.928302
0.925428
0.922124
0.918607
0.915271
0.92708
0.927659
0.927393
0.926346
0.924378
0.92194
0.918789
0.91518
0.911269
0.907654
0.904697
0.929744
0.926018
0.922932
0.919387
0.915553
0.911947
0.907996
0.903815
0.899442
0.895768
0.892268
0.90442
0.898332
0.893974
0.889619
0.885486
0.882152
0.878961
0.875929
0.872871
0.870474
0.868249
0.866121
0.874706
0.870801
0.866758
0.863192
0.860193
0.857407
0.854928
0.852474
0.850741
0.849202
0.847725
0.843543
0.839985
0.836743
0.834251
0.831897
0.829832
0.827808
0.826485
0.825374
0.824352
0.8233
0.813586
0.809784
0.80695
0.804614
0.80259
0.800693
0.799464
0.798466
0.797605
0.796671
0.779146
0.776266
0.77425
0.772629
0.771847
0.771337
0.770992
0.770717
0.720401
0.721519
0.723262
0.725146
0.72717
0.730036
0.702199
0.712424
0.721079
0.728867
0.738083
