1e-05  0  0.000283939  11.0155  0  0  0  0  0  0  0  13.199  0  0  0
1.09199e-05  0  0.000283516  11.0005  0  0  0  0  0  0  0  13.1862  0  0  0
1.19243e-05  0  0.000283075  10.9848  0  0  0  0  0  0  0  13.1729  0  0  0
1.30212e-05  0  0.000282616  10.9684  0  0  0  0  0  0  0  13.159  0  0  0
1.4219e-05  0  0.000282138  10.9513  0  0  0  0  0  0  0  13.1445  0  0  0
1.55269e-05  0  0.00028164  10.9336  0  0  0  0  0  0  0  13.1294  0  0  0
1.69551e-05  0  0.000281122  10.915  0  0  0  0  0  0  0  13.1137  0  0  0
1.85147e-05  0  0.000280583  10.8957  0  0  0  0  0  0  0  13.0973  0  0  0
2.02177e-05  0  0.000280022  10.8756  0  0  0  0  0  0  0  13.0803  0  0  0
2.20773e-05  0  0.000279438  10.8547  0  0  0  0  0  0  0  13.0625  0  0  0
2.4108e-05  0  0.000278831  10.8329  0  0  0  0  0  0  0  13.044  0  0  0
2.63254e-05  0  0.000278199  10.8101  0  0  0  0  0  0  0  13.0247  0  0  0
2.87468e-05  0  0.000277542  10.7864  0  0  0  0  0  0  0  13.0046  0  0  0
3.13908e-05  0  0.000276859  10.7618  0  0  0  0  0  0  0  12.9836  0  0  0
3.42779e-05  0  0.000276149  10.7361  0  0  0  0  0  0  0  12.9618  0  0  0
3.74305e-05  0  0.000275411  10.7093  0  0  0  0  0  0  0  12.9391  0  0  0
4.0873e-05  0  0.000274643  10.6814  0  0  0  0  0  0  0  12.9154  0  0  0
4.4632e-05  0  0.000273846  10.6524  0  0  0  0  0  0  0  12.8908  0  0  0
4.87366e-05  0  0.000273018  10.6222  0  0  0  0  0  0  0  12.8652  0  0  0
5.32186e-05  0  0.000272159  10.5907  0  0  0  0  0  0  0  12.8384  0  0  0
5.81127e-05  0  0.000271266  10.5579  0  0  0  0  0  0  0  12.8106  0  0  0
6.34566e-05  0  0.00027034  10.5238  0  0  0  0  0  0  0  12.7817  0  0  0
6.92917e-05  0  0.000269378  10.4882  0  0  0  0  0  0  0  12.7516  0  0  0
7.56631e-05  0  0.000268381  10.4512  0  0  0  0  0  0  0  12.7202  0  0  0
8.26202e-05  0  0.000267347  10.4127  0  0  0  0  0  0  0  12.6876  0  0  0
9.02165e-05  0  0.000266275  10.3726  0  0  0  0  0  0  0  12.6536  0  0  0
9.85109e-05  0  0.000265164  10.3309  0  0  0  0  0  0  0  12.6182  0  0  0
0.000107567  0  0.000264014  10.2874  0  0  0  0  0  0  0  12.5815  0  0  0
0.000117456  0  0.000262823  10.2422  0  0  0  0  0  0  0  12.5432  0  0  0
0.000128253  0  0.00026159  10.1951  0  0  0  0  0  0  0  12.5034  0  0  0
0.000140041  0  0.000260315  10.1461  0  0  0  0  0  0  0  12.462  0  0  0
0.000152912  0  0.000258997  10.0952  0  0  0  0  0  0  0  12.419  0  0  0
0.000166965  0  0.000257635  10.0421  0  0  0  0  0  0  0  12.3742  0  0  0
0.000182307  0  0.000256228  9.98691  0  0  0  0  0  0  0  12.3277  0  0  0
0.000199058  0  0.000254776  9.92947  0  0  0  0  0  0  0  12.2793  0  0  0
0.000217347  0  0.000253278  9.86971  0  0  0  0  0  0  0  12.229  0  0  0
0.000237312  0  0.000251735  9.80754  0  0  0  0  0  0  0  12.1768  0  0  0
0.00025911  0  0.000250144  9.74287  0  0  0  0  0  0  0  12.1225  0  0  0
0.000282906  0  0.000248508  9.67559  0  0  0  0  0  0  0  12.0662  0  0  0
0.000308883  0  0.000246825  9.60563  0  0  0  0  0  0  0  12.0076  0  0  0
0.00033724  0  0.000245096  9.53286  0  0  0  0  0  0  0  11.9469  0  0  0
0.000368196  0  0.00024332  9.45719  0  0  0  0  0  0  0  11.8838  0  0  0
0.000401985  0  0.0002415  9.37853  0  0  0  0  0  0  0  11.8184  0  0  0
0.000438868  0  0.000239634  9.29676  0  0  0  0  0  0  0  11.7506  0  0  0
0.000479125  0  0.000237724  9.21177  0  0  0  0  0  0  0  11.6803  0  0  0
0.000523063  0  0.000235772  9.12347  0  0  0  0  0  0  0  11.6076  0  0  0
0.000571017  0  0.000233778  9.03175  0  0  0  0  0  0  0  11.5322  0  0  0
0.000623351  0  0.000231743  8.93652  0  0  0  0  0  0  0  11.4544  0  0  0
0.000680461  0  0.000229669  8.83769  0  0  0  0  0  0  0  11.3739  0  0  0
0.000742781  0  0.000227558  8.73517  0  0  0  0  0  0  0  11.2909  0  0  0
0.000810781  0  0.000225412  8.62891  0  0  0  0  0  0  0  11.2055  0  0  0
0.000884973  0  0.00022323  8.51884  0  0  0  0  0  0  0  11.1176  0  0  0
0.000965915  0  0.000221016  8.40495  0  0  0  0  0  0  0  11.0274  0  0  0
0.00105421  0  0.000218769  8.28725  0  0  0  0  0  0  0  10.9351  0  0  0
0.00115053  0  0.000216489  8.16578  0  0  0  0  0  0  0  10.8411  0  0  0
0.00125558  0  0.000214176  8.04066  0  0  0  0  0  0  0  10.7455  0  0  0
0.00137014  0  0.000211827  7.91203  0  0  0  0  0  0  0  10.649  0  0  0
0.00149506  0  0.000209439  7.78015  0  0  0  0  0  0  0  10.5521  0  0  0
0.00163126  0  0.000207005  7.64536  0  0  0  0  0  0  0  10.4556  0  0  0
0.00177974  0  0.000204516  7.50811  0  0  0  0  0  0  0  10.3606  0  0  0
0.00194158  0  0.00020196  7.36901  0  0  0  0  0  0  0  10.2682  0  0  0
0.00211795  0  0.000199319  7.22879  0  0  0  0  0  0  0  10.18  0  0  0
0.00231012  0  0.000196574  7.08838  0  0  0  0  0  0  0  10.0979  0  0  0
0.00251947  0  0.000193696  6.94886  0  0  0  0  0  0  0  10.024  0  0  0
0.00274748  0  0.000190657  6.81151  0  0  0  0  0  0  0  9.96086  0  0  0
0.00299576  0  0.000187422  6.67773  0  0  0  0  0  0  0  9.91136  0  0  0
0.00326605  0  0.000183956  6.54903  0  0  0  0  0  0  0  9.87853  0  0  0
0.00356021  0  0.000180229  6.42686  0  0  0  0  0  0  0  9.86546  0  0  0
0.00388027  0  0.000176215  6.31254  0  0  0  0  0  0  0  9.87502  0  0  0
0.00422838  0  0.000171909  6.20704  0  0  0  0  0  0  0  9.90945  0  0  0
0.00460689  0  0.000167325  6.11073  0  0  0  0  0  0  0  9.97  0  0  0
0.00501829  0  0.000162508  6.02325  0  0  0  0  0  0  0  10.0564  0  0  0
0.00546526  0  0.000157535  5.9433  0  0  0  0  0  0  0  10.1664  0  0  0
0.00595067  0  0.000152516  5.86871  0  0  0  0  0  0  0  10.296  0  0  0
0.00647757  0  0.000147581  5.79657  0  0  0  0  0  0  0  10.4391  0  0  0
0.00704924  0  0.000142867  5.72366  0  0  0  0  0  0  0  10.5885  0  0  0
0.00766915  0  0.000138505  5.64687  0  0  0  0  0  0  0  10.7367  0  0  0
0.00834097  0  0.000134603  5.56374  0  0  0  0  0  0  0  10.8769  0  0  0
0.0090686  0  0.000131233  5.47286  0  0  0  0  0  0  0  11.0036  0  0  0
0.00985616  0  0.00012843  5.37406  0  0  0  0  0  0  0  11.1139  0  0  0
0.010708  0  0.000126193  5.26839  0  0  0  0  0  0  0  11.2069  0  0  0
0.0116286  0  0.000124489  5.15792  0  0  0  0  0  0  0  11.284  0  0  0
0.0126229  0  0.000123261  5.04546  0  0  0  0  0  0  0  11.3481  0  0  0
0.0136956  0  0.000122439  4.93419  0  0  0  0  0  0  0  11.4034  0  0  0
0.0148521  0  0.000121942  4.82736  0  0  0  0  0  0  0  11.4547  0  0  0
0.0160977  0  0.000121686  4.72804  0  0  0  0  0  0  0  11.5067  0  0  0
0.0174377  0  0.00012159  4.63888  0  0  0  0  0  0  0  11.5641  0  0  0
0.0188781  0  0.000121576  4.56206  0  0  0  0  0  0  0  11.6308  0  0  0
0.0204243  0  0.000121577  4.49907  0  0  0  0  0  0  0  11.7102  0  0  0
0.0220824  0  0.000121532  4.45079  0  0  0  0  0  0  0  11.8048  0  0  0
0.0238583  0  0.000121396  4.4173  0  0  0  0  0  0  0  11.9162  0  0  0
0.0257578  0  0.000121135  4.39799  0  0  0  0  0  0  0  12.045  0  0  0
0.027787  0  0.000120731  4.3915  0  0  0  0  0  0  0  12.1909  0  0  0
0.0299516  0  0.000120178  4.39569  0  0  0  0  0  0  0  12.3527  0  0  0
0.0322576  0  0.000119486  4.40776  0  0  0  0  0  0  0  12.5282  0  0  0
0.0347104  0  0.000118677  4.42425  0  0  0  0  0  0  0  12.7147  0  0  0
0.0373157  0  0.000117782  4.4412  0  0  0  0  0  0  0  12.9085  0  0  0
0.0400785  0  0.000116842  4.45419  0  0  0  0  0  0  0  13.1053  0  0  0
0.043004  0  0.000115903  4.45869  0  0  0  0  0  0  0  13.3008  0  0  0
0.0460967  0  0.000115014  4.45011  0  0  0  0  0  0  0  13.4902  0  0  0
0.0493609  0  0.000114221  4.42416  0  0  0  0  0  0  0  13.6687  0  0  0
0.0528007  0  0.00011357  4.37705  0  0  0  0  0  0  0  13.8318  0  0  0
0.0564196  0  0.000113098  4.30577  0  0  0  0  0  0  0  13.9752  0  0  0
0.0602206  0  0.000112839  4.20825  0  0  0  0  0  0  0  14.0954  0  0  0
0.0642064  0  0.000112813  4.08354  0  0  0  0  0  0  0  14.1893  0  0  0
0.0683793  0  0.000113035  3.9319  0  0  0  0  0  0  0  14.2548  0  0  0
0.072741  0  0.000113507  3.75476  0  0  0  0  0  0  0  14.2905  0  0  0
0.0772927  0  0.000114221  3.55463  0  0  0  0  0  0  0  14.2955  0  0  0
0.0820352  0  0.000115158  3.335  0  0  0  0  0  0  0  14.27  0  0  0
0.0869689  0  0.000116292  3.10007  0  0  0  0  0  0  0  14.2145  0  0  0
0.0920937  0  0.000117586  2.85448  0  0  0  0  0  0  0  14.13  0  0  0
0.097409  0  0.000118997  2.60307  0  0  0  0  0  0  0  14.0177  0  0  0
0.102914  0  0.000120475  2.35058  0  0  0  0  0  0  0  13.8787  0  0  0
0.108607  0  0.000121969  2.10141  0  0  0  0  0  0  0  13.7141  0  0  0
0.114487  0  0.000123424  1.85944  0  0  0  0  0  0  0  13.5244  0  0  0
0.120552  0  0.00012479  1.62792  0  0  0  0  0  0  0  13.3097  0  0  0
0.126799  0  0.000126017  1.40942  0  0  0  0  0  0  0  13.0696  0  0  0
0.133226  0  0.000127066  1.20575  0  0  0  0  0  0  0  12.8027  0  0  0
0.13983  0  0.000127906  1.01815  0  0  0  0  0  0  0  12.5076  0  0  0
0.146608  0  0.000128523  0.84727  0  0  0  0  0  0  0  12.1823  0  0  0
0.153557  0  0.000128916  0.693358  0  0  0  0  0  0  0  11.8247  0  0  0
0.160674  0  0.000129107  0.556369  0  0  0  0  0  0  0  11.4332  0  0  0
0.167955  0  0.000129138  0.43606  0  0  0  0  0  0  0  11.007  0  0  0
0.175396  0  0.000129076  0.332083  0  0  0  0  0  0  0  10.5465  0  0  0
0.182995  0  0.000129014  0.243998  0  0  0  0  0  0  0  10.0534  0  0  0
0.190747  0  0.000129064  0.171282  0  0  0  0  0  0  0  9.53125  0  0  0
0.198649  0  0.000129366  0.113257  0  0  0  0  0  0  0  8.98519  0  0  0
0.206698  0  0.000130074  0.0690295  0  0  0  0  0  0  0  8.42177  0  0  0
0.214888  0  0.00013136  0.0373924  0  0  0  0  0  0  0  7.84858  0  0  0
0.223217  0  0.000133403  0.0167789  0  0  0  0  0  0  0  7.27368  0  0  0
0.231682  0  0.000136388  0.00524982  0  0  0  0  0  0  0  6.70504  0  0  0
0.240277  0  0.000140493  0.000550886  0  0  0  0  0  0  0  6.14998  0  0  0
0.249001  0  0.000145871  0.000256537  0  0  0  0  0  0  0  5.61464  0  0  0
0.257849  0  0.00015262  0.00198877  0  0  0  0  0  0  0  5.10367  0  0  0
0.266818  0  0.000160708  0.00371112  0  0  0  0  0  0  0  4.61985  0  0  0
0.275904  0  0.000169831  0.00407323  0  0  0  0  0  0  0  4.16404  0  0  0
0.285104  0  0.000179145  0.00276547  0  0  0  0  0  0  0  3.73495  0  0  0
0.294416  0  0.00018677  0.00075365  0  0  0  0  0  0  0  3.3292  0  0  0
0.303834  0  0.00018902  8.84125e-05  0  0  0  0  0  0  0  2.94145  0  0  0
0.313358  0  0.000179592  0.00273061  0  0  0  0  0  0  0  2.56476  0  0  0
0.322983  0  0.000149949  0.00808001  0  0  0  0  0  0  0  2.19118  0  0  0
0.332707  0  9.45862e-05  0.0110725  0  0  0  0  0  0  0  1.81256  0  0  0
0.342526  0  2.69549e-05  0.00657488  0  0  0  0  0  0  0  1.42173  0  0  0
0.352439  0  3.20583e-06  0.000245708  0  0  0  0  0  0  0  1.01789  0  0  0
0.362442  0  0.000119677  0.00398943  0  0  0  0  0  0  0  0.622217  0  0  0
0.372533  0  0.000441673  0.0125284  0  0  0  0  0  0  0  0.290119  0  0  0
0.382709  0  0.000920511  0.012118  0  0  0  0  0  0  0  0.0809117  0  0  0
0.392967  0  0.00142179  0.00527834  0  0  0  0  0  0  0  0.00334861  0  0  0
0.403306  0  0.00183174  0.000671719  0  0  0  0  0  0  0  0.0152312  0  0  0
0.413723  0  0.00210967  0.000191566  0  0  0  0  0  0  0  0.0672522  0  0  0
0.424216  0  0.00226829  0.00176303  0  0  0  0  0  0  0  0.128969  0  0  0
0.434783  0  0.00233884  0.00354494  0  0  0  0  0  0  0  0.187735  0  0  0
0.445422  0  0.00235108  0.00473541  0  0  0  0  0  0  0  0.240142  0  0  0
0.45613  0  0.00232723  0.00515569  0  0  0  0  0  0  0  0.286069  0  0  0
0.466905  0  0.00228217  0.00489025  0  0  0  0  0  0  0  0.326054  0  0  0
0.477747  0  0.00222536  0.00412348  0  0  0  0  0  0  0  0.360446  0  0  0
0.488653  0  0.00216264  0.00307615  0  0  0  0  0  0  0  0.389283  0  0  0
0.499621  0  0.0020976  0.00197013  0  0  0  0  0  0  0  0.41239  0  0  0
0.510649  0  0.00203239  0.00100155  0  0  0  0  0  0  0  0.429505  0  0  0
0.521736  0  0.00196828  0.000319691  0  0  0  0  0  0  0  0.440401  0  0  0
0.532881  0  0.00190605  1.35571e-05  0  0  0  0  0  0  0  0.444958  0  0  0
0.544082  0  0.00184611  0.00010826  0  0  0  0  0  0  0  0.443216  0  0  0
0.555337  0  0.0017887  0.000571292  0  0  0  0  0  0  0  0.435398  0  0  0
0.566644  0  0.00173391  0.00132535  0  0  0  0  0  0  0  0.421915  0  0  0
0.578004  0  0.00168178  0.00226478  0  0  0  0  0  0  0  0.403345  0  0  0
0.589413  0  0.00163229  0.00327384  0  0  0  0  0  0  0  0.380416  0  0  0
0.600872  0  0.00158539  0.00424109  0  0  0  0  0  0  0  0.35396  0  0  0
0.612378  0  0.00154101  0.00507282  0  0  0  0  0  0  0  0.324884  0  0  0
0.62393  0  0.0014991  0.0056999  0  0  0  0  0  0  0  0.294109  0  0  0
0.635528  0  0.00145956  0.00608129  0  0  0  0  0  0  0  0.262542  0  0  0
0.64717  0  0.00142234  0.00620432  0  0  0  0  0  0  0  0.23103  0  0  0
0.658855  0  0.00138735  0.00608006  0  0  0  0  0  0  0  0.200331  0  0  0
0.670582  0  0.00135451  0.00573932  0  0  0  0  0  0  0  0.171085  0  0  0
0.68235  0  0.00132374  0.00522601  0  0  0  0  0  0  0  0.143805  0  0  0
0.694158  0  0.00129495  0.00459054  0  0  0  0  0  0  0  0.118867  0  0  0
0.706005  0  0.00126806  0.00388462  0  0  0  0  0  0  0  0.0965104  0  0  0
0.71789  0  0.00124296  0.00315749  0  0  0  0  0  0  0  0.0768527  0  0  0
0.729812  0  0.00121954  0.00245163  0  0  0  0  0  0  0  0.0599024  0  0  0
0.741771  0  0.00119764  0.00180223  0  0  0  0  0  0  0  0.0455766  0  0  0
0.753765  0  0.00117707  0.00123556  0  0  0  0  0  0  0  0.0337225  0  0  0
0.765793  0  0.00115753  0.00076922  0  0  0  0  0  0  0  0.0241382  0  0  0
0.777856  0  0.00113858  0.000413124  0  0  0  0  0  0  0  0.0165898  0  0  0
0.789952  0  0.00111955  0.000170084  0  0  0  0  0  0  0  0.0108282  0  0  0
0.80208  0  0.00109936  3.60709e-05  0  0  0  0  0  0  0  0.00660149  0  0  0
0.814239  0  0.00107636  3.94784e-07  0  0  0  0  0  0  0  0.00366068  0  0  0
0.82643  0  0.00104806  4.4456e-05  0  0  0  0  0  0  0  0.00176473  0  0  0
0.838651  0  0.00101105  0.000140457  0  0  0  0  0  0  0  0.000677192  0  0  0
0.850901  0  0.000961263  0.000251701  0  0  0  0  0  0  0  0.000166034  0  0  0
0.863181  0  0.00089516  0.000338379  0  0  0  0  0  0  0  8.61713e-06  0  0  0
0.875488  0  0.000812096  0.000371644  0  0  0  0  0  0  0  1.3426e-05  0  0  0
0.887824  0  0.000716804  0.000350562  0  0  0  0  0  0  0  5.17186e-05  0  0  0
0.900186  0  0.000619358  0.000303596  0  0  0  0  0  0  0  7.22943e-05  0  0  0
0.912576  0  0.000531079  0.000268679  0  0  0  0  0  0  0  7.77625e-05  0  0  0
0.924991  0  0.000459333  0.000273974  0  0  0  0  0  0  0  8.50956e-05  0  0  0
0.937432  0  0.000405663  0.000340724  0  0  0  0  0  0  0  0.000105908  0  0  0
0.949897  0  0.000367583  0.000496352  0  0  0  0  0  0  0  0.000145371  0  0  0
0.962388  0  0.000341237  0.000783191  0  0  0  0  0  0  0  0.000202884  0  0  0
0.974902  0  0.000323034  0.00126325  0  0  0  0  0  0  0  0.000271041  0  0  0
0.987439  0  0.000310211  0.00202691  0  0  0  0  0  0  0  0.000336212  0  0  0
1  0  0.00030082  0.00320998  0  0  0  0  0  0  0  0.000380985  0  0  0
