1e-05  0  1.04875  -3.39827  0  0  0  0  0  0  0  9.72593  0  0  0
1.09199e-05  0  1.04465  -3.389  0  0  0  0  0  0  0  9.7269  0  0  0
1.19243e-05  0  1.04038  -3.37934  0  0  0  0  0  0  0  9.72791  0  0  0
1.30212e-05  0  1.03593  -3.36924  0  0  0  0  0  0  0  9.72897  0  0  0
1.4219e-05  0  1.03129  -3.35872  0  0  0  0  0  0  0  9.73006  0  0  0
1.55269e-05  0  1.02648  -3.34773  0  0  0  0  0  0  0  9.7312  0  0  0
1.69551e-05  0  1.02146  -3.33627  0  0  0  0  0  0  0  9.73239  0  0  0
1.85147e-05  0  1.01623  -3.32431  0  0  0  0  0  0  0  9.73363  0  0  0
2.02177e-05  0  1.0108  -3.31183  0  0  0  0  0  0  0  9.73492  0  0  0
2.20773e-05  0  1.00515  -3.29881  0  0  0  0  0  0  0  9.73625  0  0  0
2.4108e-05  0  0.999263  -3.28522  0  0  0  0  0  0  0  9.73765  0  0  0
2.63254e-05  0  0.99315  -3.27105  0  0  0  0  0  0  0  9.7391  0  0  0
2.87468e-05  0  0.986788  -3.25626  0  0  0  0  0  0  0  9.74061  0  0  0
3.13908e-05  0  0.980176  -3.24083  0  0  0  0  0  0  0  9.74218  0  0  0
3.42779e-05  0  0.973297  -3.22474  0  0  0  0  0  0  0  9.74381  0  0  0
3.74305e-05  0  0.966154  -3.20795  0  0  0  0  0  0  0  9.74551  0  0  0
4.0873e-05  0  0.958729  -3.19044  0  0  0  0  0  0  0  9.74728  0  0  0
4.4632e-05  0  0.951018  -3.17218  0  0  0  0  0  0  0  9.74911  0  0  0
4.87366e-05  0  0.943005  -3.15311  0  0  0  0  0  0  0  9.75103  0  0  0
5.32186e-05  0  0.934687  -3.13325  0  0  0  0  0  0  0  9.75301  0  0  0
5.81127e-05  0  0.92605  -3.11251  0  0  0  0  0  0  0  9.75508  0  0  0
6.34566e-05  0  0.917089  -3.09089  0  0  0  0  0  0  0  9.75723  0  0  0
6.92917e-05  0  0.907788  -3.06834  0  0  0  0  0  0  0  9.75947  0  0  0
7.56631e-05  0  0.898144  -3.04483  0  0  0  0  0  0  0  9.76179  0  0  0
8.26202e-05  0  0.888141  -3.02031  0  0  0  0  0  0  0  9.7642  0  0  0
9.02165e-05  0  0.877772  -2.99474  0  0  0  0  0  0  0  9.76671  0  0  0
9.85109e-05  0  0.867031  -2.96809  0  0  0  0  0  0  0  9.76932  0  0  0
0.000107567  0  0.855898  -2.94029  0  0  0  0  0  0  0  9.77203  0  0  0
0.000117456  0  0.844371  -2.91132  0  0  0  0  0  0  0  9.77483  0  0  0
0.000128253  0  0.832441  -2.8811  0  0  0  0  0  0  0  9.77776  0  0  0
0.000140041  0  0.820097  -2.84961  0  0  0  0  0  0  0  9.78079  0  0  0
0.000152912  0  0.807334  -2.81679  0  0  0  0  0  0  0  9.78394  0  0  0
0.000166965  0  0.794134  -2.78258  0  0  0  0  0  0  0  9.78721  0  0  0
0.000182307  0  0.780499  -2.74693  0  0  0  0  0  0  0  9.79061  0  0  0
0.000199058  0  0.766416  -2.70977  0  0  0  0  0  0  0  9.79413  0  0  0
0.000217347  0  0.751881  -2.67105  0  0  0  0  0  0  0  9.79778  0  0  0
0.000237312  0  0.736884  -2.63071  0  0  0  0  0  0  0  9.80158  0  0  0
0.00025911  0  0.721427  -2.58868  0  0  0  0  0  0  0  9.80551  0  0  0
0.000282906  0  0.705499  -2.5449  0  0  0  0  0  0  0  9.80959  0  0  0
0.000308883  0  0.689101  -2.4993  0  0  0  0  0  0  0  9.81383  0  0  0
0.00033724  0  0.672233  -2.4518  0  0  0  0  0  0  0  9.81821  0  0  0
0.000368196  0  0.654893  -2.40233  0  0  0  0  0  0  0  9.82276  0  0  0
0.000401985  0  0.637076  -2.35083  0  0  0  0  0  0  0  9.82747  0  0  0
0.000438868  0  0.618792  -2.2972  0  0  0  0  0  0  0  9.83235  0  0  0
0.000479125  0  0.600047  -2.24138  0  0  0  0  0  0  0  9.83741  0  0  0
0.000523063  0  0.580844  -2.18328  0  0  0  0  0  0  0  9.84264  0  0  0
0.000571017  0  0.561198  -2.12281  0  0  0  0  0  0  0  9.84806  0  0  0
0.000623351  0  0.541119  -2.05989  0  0  0  0  0  0  0  9.85366  0  0  0
0.000680461  0  0.520618  -1.99444  0  0  0  0  0  0  0  9.85946  0  0  0
0.000742781  0  0.499718  -1.92636  0  0  0  0  0  0  0  9.86546  0  0  0
0.000810781  0  0.478446  -1.85555  0  0  0  0  0  0  0  9.87165  0  0  0
0.000884973  0  0.456818  -1.78192  0  0  0  0  0  0  0  9.87806  0  0  0
0.000965915  0  0.434871  -1.70538  0  0  0  0  0  0  0  9.88467  0  0  0
0.00105421  0  0.412637  -1.62583  0  0  0  0  0  0  0  9.89149  0  0  0
0.00115053  0  0.390159  -1.54317  0  0  0  0  0  0  0  9.89854  0  0  0
0.00125558  0  0.36748  -1.45729  0  0  0  0  0  0  0  9.90581  0  0  0
0.00137014  0  0.344647  -1.3681  0  0  0  0  0  0  0  9.91329  0  0  0
0.00149506  0  0.321722  -1.27551  0  0  0  0  0  0  0  9.92101  0  0  0
0.00163126  0  0.298764  -1.17938  0  0  0  0  0  0  0  9.92895  0  0  0
0.00177974  0  0.275847  -1.07962  0  0  0  0  0  0  0  9.93711  0  0  0
0.00194158  0  0.253047  -0.976139  0  0  0  0  0  0  0  9.94551  0  0  0
0.00211795  0  0.230449  -0.868832  0  0  0  0  0  0  0  9.95412  0  0  0
0.00231012  0  0.208143  -0.757591  0  0  0  0  0  0  0  9.96297  0  0  0
0.00251947  0  0.186234  -0.642319  0  0  0  0  0  0  0  9.97205  0  0  0
0.00274748  0  0.164831  -0.522911  0  0  0  0  0  0  0  9.98133  0  0  0
0.00299576  0  0.144056  -0.399284  0  0  0  0  0  0  0  9.99083  0  0  0
0.00326605  0  0.124035  -0.271332  0  0  0  0  0  0  0  10.0005  0  0  0
0.00356021  0  0.104909  -0.138988  0  0  0  0  0  0  0  10.0104  0  0  0
0.00388027  0  0.0868249  -0.00214386  0  0  0  0  0  0  0  10.0205  0  0  0
0.00422838  0  0.0699414  0.139252  0  0  0  0  0  0  0  10.0307  0  0  0
0.00460689  0  0.054427  0.285282  0  0  0  0  0  0  0  10.0411  0  0  0
0.00501829  0  0.0404595  0.436001  0  0  0  0  0  0  0  10.0517  0  0  0
0.00546526  0  0.0282248  0.591461  0  0  0  0  0  0  0  10.0623  0  0  0
0.00595067  0  0.017919  0.751701  0  0  0  0  0  0  0  10.073  0  0  0
0.00647757  0  0.00974654  0.916752  0  0  0  0  0  0  0  10.0837  0  0  0
0.00704924  0  0.00391696  1.08662  0  0  0  0  0  0  0  10.0945  0  0  0
0.00766915  0  0.000647978  1.26132  0  0  0  0  0  0  0  10.1051  0  0  0
0.00834097  0  0.000160314  1.44082  0  0  0  0  0  0  0  10.1157  0  0  0
0.0090686  0  0.0026784  1.62509  0  0  0  0  0  0  0  10.1262  0  0  0
0.00985616  0  0.0084271  1.81408  0  0  0  0  0  0  0  10.1364  0  0  0
0.010708  0  0.0176293  2.00772  0  0  0  0  0  0  0  10.1463  0  0  0
0.0116286  0  0.0305056  2.20591  0  0  0  0  0  0  0  10.1559  0  0  0
0.0126229  0  0.0472677  2.40852  0  0  0  0  0  0  0  10.1649  0  0  0
0.0136956  0  0.0681154  2.61541  0  0  0  0  0  0  0  10.1734  0  0  0
0.0148521  0  0.0932392  2.82643  0  0  0  0  0  0  0  10.1811  0  0  0
0.0160977  0  0.122804  3.04134  0  0  0  0  0  0  0  10.188  0  0  0
0.0174377  0  0.15696  3.25994  0  0  0  0  0  0  0  10.1939  0  0  0
0.0188781  0  0.195826  3.48196  0  0  0  0  0  0  0  10.1986  0  0  0
0.0204243  0  0.239487  3.70711  0  0  0  0  0  0  0  10.202  0  0  0
0.0220824  0  0.287994  3.93503  0  0  0  0  0  0  0  10.2038  0  0  0
0.0238583  0  0.341351  4.16536  0  0  0  0  0  0  0  10.2039  0  0  0
0.0257578  0  0.399512  4.39761  0  0  0  0  0  0  0  10.2019  0  0  0
0.027787  0  0.462374  4.63121  0  0  0  0  0  0  0  10.1977  0  0  0
0.0299516  0  0.529756  4.86539  0  0  0  0  0  0  0  10.191  0  0  0
0.0322576  0  0.601379  5.09908  0  0  0  0  0  0  0  10.1816  0  0  0
0.0347104  0  0.676838  5.33064  0  0  0  0  0  0  0  10.1694  0  0  0
0.0373157  0  0.755533  5.55746  0  0  0  0  0  0  0  10.1545  0  0  0
0.0400785  0  0.836565  5.77535  0  0  0  0  0  0  0  10.1372  0  0  0
0.043004  0  0.918556  5.97738  0  0  0  0  0  0  0  10.1185  0  0  0
0.0460967  0  0.999415  6.15229  0  0  0  0  0  0  0  10.1  0  0  0
0.0493609  0  1.07591  6.28223  0  0  0  0  0  0  0  10.0851  0  0  0
0.0528007  0  1.14328  6.34016  0  0  0  0  0  0  0  10.0787  0  0  0
0.0564196  0  1.19495  6.28816  0  0  0  0  0  0  0  10.0882  0  0  0
0.0602206  0  1.22295  6.07955  0  0  0  0  0  0  0  10.1228  0  0  0
0.0642064  0  1.21985  5.66931  0  0  0  0  0  0  0  10.1912  0  0  0
0.0683793  0  1.18251  5.03588  0  0  0  0  0  0  0  10.2974  0  0  0
0.072741  0  1.11591  4.20735  0  0  0  0  0  0  0  10.4344  0  0  0
0.0772927  0  1.03339  3.27081  0  0  0  0  0  0  0  10.5831  0  0  0
0.0820352  0  0.951408  2.34678  0  0  0  0  0  0  0  10.7169  0  0  0
0.0869689  0  0.88239  1.54104  0  0  0  0  0  0  0  10.8128  0  0  0
0.0920937  0  0.831437  0.910416  0  0  0  0  0  0  0  10.8577  0  0  0
0.097409  0  0.797592  0.461231  0  0  0  0  0  0  0  10.8495  0  0  0
0.102914  0  0.776888  0.168575  0  0  0  0  0  0  0  10.7929  0  0  0
0.108607  0  0.764669  -0.00340271  0  0  0  0  0  0  0  10.6947  0  0  0
0.114487  0  0.756807  -0.0889854  0  0  0  0  0  0  0  10.5615  0  0  0
0.120552  0  0.750042  -0.116028  0  0  0  0  0  0  0  10.3986  0  0  0
0.126799  0  0.741974  -0.105312  0  0  0  0  0  0  0  10.2101  0  0  0
0.133226  0  0.730925  -0.0716553  0  0  0  0  0  0  0  9.99866  0  0  0
0.13983  0  0.715808  -0.0253601  0  0  0  0  0  0  0  9.76632  0  0  0
0.146608  0  0.695985  0.0265274  0  0  0  0  0  0  0  9.5145  0  0  0
0.153557  0  0.671189  0.0792084  0  0  0  0  0  0  0  9.24435  0  0  0
0.160674  0  0.641459  0.129482  0  0  0  0  0  0  0  8.95683  0  0  0
0.167955  0  0.607062  0.175228  0  0  0  0  0  0  0  8.65291  0  0  0
0.175396  0  0.568478  0.215092  0  0  0  0  0  0  0  8.33359  0  0  0
0.182995  0  0.52635  0.248264  0  0  0  0  0  0  0  8  0  0  0
0.190747  0  0.481447  0.274345  0  0  0  0  0  0  0  7.6534  0  0  0
0.198649  0  0.434637  0.293213  0  0  0  0  0  0  0  7.29519  0  0  0
0.206698  0  0.386835  0.304981  0  0  0  0  0  0  0  6.92696  0  0  0
0.214888  0  0.338987  0.30994  0  0  0  0  0  0  0  6.55043  0  0  0
0.223217  0  0.292011  0.308498  0  0  0  0  0  0  0  6.16747  0  0  0
0.231682  0  0.246782  0.30117  0  0  0  0  0  0  0  5.78008  0  0  0
0.240277  0  0.204098  0.288548  0  0  0  0  0  0  0  5.39032  0  0  0
0.249001  0  0.164639  0.271267  0  0  0  0  0  0  0  5.00034  0  0  0
0.257849  0  0.128965  0.250011  0  0  0  0  0  0  0  4.61227  0  0  0
0.266818  0  0.0974912  0.225456  0  0  0  0  0  0  0  4.22827  0  0  0
0.275904  0  0.0704861  0.198296  0  0  0  0  0  0  0  3.85039  0  0  0
0.285104  0  0.0480687  0.169189  0  0  0  0  0  0  0  3.48059  0  0  0
0.294416  0  0.0302177  0.138771  0  0  0  0  0  0  0  3.12074  0  0  0
0.303834  0  0.0167885  0.107632  0  0  0  0  0  0  0  2.77249  0  0  0
0.313358  0  0.00752326  0.0763206  0  0  0  0  0  0  0  2.43736  0  0  0
0.322983  0  0.00207713  0.0453262  0  0  0  0  0  0  0  2.11662  0  0  0
0.332707  0  3.96486e-05  0.0150604  0  0  0  0  0  0  0  1.81138  0  0  0
0.342526  0  0.000956669  -0.0141182  0  0  0  0  0  0  0  1.52248  0  0  0
0.352439  0  0.00435249  -0.0419159  0  0  0  0  0  0  0  1.25059  0  0  0
0.362442  0  0.00974931  -0.0680923  0  0  0  0  0  0  0  0.996109  0  0  0
0.372533  0  0.0166837  -0.0924797  0  0  0  0  0  0  0  0.759308  0  0  0
0.382709  0  0.0247196  -0.114975  0  0  0  0  0  0  0  0.540237  0  0  0
0.392967  0  0.033461  -0.135506  0  0  0  0  0  0  0  0.33876  0  0  0
0.403306  0  0.0425553  -0.15406  0  0  0  0  0  0  0  0.154633  0  0  0
0.413723  0  0.0516998  -0.170654  0  0  0  0  0  0  0  -0.0125504  0  0  0
0.424216  0  0.0606421  -0.185352  0  0  0  0  0  0  0  -0.163284  0  0  0
0.434783  0  0.069179  -0.198235  0  0  0  0  0  0  0  -0.298149  0  0  0
0.445422  0  0.0771567  -0.209415  0  0  0  0  0  0  0  -0.417793  0  0  0
0.45613  0  0.0844614  -0.219002  0  0  0  0  0  0  0  -0.522934  0  0  0
0.466905  0  0.0910213  -0.227146  0  0  0  0  0  0  0  -0.614311  0  0  0
0.477747  0  0.0968008  -0.233978  0  0  0  0  0  0  0  -0.692673  0  0  0
0.488653  0  0.101786  -0.239666  0  0  0  0  0  0  0  -0.758789  0  0  0
0.499621  0  0.105998  -0.244335  0  0  0  0  0  0  0  -0.813431  0  0  0
0.510649  0  0.109469  -0.248135  0  0  0  0  0  0  0  -0.857315  0  0  0
0.521736  0  0.112251  -0.251217  0  0  0  0  0  0  0  -0.89119  0  0  0
0.532881  0  0.114406  -0.253704  0  0  0  0  0  0  0  -0.915749  0  0  0
0.544082  0  0.116008  -0.255726  0  0  0  0  0  0  0  -0.931656  0  0  0
0.555337  0  0.117131  -0.257393  0  0  0  0  0  0  0  -0.93956  0  0  0
0.566644  0  0.117858  -0.258789  0  0  0  0  0  0  0  -0.940033  0  0  0
0.578004  0  0.118267  -0.260025  0  0  0  0  0  0  0  -0.933662  0  0  0
0.589413  0  0.11844  -0.26115  0  0  0  0  0  0  0  -0.920952  0  0  0
0.600872  0  0.118453  -0.262222  0  0  0  0  0  0  0  -0.90239  0  0  0
0.612378  0  0.118383  -0.263268  0  0  0  0  0  0  0  -0.878441  0  0  0
0.62393  0  0.118298  -0.264301  0  0  0  0  0  0  0  -0.849518  0  0  0
0.635528  0  0.118264  -0.265305  0  0  0  0  0  0  0  -0.816017  0  0  0
0.64717  0  0.118341  -0.266224  0  0  0  0  0  0  0  -0.77832  0  0  0
0.658855  0  0.118583  -0.266991  0  0  0  0  0  0  0  -0.736748  0  0  0
0.670582  0  0.119037  -0.267487  0  0  0  0  0  0  0  -0.69165  0  0  0
0.68235  0  0.119742  -0.267548  0  0  0  0  0  0  0  -0.643326  0  0  0
0.694158  0  0.120733  -0.266964  0  0  0  0  0  0  0  -0.592102  0  0  0
0.706005  0  0.122035  -0.265469  0  0  0  0  0  0  0  -0.538269  0  0  0
0.71789  0  0.123662  -0.262711  0  0  0  0  0  0  0  -0.482132  0  0  0
0.729812  0  0.12562  -0.25827  0  0  0  0  0  0  0  -0.424026  0  0  0
0.741771  0  0.127902  -0.251606  0  0  0  0  0  0  0  -0.364265  0  0  0
0.753765  0  0.130488  -0.242077  0  0  0  0  0  0  0  -0.3032  0  0  0
0.765793  0  0.133345  -0.228893  0  0  0  0  0  0  0  -0.241211  0  0  0
0.777856  0  0.136415  -0.211113  0  0  0  0  0  0  0  -0.178711  0  0  0
0.789952  0  0.139627  -0.187595  0  0  0  0  0  0  0  -0.11615  0  0  0
0.80208  0  0.142879  -0.156979  0  0  0  0  0  0  0  -0.0540237  0  0  0
0.814239  0  0.146051  -0.117676  0  0  0  0  0  0  0  0.00709534  0  0  0
0.82643  0  0.148982  -0.0678406  0  0  0  0  0  0  0  0.0665741  0  0  0
0.838651  0  0.151484  -0.00537491  0  0  0  0  0  0  0  0.123718  0  0  0
0.850901  0  0.153329  0.0720406  0  0  0  0  0  0  0  0.177719  0  0  0
0.863181  0  0.154245  0.16684  0  0  0  0  0  0  0  0.227669  0  0  0
0.875488  0  0.153907  0.281349  0  0  0  0  0  0  0  0.272552  0  0  0
0.887824  0  0.151938  0.417412  0  0  0  0  0  0  0  0.311234  0  0  0
0.900186  0  0.147879  0.575649  0  0  0  0  0  0  0  0.342392  0  0  0
0.912576  0  0.141173  0.754269  0  0  0  0  0  0  0  0.364502  0  0  0
0.924991  0  0.131121  0.946911  0  0  0  0  0  0  0  0.375763  0  0  0
0.937432  0  0.116852  1.13926  0  0  0  0  0  0  0  0.373894  0  0  0
0.949897  0  0.0973507  1.30329  0  0  0  0  0  0  0  0.355827  0  0  0
0.962388  0  0.0717676  1.38834  0  0  0  0  0  0  0  0.31723  0  0  0
0.974902  0  0.0406887  1.30726  0  0  0  0  0  0  0  0.251701  0  0  0
0.987439  0  0.0101656  0.917469  0  0  0  0  0  0  0  0.149986  0  0  0
1  0  0.00298036  0  0  0  0  0  0  0  0  0  0  0  0
