1e-05  0  119.406  -149.076  0  0  0  0  0  0  0  -10.633  0  0  0
1.09199e-05  0  118.619  -148.626  0  0  0  0  0  0  0  -10.5855  0  0  0
1.19243e-05  0  117.782  -148.146  0  0  0  0  0  0  0  -10.5339  0  0  0
1.30212e-05  0  116.893  -147.636  0  0  0  0  0  0  0  -10.4779  0  0  0
1.4219e-05  0  115.948  -147.092  0  0  0  0  0  0  0  -10.4173  0  0  0
1.55269e-05  0  114.946  -146.514  0  0  0  0  0  0  0  -10.3518  0  0  0
1.69551e-05  0  113.885  -145.898  0  0  0  0  0  0  0  -10.281  0  0  0
1.85147e-05  0  112.76  -145.244  0  0  0  0  0  0  0  -10.2047  0  0  0
2.02177e-05  0  111.57  -144.549  0  0  0  0  0  0  0  -10.1227  0  0  0
2.20773e-05  0  110.312  -143.811  0  0  0  0  0  0  0  -10.0344  0  0  0
2.4108e-05  0  108.984  -143.028  0  0  0  0  0  0  0  -9.9397  0  0  0
2.63254e-05  0  107.583  -142.197  0  0  0  0  0  0  0  -9.83817  0  0  0
2.87468e-05  0  106.107  -141.316  0  0  0  0  0  0  0  -9.72948  0  0  0
3.13908e-05  0  104.554  -140.383  0  0  0  0  0  0  0  -9.61327  0  0  0
3.42779e-05  0  102.922  -139.395  0  0  0  0  0  0  0  -9.4892  0  0  0
3.74305e-05  0  101.21  -138.35  0  0  0  0  0  0  0  -9.3569  0  0  0
4.0873e-05  0  99.4159  -137.246  0  0  0  0  0  0  0  -9.21604  0  0  0
4.4632e-05  0  97.5387  -136.08  0  0  0  0  0  0  0  -9.06626  0  0  0
4.87366e-05  0  95.578  -134.85  0  0  0  0  0  0  0  -8.90722  0  0  0
5.32186e-05  0  93.5335  -133.554  0  0  0  0  0  0  0  -8.73857  0  0  0
5.81127e-05  0  91.4053  -132.189  0  0  0  0  0  0  0  -8.56001  0  0  0
6.34566e-05  0  89.1944  -130.753  0  0  0  0  0  0  0  -8.37122  0  0  0
6.92917e-05  0  86.9021  -129.244  0  0  0  0  0  0  0  -8.17193  0  0  0
7.56631e-05  0  84.5303  -127.661  0  0  0  0  0  0  0  -7.96188  0  0  0
8.26202e-05  0  82.0816  -126.002  0  0  0  0  0  0  0  -7.74083  0  0  0
9.02165e-05  0  79.5593  -124.265  0  0  0  0  0  0  0  -7.50859  0  0  0
9.85109e-05  0  76.9677  -122.45  0  0  0  0  0  0  0  -7.26501  0  0  0
0.000107567  0  74.3113  -120.555  0  0  0  0  0  0  0  -7.00996  0  0  0
0.000117456  0  71.5959  -118.58  0  0  0  0  0  0  0  -6.74342  0  0  0
0.000128253  0  68.8277  -116.524  0  0  0  0  0  0  0  -6.46534  0  0  0
0.000140041  0  66.0139  -114.388  0  0  0  0  0  0  0  -6.1758  0  0  0
0.000152912  0  63.1624  -112.173  0  0  0  0  0  0  0  -5.87488  0  0  0
0.000166965  0  60.2815  -109.878  0  0  0  0  0  0  0  -5.56279  0  0  0
0.000182307  0  57.3806  -107.507  0  0  0  0  0  0  0  -5.23978  0  0  0
0.000199058  0  54.4693  -105.06  0  0  0  0  0  0  0  -4.90614  0  0  0
0.000217347  0  51.5578  -102.54  0  0  0  0  0  0  0  -4.5623  0  0  0
0.000237312  0  48.6567  -99.9503  0  0  0  0  0  0  0  -4.20872  0  0  0
0.00025911  0  45.7766  -97.2938  0  0  0  0  0  0  0  -3.84595  0  0  0
0.000282906  0  42.9287  -94.5747  0  0  0  0  0  0  0  -3.47462  0  0  0
0.000308883  0  40.1237  -91.7972  0  0  0  0  0  0  0  -3.09541  0  0  0
0.00033724  0  37.3722  -88.9663  0  0  0  0  0  0  0  -2.70911  0  0  0
0.000368196  0  34.6849  -86.0874  0  0  0  0  0  0  0  -2.31651  0  0  0
0.000401985  0  32.0713  -83.1661  0  0  0  0  0  0  0  -1.91854  0  0  0
0.000438868  0  29.5409  -80.2085  0  0  0  0  0  0  0  -1.51611  0  0  0
0.000479125  0  27.1021  -77.2212  0  0  0  0  0  0  0  -1.11021  0  0  0
0.000523063  0  24.7626  -74.2108  0  0  0  0  0  0  0  -0.701851  0  0  0
0.000571017  0  22.529  -71.1842  0  0  0  0  0  0  0  -0.292084  0  0  0
0.000623351  0  20.407  -68.1486  0  0  0  0  0  0  0  0.118042  0  0  0
0.000680461  0  18.4007  -65.1112  0  0  0  0  0  0  0  0.527473  0  0  0
0.000742781  0  16.5137  -62.0791  0  0  0  0  0  0  0  0.935158  0  0  0
0.000810781  0  14.7478  -59.0596  0  0  0  0  0  0  0  1.34008  0  0  0
0.000884973  0  13.1041  -56.0597  0  0  0  0  0  0  0  1.74123  0  0  0
0.000965915  0  11.5822  -53.0864  0  0  0  0  0  0  0  2.13766  0  0  0
0.00105421  0  10.1808  -50.1464  0  0  0  0  0  0  0  2.52846  0  0  0
0.00115053  0  8.89754  -47.2461  0  0  0  0  0  0  0  2.9128  0  0  0
0.00125558  0  7.72917  -44.3917  0  0  0  0  0  0  0  3.28989  0  0  0
0.00137014  0  6.67163  -41.5889  0  0  0  0  0  0  0  3.65905  0  0  0
0.00149506  0  5.72016  -38.843  0  0  0  0  0  0  0  4.01965  0  0  0
0.00163126  0  4.86941  -36.1591  0  0  0  0  0  0  0  4.37119  0  0  0
0.00177974  0  4.11364  -33.5416  0  0  0  0  0  0  0  4.7132  0  0  0
0.00194158  0  3.44672  -30.9947  0  0  0  0  0  0  0  5.04535  0  0  0
0.00211795  0  2.86233  -28.5219  0  0  0  0  0  0  0  5.3674  0  0  0
0.00231012  0  2.35408  -26.1266  0  0  0  0  0  0  0  5.67918  0  0  0
0.00251947  0  1.91552  -23.8114  0  0  0  0  0  0  0  5.98064  0  0  0
0.00274748  0  1.5403  -21.5788  0  0  0  0  0  0  0  6.27181  0  0  0
0.00299576  0  1.22225  -19.4307  0  0  0  0  0  0  0  6.5528  0  0  0
0.00326605  0  0.955361  -17.3688  0  0  0  0  0  0  0  6.82381  0  0  0
0.00356021  0  0.73394  -15.3943  0  0  0  0  0  0  0  7.08512  0  0  0
0.00388027  0  0.552574  -13.5083  0  0  0  0  0  0  0  7.33709  0  0  0
0.00422838  0  0.406178  -11.7116  0  0  0  0  0  0  0  7.58015  0  0  0
0.00460689  0  0.290022  -10.0044  0  0  0  0  0  0  0  7.81477  0  0  0
0.00501829  0  0.199738  -8.38726  0  0  0  0  0  0  0  8.04152  0  0  0
0.00546526  0  0.131315  -6.86012  0  0  0  0  0  0  0  8.26099  0  0  0
0.00595067  0  0.0811076  -5.42289  0  0  0  0  0  0  0  8.47385  0  0  0
0.00647757  0  0.0458245  -4.07538  0  0  0  0  0  0  0  8.68074  0  0  0
0.00704924  0  0.0225202  -2.81714  0  0  0  0  0  0  0  8.88242  0  0  0
0.00766915  0  0.00858699  -1.64769  0  0  0  0  0  0  0  9.0796  0  0  0
0.00834097  0  0.00174059  -0.566383  0  0  0  0  0  0  0  9.27303  0  0  0
0.0090686  0  8.54132e-06  0.427567  0  0  0  0  0  0  0  9.46349  0  0  0
0.00985616  0  0.00171645  1.33509  0  0  0  0  0  0  0  9.65171  0  0  0
0.010708  0  0.00547426  2.1573  0  0  0  0  0  0  0  9.83843  0  0  0
0.0116286  0  0.0101611  2.89547  0  0  0  0  0  0  0  10.0243  0  0  0
0.0126229  0  0.0149092  3.5511  0  0  0  0  0  0  0  10.2101  0  0  0
0.0136956  0  0.0190855  4.12594  0  0  0  0  0  0  0  10.3963  0  0  0
0.0148521  0  0.0222715  4.62199  0  0  0  0  0  0  0  10.5834  0  0  0
0.0160977  0  0.0242391  5.04154  0  0  0  0  0  0  0  10.7719  0  0  0
0.0174377  0  0.024925  5.38728  0  0  0  0  0  0  0  10.962  0  0  0
0.0188781  0  0.0243998  5.66214  0  0  0  0  0  0  0  11.1539  0  0  0
0.0204243  0  0.0228372  5.86948  0  0  0  0  0  0  0  11.3475  0  0  0
0.0220824  0  0.0204805  6.01301  0  0  0  0  0  0  0  11.5429  0  0  0
0.0238583  0  0.0176077  6.09679  0  0  0  0  0  0  0  11.7395  0  0  0
0.0257578  0  0.014501  6.12521  0  0  0  0  0  0  0  11.9368  0  0  0
0.027787  0  0.0114185  6.10295  0  0  0  0  0  0  0  12.1341  0  0  0
0.0299516  0  0.00857193  6.03497  0  0  0  0  0  0  0  12.3304  0  0  0
0.0322576  0  0.00611153  5.92641  0  0  0  0  0  0  0  12.5245  0  0  0
0.0347104  0  0.00412028  5.7825  0  0  0  0  0  0  0  12.7152  0  0  0
0.0373157  0  0.00261615  5.60854  0  0  0  0  0  0  0  12.9007  0  0  0
0.0400785  0  0.0015626  5.40974  0  0  0  0  0  0  0  13.0794  0  0  0
0.043004  0  0.000884833  5.19119  0  0  0  0  0  0  0  13.2495  0  0  0
0.0460967  0  0.000489805  4.95775  0  0  0  0  0  0  0  13.409  0  0  0
0.0493609  0  0.000286873  4.71398  0  0  0  0  0  0  0  13.5558  0  0  0
0.0528007  0  0.000204888  4.46405  0  0  0  0  0  0  0  13.6879  0  0  0
0.0564196  0  0.000204922  4.21174  0  0  0  0  0  0  0  13.8032  0  0  0
0.0602206  0  0.000285487  3.96033  0  0  0  0  0  0  0  13.8996  0  0  0
0.0642064  0  0.00048034  3.71268  0  0  0  0  0  0  0  13.9752  0  0  0
0.0683793  0  0.000849699  3.47112  0  0  0  0  0  0  0  14.028  0  0  0
0.072741  0  0.00146646  3.23756  0  0  0  0  0  0  0  14.0564  0  0  0
0.0772927  0  0.00240005  3.01345  0  0  0  0  0  0  0  14.0588  0  0  0
0.0820352  0  0.00370048  2.79987  0  0  0  0  0  0  0  14.0337  0  0  0
0.0869689  0  0.00538562  2.59756  0  0  0  0  0  0  0  13.98  0  0  0
0.0920937  0  0.00743222  2.40693  0  0  0  0  0  0  0  13.8967  0  0  0
0.097409  0  0.00977489  2.22817  0  0  0  0  0  0  0  13.7829  0  0  0
0.102914  0  0.0123075  2.06128  0  0  0  0  0  0  0  13.6383  0  0  0
0.108607  0  0.0148937  1.90609  0  0  0  0  0  0  0  13.4624  0  0  0
0.114487  0  0.017378  1.76234  0  0  0  0  0  0  0  13.2554  0  0  0
0.120552  0  0.0196003  1.62968  0  0  0  0  0  0  0  13.0174  0  0  0
0.126799  0  0.0214114  1.50774  0  0  0  0  0  0  0  12.749  0  0  0
0.133226  0  0.0226861  1.39608  0  0  0  0  0  0  0  12.4509  0  0  0
0.13983  0  0.0233338  1.29428  0  0  0  0  0  0  0  12.1241  0  0  0
0.146608  0  0.0233074  1.20195  0  0  0  0  0  0  0  11.7698  0  0  0
0.153557  0  0.0226051  1.11869  0  0  0  0  0  0  0  11.3897  0  0  0
0.160674  0  0.0212706  1.04412  0  0  0  0  0  0  0  10.9854  0  0  0
0.167955  0  0.0193894  0.977898  0  0  0  0  0  0  0  10.559  0  0  0
0.175396  0  0.017081  0.919708  0  0  0  0  0  0  0  10.1126  0  0  0
0.182995  0  0.0144889  0.869247  0  0  0  0  0  0  0  9.64855  0  0  0
0.190747  0  0.0117694  0.826256  0  0  0  0  0  0  0  9.16947  0  0  0
0.198649  0  0.00908056  0.790482  0  0  0  0  0  0  0  8.67801  0  0  0
0.206698  0  0.00656959  0.761711  0  0  0  0  0  0  0  8.17696  0  0  0
0.214888  0  0.00436366  0.739731  0  0  0  0  0  0  0  7.66918  0  0  0
0.223217  0  0.00256111  0.72438  0  0  0  0  0  0  0  7.15758  0  0  0
0.231682  0  0.00122557  0.715462  0  0  0  0  0  0  0  6.64504  0  0  0
0.240277  0  0.000382889  0.712845  0  0  0  0  0  0  0  6.13446  0  0  0
0.249001  0  2.10661e-05  0.716354  0  0  0  0  0  0  0  5.62861  0  0  0
0.257849  0  9.27968e-05  0.725868  0  0  0  0  0  0  0  5.1302  0  0  0
0.266818  0  0.000520916  0.741219  0  0  0  0  0  0  0  4.64175  0  0  0
0.275904  0  0.00120588  0.762268  0  0  0  0  0  0  0  4.16565  0  0  0
0.285104  0  0.00203497  0.788841  0  0  0  0  0  0  0  3.70407  0  0  0
0.294416  0  0.00289209  0.820763  0  0  0  0  0  0  0  3.25897  0  0  0
0.303834  0  0.00366829  0.857811  0  0  0  0  0  0  0  2.83205  0  0  0
0.313358  0  0.00427042  0.899765  0  0  0  0  0  0  0  2.4248  0  0  0
0.322983  0  0.00462953  0.94632  0  0  0  0  0  0  0  2.03838  0  0  0
0.332707  0  0.00470644  0.997185  0  0  0  0  0  0  0  1.67377  0  0  0
0.342526  0  0.00449517  1.05197  0  0  0  0  0  0  0  1.33163  0  0  0
0.352439  0  0.00402199  1.11026  0  0  0  0  0  0  0  1.0124  0  0  0
0.362442  0  0.00334365  1.17158  0  0  0  0  0  0  0  0.716263  0  0  0
0.372533  0  0.00254113  1.2354  0  0  0  0  0  0  0  0.443161  0  0  0
0.382709  0  0.0017108  1.30109  0  0  0  0  0  0  0  0.192856  0  0  0
0.392967  0  0.000955488  1.36806  0  0  0  0  0  0  0  -0.0350876  0  0  0
0.403306  0  0.000373392  1.43558  0  0  0  0  0  0  0  -0.24131  0  0  0
0.413723  0  4.75135e-05  1.50292  0  0  0  0  0  0  0  -0.426552  0  0  0
0.424216  0  3.67265e-05  1.56933  0  0  0  0  0  0  0  -0.591667  0  0  0
0.434783  0  0.000368774  1.63397  0  0  0  0  0  0  0  -0.737579  0  0  0
0.445422  0  0.00103686  1.69603  0  0  0  0  0  0  0  -0.865189  0  0  0
0.45613  0  0.00199927  1.75461  0  0  0  0  0  0  0  -0.975334  0  0  0
0.466905  0  0.00318408  1.80875  0  0  0  0  0  0  0  -1.0686  0  0  0
0.477747  0  0.00449646  1.85737  0  0  0  0  0  0  0  -1.14518  0  0  0
0.488653  0  0.00583119  1.89915  0  0  0  0  0  0  0  -1.2046  0  0  0
0.499621  0  0.00708591  1.93249  0  0  0  0  0  0  0  -1.24537  0  0  0
0.510649  0  0.00817587  1.95528  0  0  0  0  0  0  0  -1.2646  0  0  0
0.521736  0  0.00904813  1.96474  0  0  0  0  0  0  0  -1.25747  0  0  0
0.532881  0  0.00969153  1.95726  0  0  0  0  0  0  0  -1.21678  0  0  0
0.544082  0  0.010142  1.92822  0  0  0  0  0  0  0  -1.13257  0  0  0
0.555337  0  0.0104822  1.87194  0  0  0  0  0  0  0  -0.991837  0  0  0
0.566644  0  0.0108359  1.78165  0  0  0  0  0  0  0  -0.778778  0  0  0
0.578004  0  0.0113629  1.64991  0  0  0  0  0  0  0  -0.475418  0  0  0
0.589413  0  0.0122562  1.46894  0  0  0  0  0  0  0  -0.0628281  0  0  0
0.600872  0  0.0137463  1.23152  0  0  0  0  0  0  0  0.476883  0  0  0
0.612378  0  0.0161067  0.931908  0  0  0  0  0  0  0  1.15818  0  0  0
0.62393  0  0.019656  0.566895  0  0  0  0  0  0  0  1.9894  0  0  0
0.635528  0  0.0247346  0.136917  0  0  0  0  0  0  0  2.97013  0  0  0
0.64717  0  0.0316433  -0.35321  0  0  0  0  0  0  0  4.08926  0  0  0
0.658855  0  0.0405422  -0.893967  0  0  0  0  0  0  0  5.32417  0  0  0
0.670582  0  0.0513227  -1.47124  0  0  0  0  0  0  0  6.64091  0  0  0
0.68235  0  0.0634927  -2.06711  0  0  0  0  0  0  0  7.99623  0  0  0
0.694158  0  0.0761166  -2.66089  0  0  0  0  0  0  0  9.34016  0  0  0
0.706005  0  0.0878717  -3.23093  0  0  0  0  0  0  0  10.6202  0  0  0
0.71789  0  0.0971909  -3.75581  0  0  0  0  0  0  0  11.7845  0  0  0
0.729812  0  0.102532  -4.21606  0  0  0  0  0  0  0  12.786  0  0  0
0.741771  0  0.102665  -4.59529  0  0  0  0  0  0  0  13.5853  0  0  0
0.753765  0  0.0969499  -4.88089  0  0  0  0  0  0  0  14.152  0  0  0
0.765793  0  0.0855543  -5.06496  0  0  0  0  0  0  0  14.4677  0  0  0
0.777856  0  0.0695137  -5.14413  0  0  0  0  0  0  0  14.5247  0  0  0
0.789952  0  0.0506836  -5.11959  0  0  0  0  0  0  0  14.327  0  0  0
0.80208  0  0.0315481  -4.99691  0  0  0  0  0  0  0  13.8887  0  0  0
0.814239  0  0.0149238  -4.78543  0  0  0  0  0  0  0  13.2339  0  0  0
0.82643  0  0.00361322  -4.49768  0  0  0  0  0  0  0  12.3938  0  0  0
0.838651  0  4.88985e-05  -4.14847  0  0  0  0  0  0  0  11.4058  0  0  0
0.850901  0  0.00599905  -3.75422  0  0  0  0  0  0  0  10.3107  0  0  0
0.863181  0  0.0223682  -3.33173  0  0  0  0  0  0  0  9.15038  0  0  0
0.875488  0  0.0491327  -2.8973  0  0  0  0  0  0  0  7.96559  0  0  0
0.887824  0  0.0853948  -2.46608  0  0  0  0  0  0  0  6.7939  0  0  0
0.900186  0  0.129567  -2.05097  0  0  0  0  0  0  0  5.66746  0  0  0
0.912576  0  0.179613  -1.66241  0  0  0  0  0  0  0  4.61217  0  0  0
0.924991  0  0.233312  -1.30798  0  0  0  0  0  0  0  3.64693  0  0  0
0.937432  0  0.28851  -0.992401  0  0  0  0  0  0  0  2.78345  0  0  0
0.949897  0  0.343308  -0.717735  0  0  0  0  0  0  0  2.02689  0  0  0
0.962388  0  0.396181  -0.483772  0  0  0  0  0  0  0  1.37675  0  0  0
0.974902  0  0.446021  -0.288498  0  0  0  0  0  0  0  0.828018  0  0  0
0.987439  0  0.492133  -0.128609  0  0  0  0  0  0  0  0.372498  0  0  0
1  0  0.534166  0  0  0  0  0  0  0  0  0  0  0  0
