1e-05  0  0.101757  4.71363  0  0  0  0  0  0  0  9.36234  0  0  0
1.09199e-05  0  0.101764  4.71362  0  0  0  0  0  0  0  9.36235  0  0  0
1.19243e-05  0  0.101771  4.71361  0  0  0  0  0  0  0  9.36236  0  0  0
1.30212e-05  0  0.101779  4.71359  0  0  0  0  0  0  0  9.36237  0  0  0
1.4219e-05  0  0.101788  4.71358  0  0  0  0  0  0  0  9.36238  0  0  0
1.55269e-05  0  0.101797  4.71356  0  0  0  0  0  0  0  9.3624  0  0  0
1.69551e-05  0  0.101808  4.71354  0  0  0  0  0  0  0  9.36241  0  0  0
1.85147e-05  0  0.10182  4.71352  0  0  0  0  0  0  0  9.36243  0  0  0
2.02177e-05  0  0.101833  4.7135  0  0  0  0  0  0  0  9.36244  0  0  0
2.20773e-05  0  0.101847  4.71347  0  0  0  0  0  0  0  9.36246  0  0  0
2.4108e-05  0  0.101863  4.71344  0  0  0  0  0  0  0  9.36248  0  0  0
2.63254e-05  0  0.10188  4.71341  0  0  0  0  0  0  0  9.36251  0  0  0
2.87468e-05  0  0.101899  4.71338  0  0  0  0  0  0  0  9.36253  0  0  0
3.13908e-05  0  0.10192  4.71334  0  0  0  0  0  0  0  9.36256  0  0  0
3.42779e-05  0  0.101943  4.7133  0  0  0  0  0  0  0  9.36259  0  0  0
3.74305e-05  0  0.101969  4.71326  0  0  0  0  0  0  0  9.36262  0  0  0
4.0873e-05  0  0.101997  4.71321  0  0  0  0  0  0  0  9.36266  0  0  0
4.4632e-05  0  0.102028  4.71316  0  0  0  0  0  0  0  9.3627  0  0  0
4.87366e-05  0  0.102062  4.7131  0  0  0  0  0  0  0  9.36275  0  0  0
5.32186e-05  0  0.1021  4.71303  0  0  0  0  0  0  0  9.3628  0  0  0
5.81127e-05  0  0.102141  4.71296  0  0  0  0  0  0  0  9.36285  0  0  0
6.34566e-05  0  0.102187  4.71288  0  0  0  0  0  0  0  9.36291  0  0  0
6.92917e-05  0  0.102237  4.7128  0  0  0  0  0  0  0  9.36298  0  0  0
7.56631e-05  0  0.102293  4.7127  0  0  0  0  0  0  0  9.36305  0  0  0
8.26202e-05  0  0.102354  4.71259  0  0  0  0  0  0  0  9.36313  0  0  0
9.02165e-05  0  0.102422  4.71248  0  0  0  0  0  0  0  9.36322  0  0  0
9.85109e-05  0  0.102497  4.71235  0  0  0  0  0  0  0  9.36332  0  0  0
0.000107567  0  0.102579  4.71221  0  0  0  0  0  0  0  9.36343  0  0  0
0.000117456  0  0.10267  4.71205  0  0  0  0  0  0  0  9.36355  0  0  0
0.000128253  0  0.10277  4.71188  0  0  0  0  0  0  0  9.36368  0  0  0
0.000140041  0  0.102881  4.71169  0  0  0  0  0  0  0  9.36382  0  0  0
0.000152912  0  0.103003  4.71148  0  0  0  0  0  0  0  9.36398  0  0  0
0.000166965  0  0.103137  4.71125  0  0  0  0  0  0  0  9.36416  0  0  0
0.000182307  0  0.103285  4.711  0  0  0  0  0  0  0  9.36435  0  0  0
0.000199058  0  0.103449  4.71072  0  0  0  0  0  0  0  9.36457  0  0  0
0.000217347  0  0.103629  4.71041  0  0  0  0  0  0  0  9.3648  0  0  0
0.000237312  0  0.103829  4.71007  0  0  0  0  0  0  0  9.36506  0  0  0
0.00025911  0  0.104048  4.7097  0  0  0  0  0  0  0  9.36535  0  0  0
0.000282906  0  0.104291  4.70929  0  0  0  0  0  0  0  9.36567  0  0  0
0.000308883  0  0.104558  4.70883  0  0  0  0  0  0  0  9.36601  0  0  0
0.00033724  0  0.104853  4.70833  0  0  0  0  0  0  0  9.3664  0  0  0
0.000368196  0  0.105179  4.70778  0  0  0  0  0  0  0  9.36682  0  0  0
0.000401985  0  0.105538  4.70718  0  0  0  0  0  0  0  9.36728  0  0  0
0.000438868  0  0.105935  4.70651  0  0  0  0  0  0  0  9.36779  0  0  0
0.000479125  0  0.106372  4.70577  0  0  0  0  0  0  0  9.36836  0  0  0
0.000523063  0  0.106855  4.70496  0  0  0  0  0  0  0  9.36898  0  0  0
0.000571017  0  0.107388  4.70407  0  0  0  0  0  0  0  9.36966  0  0  0
0.000623351  0  0.107977  4.70309  0  0  0  0  0  0  0  9.37041  0  0  0
0.000680461  0  0.108626  4.70201  0  0  0  0  0  0  0  9.37124  0  0  0
0.000742781  0  0.109343  4.70082  0  0  0  0  0  0  0  9.37215  0  0  0
0.000810781  0  0.110135  4.69951  0  0  0  0  0  0  0  9.37316  0  0  0
0.000884973  0  0.111009  4.69807  0  0  0  0  0  0  0  9.37426  0  0  0
0.000965915  0  0.111974  4.69649  0  0  0  0  0  0  0  9.37547  0  0  0
0.00105421  0  0.11304  4.69475  0  0  0  0  0  0  0  9.3768  0  0  0
0.00115053  0  0.114217  4.69283  0  0  0  0  0  0  0  9.37827  0  0  0
0.00125558  0  0.115517  4.69073  0  0  0  0  0  0  0  9.37987  0  0  0
0.00137014  0  0.116953  4.68843  0  0  0  0  0  0  0  9.38164  0  0  0
0.00149506  0  0.11854  4.68589  0  0  0  0  0  0  0  9.38357  0  0  0
0.00163126  0  0.120293  4.68311  0  0  0  0  0  0  0  9.3857  0  0  0
0.00177974  0  0.122231  4.68006  0  0  0  0  0  0  0  9.38803  0  0  0
0.00194158  0  0.124372  4.67672  0  0  0  0  0  0  0  9.39058  0  0  0
0.00211795  0  0.126738  4.67306  0  0  0  0  0  0  0  9.39337  0  0  0
0.00231012  0  0.129354  4.66905  0  0  0  0  0  0  0  9.39643  0  0  0
0.00251947  0  0.132247  4.66466  0  0  0  0  0  0  0  9.39977  0  0  0
0.00274748  0  0.135444  4.65986  0  0  0  0  0  0  0  9.40343  0  0  0
0.00299576  0  0.13898  4.65462  0  0  0  0  0  0  0  9.40741  0  0  0
0.00326605  0  0.142889  4.6489  0  0  0  0  0  0  0  9.41175  0  0  0
0.00356021  0  0.147212  4.64266  0  0  0  0  0  0  0  9.41649  0  0  0
0.00388027  0  0.151992  4.63586  0  0  0  0  0  0  0  9.42163  0  0  0
0.00422838  0  0.157276  4.62846  0  0  0  0  0  0  0  9.42723  0  0  0
0.00460689  0  0.163119  4.62041  0  0  0  0  0  0  0  9.43329  0  0  0
0.00501829  0  0.169575  4.61166  0  0  0  0  0  0  0  9.43986  0  0  0
0.00546526  0  0.17671  4.60218  0  0  0  0  0  0  0  9.44696  0  0  0
0.00595067  0  0.184589  4.5919  0  0  0  0  0  0  0  9.45462  0  0  0
0.00647757  0  0.193287  4.58078  0  0  0  0  0  0  0  9.46287  0  0  0
0.00704924  0  0.202883  4.56877  0  0  0  0  0  0  0  9.47173  0  0  0
0.00766915  0  0.213459  4.55581  0  0  0  0  0  0  0  9.48123  0  0  0
0.00834097  0  0.225106  4.54186  0  0  0  0  0  0  0  9.49137  0  0  0
0.0090686  0  0.237917  4.52685  0  0  0  0  0  0  0  9.50218  0  0  0
0.00985616  0  0.251988  4.51073  0  0  0  0  0  0  0  9.51365  0  0  0
0.010708  0  0.267419  4.49344  0  0  0  0  0  0  0  9.52578  0  0  0
0.0116286  0  0.28431  4.47494  0  0  0  0  0  0  0  9.53854  0  0  0
0.0126229  0  0.302759  4.45516  0  0  0  0  0  0  0  9.55192  0  0  0
0.0136956  0  0.322862  4.43405  0  0  0  0  0  0  0  9.56586  0  0  0
0.0148521  0  0.344707  4.41153  0  0  0  0  0  0  0  9.58029  0  0  0
0.0160977  0  0.368375  4.38753  0  0  0  0  0  0  0  9.59512  0  0  0
0.0174377  0  0.39393  4.36199  0  0  0  0  0  0  0  9.61024  0  0  0
0.0188781  0  0.421423  4.33479  0  0  0  0  0  0  0  9.6255  0  0  0
0.0204243  0  0.450881  4.30584  0  0  0  0  0  0  0  9.64072  0  0  0
0.0220824  0  0.482308  4.275  0  0  0  0  0  0  0  9.65567  0  0  0
0.0238583  0  0.515674  4.2421  0  0  0  0  0  0  0  9.67009  0  0  0
0.0257578  0  0.550924  4.20695  0  0  0  0  0  0  0  9.68367  0  0  0
0.027787  0  0.58796  4.1693  0  0  0  0  0  0  0  9.69604  0  0  0
0.0299516  0  0.626649  4.12886  0  0  0  0  0  0  0  9.70677  0  0  0
0.0322576  0  0.666821  4.08525  0  0  0  0  0  0  0  9.71536  0  0  0
0.0347104  0  0.708263  4.03806  0  0  0  0  0  0  0  9.72127  0  0  0
0.0373157  0  0.750727  3.98677  0  0  0  0  0  0  0  9.72388  0  0  0
0.0400785  0  0.793929  3.93079  0  0  0  0  0  0  0  9.72248  0  0  0
0.043004  0  0.837554  3.86946  0  0  0  0  0  0  0  9.71633  0  0  0
0.0460967  0  0.881259  3.80204  0  0  0  0  0  0  0  9.70462  0  0  0
0.0493609  0  0.92468  3.72771  0  0  0  0  0  0  0  9.68649  0  0  0
0.0528007  0  0.967435  3.64564  0  0  0  0  0  0  0  9.66107  0  0  0
0.0564196  0  1.00913  3.55499  0  0  0  0  0  0  0  9.62747  0  0  0
0.0602206  0  1.04937  3.45493  0  0  0  0  0  0  0  9.58486  0  0  0
0.0642064  0  1.08773  3.34475  0  0  0  0  0  0  0  9.53245  0  0  0
0.0683793  0  1.12382  3.22387  0  0  0  0  0  0  0  9.46958  0  0  0
0.072741  0  1.15722  3.09194  0  0  0  0  0  0  0  9.39576  0  0  0
0.0772927  0  1.1875  2.94889  0  0  0  0  0  0  0  9.31067  0  0  0
0.0820352  0  1.21423  2.79501  0  0  0  0  0  0  0  9.21426  0  0  0
0.0869689  0  1.23697  2.63095  0  0  0  0  0  0  0  9.10674  0  0  0
0.0920937  0  1.25526  2.45782  0  0  0  0  0  0  0  8.98859  0  0  0
0.097409  0  1.26864  2.27711  0  0  0  0  0  0  0  8.86058  0  0  0
0.102914  0  1.27659  2.09074  0  0  0  0  0  0  0  8.7237  0  0  0
0.108607  0  1.27863  1.90096  0  0  0  0  0  0  0  8.57915  0  0  0
0.114487  0  1.27423  1.71026  0  0  0  0  0  0  0  8.42825  0  0  0
0.120552  0  1.26288  1.52136  0  0  0  0  0  0  0  8.27237  0  0  0
0.126799  0  1.24405  1.33702  0  0  0  0  0  0  0  8.11284  0  0  0
0.133226  0  1.21727  1.16  0  0  0  0  0  0  0  7.95088  0  0  0
0.13983  0  1.18209  0.992978  0  0  0  0  0  0  0  7.78754  0  0  0
0.146608  0  1.13816  0.83847  0  0  0  0  0  0  0  7.62362  0  0  0
0.153557  0  1.08525  0.698768  0  0  0  0  0  0  0  7.45965  0  0  0
0.160674  0  1.02332  0.575905  0  0  0  0  0  0  0  7.2959  0  0  0
0.167955  0  0.952608  0.471596  0  0  0  0  0  0  0  7.13232  0  0  0
0.175396  0  0.873708  0.387187  0  0  0  0  0  0  0  6.96858  0  0  0
0.182995  0  0.787676  0.323569  0  0  0  0  0  0  0  6.80407  0  0  0
0.190747  0  0.696109  0.281078  0  0  0  0  0  0  0  6.63793  0  0  0
0.198649  0  0.6012  0.259362  0  0  0  0  0  0  0  6.46893  0  0  0
0.206698  0  0.505711  0.257215  0  0  0  0  0  0  0  6.29546  0  0  0
0.214888  0  0.412852  0.272407  0  0  0  0  0  0  0  6.1153  0  0  0
0.223217  0  0.326032  0.301504  0  0  0  0  0  0  0  5.92537  0  0  0
0.231682  0  0.248496  0.339719  0  0  0  0  0  0  0  5.72131  0  0  0
0.240277  0  0.18288  0.380841  0  0  0  0  0  0  0  5.4971  0  0  0
0.249001  0  0.130773  0.417333  0  0  0  0  0  0  0  5.24479  0  0  0
0.257849  0  0.0924176  0.440763  0  0  0  0  0  0  0  4.95491  0  0  0
0.266818  0  0.0667155  0.442819  0  0  0  0  0  0  0  4.61799  0  0  0
0.275904  0  0.0516153  0.417084  0  0  0  0  0  0  0  4.2279  0  0  0
0.285104  0  0.0447514  0.361373  0  0  0  0  0  0  0  3.78643  0  0  0
0.294416  0  0.0439083  0.279644  0  0  0  0  0  0  0  3.30721  0  0  0
0.303834  0  0.0469684  0.181942  0  0  0  0  0  0  0  2.8155  0  0  0
0.313358  0  0.0516208  0.0815694  0  0  0  0  0  0  0  2.34216  0  0  0
0.322983  0  0.055501  -0.00928056  0  0  0  0  0  0  0  1.91436  0  0  0
0.332707  0  0.0568441  -0.0828886  0  0  0  0  0  0  0  1.54856  0  0  0
0.342526  0  0.0550066  -0.136806  0  0  0  0  0  0  0  1.24904  0  0  0
0.352439  0  0.0503948  -0.172546  0  0  0  0  0  0  0  1.01097  0  0  0
0.362442  0  0.0439769  -0.193624  0  0  0  0  0  0  0  0.824901  0  0  0
0.372533  0  0.0367914  -0.203985  0  0  0  0  0  0  0  0.680344  0  0  0
0.382709  0  0.029664  -0.207131  0  0  0  0  0  0  0  0.567744  0  0  0
0.392967  0  0.0231281  -0.205808  0  0  0  0  0  0  0  0.479275  0  0  0
0.403306  0  0.0174592  -0.201999  0  0  0  0  0  0  0  0.408891  0  0  0
0.413723  0  0.0127476  -0.197052  0  0  0  0  0  0  0  0.352079  0  0  0
0.424216  0  0.00896838  -0.191833  0  0  0  0  0  0  0  0.305527  0  0  0
0.434783  0  0.00603488  -0.186869  0  0  0  0  0  0  0  0.266825  0  0  0
0.445422  0  0.00383404  -0.182449  0  0  0  0  0  0  0  0.234224  0  0  0
0.45613  0  0.00224769  -0.178715  0  0  0  0  0  0  0  0.20644  0  0  0
0.466905  0  0.0011641  -0.175706  0  0  0  0  0  0  0  0.182529  0  0  0
0.477747  0  0.000483538  -0.173404  0  0  0  0  0  0  0  0.161784  0  0  0
0.488653  0  0.000119931  -0.171759  0  0  0  0  0  0  0  0.143672  0  0  0
0.499621  0  8.6523e-07  -0.170699  0  0  0  0  0  0  0  0.127778  0  0  0
0.510649  0  6.64011e-05  -0.170145  0  0  0  0  0  0  0  0.11378  0  0  0
0.521736  0  0.000267567  -0.170018  0  0  0  0  0  0  0  0.101421  0  0  0
0.532881  0  0.000564782  -0.170242  0  0  0  0  0  0  0  0.0904918  0  0  0
0.544082  0  0.000926335  -0.170741  0  0  0  0  0  0  0  0.0808172  0  0  0
0.555337  0  0.00132708  -0.171448  0  0  0  0  0  0  0  0.0722542  0  0  0
0.566644  0  0.00174723  -0.1723  0  0  0  0  0  0  0  0.0646772  0  0  0
0.578004  0  0.00217138  -0.173239  0  0  0  0  0  0  0  0.057981  0  0  0
0.589413  0  0.00258767  -0.174212  0  0  0  0  0  0  0  0.0520711  0  0  0
0.600872  0  0.0029872  -0.175171  0  0  0  0  0  0  0  0.0468659  0  0  0
0.612378  0  0.00336327  -0.17607  0  0  0  0  0  0  0  0.0422916  0  0  0
0.62393  0  0.00371106  -0.17687  0  0  0  0  0  0  0  0.0382824  0  0  0
0.635528  0  0.00402732  -0.17753  0  0  0  0  0  0  0  0.0347795  0  0  0
0.64717  0  0.00430983  -0.178018  0  0  0  0  0  0  0  0.0317287  0  0  0
0.658855  0  0.00455731  -0.178299  0  0  0  0  0  0  0  0.0290794  0  0  0
0.670582  0  0.00476928  -0.178343  0  0  0  0  0  0  0  0.0267897  0  0  0
0.68235  0  0.00494573  -0.178119  0  0  0  0  0  0  0  0.0248141  0  0  0
0.694158  0  0.00508707  -0.177599  0  0  0  0  0  0  0  0.0231171  0  0  0
0.706005  0  0.0051941  -0.176757  0  0  0  0  0  0  0  0.0216618  0  0  0
0.71789  0  0.00526769  -0.175566  0  0  0  0  0  0  0  0.0204163  0  0  0
0.729812  0  0.0053091  -0.174  0  0  0  0  0  0  0  0.0193491  0  0  0
0.741771  0  0.00531958  -0.172035  0  0  0  0  0  0  0  0.0184317  0  0  0
0.753765  0  0.00530053  -0.169647  0  0  0  0  0  0  0  0.0176377  0  0  0
0.765793  0  0.00525326  -0.166812  0  0  0  0  0  0  0  0.016942  0  0  0
0.777856  0  0.00517946  -0.163507  0  0  0  0  0  0  0  0.0163221  0  0  0
0.789952  0  0.00508052  -0.159709  0  0  0  0  0  0  0  0.0157557  0  0  0
0.80208  0  0.00495798  -0.155395  0  0  0  0  0  0  0  0.0152221  0  0  0
0.814239  0  0.00481341  -0.150544  0  0  0  0  0  0  0  0.0147038  0  0  0
0.82643  0  0.00464847  -0.145132  0  0  0  0  0  0  0  0.0141826  0  0  0
0.838651  0  0.00446472  -0.13914  0  0  0  0  0  0  0  0.0136428  0  0  0
0.850901  0  0.00426388  -0.132547  0  0  0  0  0  0  0  0.0130692  0  0  0
0.863181  0  0.00404759  -0.125332  0  0  0  0  0  0  0  0.0124488  0  0  0
0.875488  0  0.00381769  -0.117475  0  0  0  0  0  0  0  0.0117693  0  0  0
0.887824  0  0.00357603  -0.108959  0  0  0  0  0  0  0  0.0110192  0  0  0
0.900186  0  0.00332449  -0.0997642  0  0  0  0  0  0  0  0.0101895  0  0  0
0.912576  0  0.00306506  -0.0898745  0  0  0  0  0  0  0  0.00927258  0  0  0
0.924991  0  0.00279993  -0.0792735  0  0  0  0  0  0  0  0.00826073  0  0  0
0.937432  0  0.00253126  -0.0679463  0  0  0  0  0  0  0  0.00714874  0  0  0
0.949897  0  0.00226142  -0.0558801  0  0  0  0  0  0  0  0.00593233  0  0  0
0.962388  0  0.00199295  -0.0430613  0  0  0  0  0  0  0  0.00460911  0  0  0
0.974902  0  0.0017284  -0.0294808  0  0  0  0  0  0  0  0.00317955  0  0  0
0.987439  0  0.00147064  -0.0151292  0  0  0  0  0  0  0  0.00164223  0  0  0
1  0  0.00122258  0  0  0  0  0  0  0  0  0  0  0  0
