1e-05  0.829437  4.61188
1.12934e-05  0.843566  4.59558
1.2754e-05  0.857774  4.57924
1.44035e-05  0.872069  4.56288
1.62664e-05  0.886461  4.54647
1.83701e-05  0.900958  4.53001
2.07459e-05  0.915571  4.5135
2.34289e-05  0.930308  4.49693
2.64589e-05  0.945179  4.48029
2.98806e-05  0.960193  4.46358
3.37448e-05  0.975362  4.44679
3.81085e-05  0.990695  4.42992
4.30364e-05  1.0062  4.41296
4.86013e-05  1.0219  4.3959
5.48856e-05  1.03779  4.37875
6.19822e-05  1.05388  4.36149
6.99959e-05  1.0702  4.34413
7.90453e-05  1.08674  4.32665
8.9264e-05  1.10353  4.30906
0.000100803  1.12056  4.29136
0.000113832  1.13786  4.27354
0.000128545  1.15544  4.2556
0.000145157  1.1733  4.23754
0.000163914  1.19145  4.21936
0.000185092  1.20991  4.20108
0.000209003  1.22869  4.18268
0.000235998  1.2478  4.16417
0.000266475  1.26725  4.14557
0.00030088  1.28705  4.12687
0.000339718  1.3072  4.10808
0.000383558  1.32772  4.08923
0.000433041  1.34862  4.07031
0.000488889  1.36991  4.05135
0.000551916  1.39158  4.03236
0.000623038  1.41366  4.01335
0.000703286  1.43614  3.99436
0.000793822  1.45903  3.9754
0.00089595  1.48234  3.9565
0.00101114  1.50607  3.93768
0.00114103  1.53023  3.91899
0.00128749  1.5548  3.90044
0.00145258  1.5798  3.88209
0.00163864  1.60522  3.86397
0.00184826  1.63106  3.84613
0.00208437  1.65731  3.8286
0.00235022  1.68397  3.81145
0.00264945  1.71102  3.79472
0.00298611  1.73846  3.77846
0.0033647  1.76627  3.76275
0.00379022  1.79442  3.74762
0.0042682  1.82291  3.73316
0.00480478  1.8517  3.71941
0.0054067  1.88077  3.70644
0.00608136  1.91008  3.69431
0.0068369  1.93959  3.68308
0.00768216  1.96928  3.67279
0.00862678  1.99908  3.66349
0.00968117  2.02896  3.6552
0.0108566  2.05885  3.64794
0.0121649  2.08872  3.6417
0.0136191  2.1185  3.63643
0.0152325  2.14814  3.63206
0.0170193  2.17759  3.62846
0.0189942  2.2068  3.62546
0.0211725  2.23574  3.6228
0.0235696  2.26438  3.62016
0.0262013  2.29273  3.61709
0.029083  2.32081  3.61307
0.0322304  2.34865  3.60744
0.0356582  2.37634  3.59942
0.0393809  2.40399  3.58809
0.0434119  2.43173  3.57244
0.0477636  2.45974  3.55134
0.0524469  2.48819  3.52361
0.0574716  2.51727  3.48806
0.0628458  2.54712  3.44358
0.0685759  2.57787  3.38921
0.0746668  2.60952  3.32425
0.0811213  2.64198  3.24832
0.087941  2.67503  3.16149
0.0951255  2.70829  3.06425
0.102673  2.74123  2.95759
0.11058  2.77319  2.8429
0.118843  2.80339  2.7219
0.127456  2.83102  2.59651
0.136411  2.85523  2.46873
0.145702  2.87521  2.34046
0.155321  2.89024  2.21342
0.165258  2.89969  2.08906
0.175505  2.90304  1.9685
0.186052  2.8999  1.85252
0.196889  2.89  1.74156
0.208007  2.87315  1.6358
0.219395  2.84928  1.53514
0.231045  2.81838  1.43934
0.242947  2.78051  1.348
0.255091  2.73578  1.26063
0.267467  2.68435  1.17672
0.280068  2.62644  1.09573
0.292884  2.5623  1.01718
0.305906  2.49224  0.940611
0.319127  2.41662  0.865637
0.332539  2.33585  0.791949
0.346134  2.25039  0.719323
0.359905  2.16075  0.647615
0.373844  2.06751  0.576764
0.387946  1.97127  0.506789
0.402204  1.87267  0.437769
0.416611  1.77237  0.369847
0.431162  1.67103  0.303204
0.445852  1.56933  0.238056
0.460674  1.46792  0.174633
0.475624  1.3674  0.113171
0.490697  1.26835  0.0538998
0.505889  1.1713  -0.0029687
0.521194  1.07671  -0.0572456
0.536609  0.98497  -0.108773
0.55213  0.896416  -0.157427
0.567753  0.811313  -0.203121
0.583474  0.729858  -0.2458
0.599289  0.652189  -0.285451
0.615196  0.578385  -0.322086
0.631191  0.508475  -0.355753
0.647272  0.442441  -0.386521
0.663434  0.380225  -0.414483
0.679676  0.321738  -0.439752
0.695995  0.266862  -0.462451
0.712388  0.215458  -0.482719
0.728853  0.16737  -0.500699
0.745387  0.122428  -0.516541
0.761989  0.0804555  -0.530394
0.778655  0.0412706  -0.542411
0.795385  0.00468808  -0.552742
0.812177  -0.0294756  -0.561532
0.829027  -0.0614025  -0.568924
0.845935  -0.0912719  -0.575054
0.862899  -0.119254  -0.580054
0.879917  -0.145517  -0.584047
0.896988  -0.17022  -0.587151
0.914109  -0.193513  -0.589475
0.931281  -0.21554  -0.591122
0.9485  -0.236433  -0.592184
0.965767  -0.256316  -0.59275
0.983079  -0.275304  -0.592898
1.00043  -0.2935  -0.592699
1.01783  -0.310997  -0.592216
1.03528  -0.327879  -0.591505
1.05276  -0.344218  -0.590613
1.07028  -0.360075  -0.589579
1.08784  -0.375501  -0.588436
1.10544  -0.390534  -0.587209
1.12307  -0.405205  -0.585915
1.14074  -0.419531  -0.584564
1.15845  -0.43352  -0.58316
1.17619  -0.447169  -0.5817
1.19396  -0.460467  -0.580174
1.21177  -0.47339  -0.578569
1.22961  -0.48591  -0.576862
1.24748  -0.497989  -0.575028
1.26537  -0.50958  -0.573039
1.2833  -0.520632  -0.570859
1.30126  -0.531088  -0.568453
1.31925  -0.540886  -0.565781
1.33726  -0.54996  -0.562801
1.3553  -0.558243  -0.559471
1.37336  -0.565664  -0.555747
1.39146  -0.572153  -0.551585
1.40957  -0.57764  -0.546941
1.42771  -0.582054  -0.541774
1.44588  -0.585329  -0.536042
1.46407  -0.5874  -0.529705
1.48228  -0.588205  -0.522726
1.50052  -0.587685  -0.51507
1.51877  -0.585788  -0.506705
1.53705  -0.582464  -0.497601
1.55535  -0.577669  -0.487731
1.57368  -0.571365  -0.477071
1.59202  -0.563516  -0.465602
1.61038  -0.554096  -0.453305
1.62876  -0.543083  -0.440165
1.64716  -0.530458  -0.426172
1.66558  -0.51621  -0.411315
1.68402  -0.500334  -0.395588
1.70248  -0.482829  -0.378988
1.72095  -0.463699  -0.361514
1.73944  -0.442954  -0.343165
1.75795  -0.42061  -0.323947
1.77648  -0.396687  -0.303865
1.79502  -0.371209  -0.282924
1.81358  -0.344206  -0.261136
1.83215  -0.315713  -0.238512
1.85074  -0.285768  -0.215064
1.86935  -0.254414  -0.190809
1.88797  -0.2217  -0.165762
1.90661  -0.187677  -0.139942
1.92526  -0.152401  -0.113369
1.94392  -0.11593  -0.0860645
1.9626  -0.0783284  -0.0580514
1.98129  -0.0396618  -0.0293551
2  0  -0
