1e-05  1.11421  5.21408
1.12934e-05  1.11472  5.21305
1.2754e-05  1.11527  5.21195
1.44035e-05  1.11587  5.21079
1.62664e-05  1.11653  5.20956
1.83701e-05  1.11724  5.20825
2.07459e-05  1.11802  5.20686
2.34289e-05  1.11886  5.20539
2.64589e-05  1.11978  5.20382
2.98806e-05  1.12077  5.20216
3.37448e-05  1.12186  5.20039
3.81085e-05  1.12303  5.1985
4.30364e-05  1.12431  5.19649
4.86013e-05  1.12571  5.19435
5.48856e-05  1.12722  5.19206
6.19822e-05  1.12887  5.18962
6.99959e-05  1.13066  5.18701
7.90453e-05  1.13261  5.18423
8.9264e-05  1.13473  5.18125
0.000100803  1.13703  5.17807
0.000113832  1.13955  5.17467
0.000128545  1.14228  5.17103
0.000145157  1.14526  5.16714
0.000163914  1.1485  5.16297
0.000185092  1.15203  5.15851
0.000209003  1.15587  5.15374
0.000235998  1.16006  5.14863
0.000266475  1.16462  5.14316
0.00030088  1.16959  5.1373
0.000339718  1.17501  5.13104
0.000383558  1.1809  5.12434
0.000433041  1.18732  5.11717
0.000488889  1.19432  5.1095
0.000551916  1.20194  5.10131
0.000623038  1.21023  5.09257
0.000703286  1.21925  5.08323
0.000793822  1.22907  5.07327
0.00089595  1.23974  5.06266
0.00101114  1.25134  5.05136
0.00114103  1.26394  5.03934
0.00128749  1.27762  5.02656
0.00145258  1.29244  5.01301
0.00163864  1.30851  4.99864
0.00184826  1.32589  4.98343
0.00208437  1.34468  4.96735
0.00235022  1.36496  4.95039
0.00264945  1.38681  4.93253
0.00298611  1.41031  4.91374
0.0033647  1.43555  4.89402
0.00379022  1.46258  4.87337
0.0042682  1.49147  4.85177
0.00480478  1.52225  4.82924
0.0054067  1.55497  4.80579
0.00608136  1.58963  4.78141
0.0068369  1.62621  4.75614
0.00768216  1.66467  4.72998
0.00862678  1.70493  4.70294
0.00968117  1.7469  4.67505
0.0108566  1.79043  4.64631
0.0121649  1.83533  4.61672
0.0136191  1.88139  4.58626
0.0152325  1.92835  4.5549
0.0170193  1.97591  4.52259
0.0189942  2.02377  4.48922
0.0211725  2.07157  4.45466
0.0235696  2.11898  4.41872
0.0262013  2.16565  4.38116
0.029083  2.21126  4.34163
0.0322304  2.25553  4.29973
0.0356582  2.29823  4.25492
0.0393809  2.33923  4.20658
0.0434119  2.37848  4.15398
0.0477636  2.41604  4.09623
0.0524469  2.45212  4.03241
0.0574716  2.487  3.96146
0.0628458  2.52109  3.88236
0.0685759  2.55482  3.7941
0.0746668  2.58866  3.69583
0.0811213  2.62297  3.58694
0.087941  2.65799  3.46717
0.0951255  2.69369  3.33674
0.102673  2.7298  3.19638
0.11058  2.76571  3.04737
0.118843  2.80055  2.89145
0.127456  2.83323  2.73077
0.136411  2.86256  2.56765
0.145702  2.88734  2.40446
0.155321  2.9065  2.24339
0.165258  2.91915  2.08637
0.175505  2.92466  1.93493
0.186052  2.92264  1.79018
0.196889  2.91293  1.65282
0.208007  2.89554  1.52319
0.219395  2.87063  1.40133
0.231045  2.83842  1.28704
0.242947  2.79918  1.17994
0.255091  2.75319  1.07955
0.267467  2.70071  0.985333
0.280068  2.64197  0.896707
0.292884  2.57721  0.813108
0.305906  2.50664  0.733994
0.319127  2.43052  0.658866
0.332539  2.34913  0.587272
0.346134  2.26279  0.518823
0.359905  2.17193  0.453185
0.373844  2.07704  0.390092
0.387946  1.97872  0.329332
0.402204  1.87764  0.270753
0.416611  1.77455  0.214249
0.431162  1.67027  0.159756
0.445852  1.56563  0.107245
0.460674  1.46145  0.0567093
0.475624  1.35854  0.00815607
0.490697  1.25764  -0.0383992
0.505889  1.15942  -0.0829397
0.521194  1.06443  -0.125458
0.536609  0.973138  -0.165955
0.55213  0.885875  -0.204441
0.567753  0.802877  -0.240941
0.583474  0.724276  -0.275494
0.599289  0.650109  -0.308145
0.615196  0.580338  -0.338954
0.631191  0.51486  -0.367986
0.647272  0.45352  -0.39531
0.663434  0.396127  -0.421001
0.679676  0.342462  -0.445133
0.695995  0.292292  -0.46778
0.712388  0.245375  -0.489018
0.728853  0.201467  -0.508915
0.745387  0.160333  -0.527542
0.761989  0.12174  -0.544959
0.778655  0.0854726  -0.56123
0.795385  0.0513237  -0.576408
0.812177  0.019104  -0.590546
0.829027  -0.0113626  -0.60369
0.845935  -0.0402365  -0.615882
0.862899  -0.0676632  -0.627164
0.879917  -0.0937741  -0.637571
0.896988  -0.118687  -0.647132
0.914109  -0.142505  -0.655879
0.931281  -0.165322  -0.663838
0.9485  -0.187217  -0.671031
0.965767  -0.20826  -0.67748
0.983079  -0.228511  -0.683202
1.00043  -0.248021  -0.688211
1.01783  -0.266833  -0.692526
1.03528  -0.28498  -0.696158
1.05276  -0.302491  -0.699117
1.07028  -0.319386  -0.701412
1.08784  -0.33568  -0.703054
1.10544  -0.351382  -0.704047
1.12307  -0.366498  -0.704398
1.14074  -0.381025  -0.70411
1.15845  -0.394959  -0.70319
1.17619  -0.408293  -0.701637
1.19396  -0.421015  -0.699457
1.21177  -0.433108  -0.696648
1.22961  -0.444554  -0.69321
1.24748  -0.455335  -0.689147
1.26537  -0.465425  -0.684453
1.2833  -0.474802  -0.679132
1.30126  -0.483435  -0.67318
1.31925  -0.491299  -0.666596
1.33726  -0.498363  -0.659375
1.3553  -0.504596  -0.651519
1.37336  -0.509966  -0.643023
1.39146  -0.514442  -0.633885
1.40957  -0.517991  -0.624102
1.42771  -0.520578  -0.613674
1.44588  -0.522172  -0.602597
1.46407  -0.522739  -0.590871
1.48228  -0.522248  -0.578494
1.50052  -0.520667  -0.565466
1.51877  -0.517963  -0.551785
1.53705  -0.514109  -0.537458
1.55535  -0.509077  -0.52248
1.57368  -0.502837  -0.50686
1.59202  -0.495365  -0.4906
1.61038  -0.486639  -0.473704
1.62876  -0.476635  -0.456182
1.64716  -0.465337  -0.438043
1.66558  -0.452725  -0.419294
1.68402  -0.438787  -0.399949
1.70248  -0.423511  -0.380021
1.72095  -0.406889  -0.359527
1.73944  -0.388914  -0.338481
1.75795  -0.369585  -0.316906
1.77648  -0.348902  -0.294819
1.79502  -0.326869  -0.272245
1.81358  -0.303495  -0.249209
1.83215  -0.278789  -0.225738
1.85074  -0.252764  -0.201859
1.86935  -0.225443  -0.177601
1.88797  -0.196842  -0.152997
1.90661  -0.166987  -0.128079
1.92526  -0.135907  -0.102882
1.94392  -0.103633  -0.0774375
1.9626  -0.0701978  -0.0517853
1.98129  -0.0356402  -0.0259597
2  0  -0
