1e-05  0.732176  5.9456
1.12934e-05  0.741841  5.93558
1.2754e-05  0.75175  5.92532
1.44035e-05  0.761905  5.91484
1.62664e-05  0.772315  5.90412
1.83701e-05  0.782983  5.89315
2.07459e-05  0.793915  5.88194
2.34289e-05  0.805118  5.87049
2.64589e-05  0.816597  5.85878
2.98806e-05  0.828357  5.84682
3.37448e-05  0.840404  5.83459
3.81085e-05  0.852745  5.8221
4.30364e-05  0.865386  5.80935
4.86013e-05  0.878332  5.79632
5.48856e-05  0.89159  5.78301
6.19822e-05  0.905167  5.76943
6.99959e-05  0.91907  5.75556
7.90453e-05  0.933303  5.74141
8.9264e-05  0.947875  5.72697
0.000100803  0.962792  5.71223
0.000113832  0.97806  5.6972
0.000128545  0.993687  5.68186
0.000145157  1.00968  5.66622
0.000163914  1.02604  5.65027
0.000185092  1.04279  5.63401
0.000209003  1.05992  5.61743
0.000235998  1.07745  5.60054
0.000266475  1.09538  5.58332
0.00030088  1.11371  5.56578
0.000339718  1.13247  5.54791
0.000383558  1.15164  5.52971
0.000433041  1.17125  5.51118
0.000488889  1.19129  5.49231
0.000551916  1.21178  5.4731
0.000623038  1.23272  5.45356
0.000703286  1.25412  5.43367
0.000793822  1.27599  5.41344
0.00089595  1.29832  5.39286
0.00101114  1.32114  5.37194
0.00114103  1.34444  5.35067
0.00128749  1.36823  5.32905
0.00145258  1.39251  5.30708
0.00163864  1.4173  5.28477
0.00184826  1.44258  5.2621
0.00208437  1.46838  5.23909
0.00235022  1.49469  5.21573
0.00264945  1.52151  5.19203
0.00298611  1.54885  5.16797
0.0033647  1.5767  5.14358
0.00379022  1.60507  5.11883
0.0042682  1.63396  5.09374
0.00480478  1.66336  5.0683
0.0054067  1.69328  5.0425
0.00608136  1.7237  5.01635
0.0068369  1.75464  4.98983
0.00768216  1.78608  4.96292
0.00862678  1.81802  4.93561
0.00968117  1.85046  4.90787
0.0108566  1.88339  4.87966
0.0121649  1.91682  4.85093
0.0136191  1.95075  4.82162
0.0152325  1.98518  4.79165
0.0170193  2.02011  4.7609
0.0189942  2.05555  4.72925
0.0211725  2.09152  4.69654
0.0235696  2.12803  4.66255
0.0262013  2.1651  4.62706
0.029083  2.20276  4.58978
0.0322304  2.24101  4.55036
0.0356582  2.27988  4.50842
0.0393809  2.31938  4.46351
0.0434119  2.3595  4.41513
0.0477636  2.40022  4.36273
0.0524469  2.44148  4.30571
0.0574716  2.4832  4.24344
0.0628458  2.52524  4.17526
0.0685759  2.56739  4.10049
0.0746668  2.60938  4.01847
0.0811213  2.65087  3.92856
0.087941  2.69143  3.83016
0.0951255  2.73054  3.72272
0.102673  2.76762  3.60579
0.11058  2.80201  3.47903
0.118843  2.83301  3.34219
0.127456  2.85989  3.19519
0.136411  2.88193  3.03811
0.145702  2.89843  2.87121
0.155321  2.90879  2.69497
0.165258  2.91246  2.51009
0.175505  2.90907  2.31752
0.186052  2.89835  2.11846
0.196889  2.88022  1.91435
0.208007  2.85471  1.70686
0.219395  2.82203  1.49785
0.231045  2.78247  1.28932
0.242947  2.73644  1.08336
0.255091  2.68438  0.882064
0.267467  2.62676  0.687491
0.280068  2.56403  0.501586
0.292884  2.4966  0.326142
0.305906  2.42483  0.162745
0.319127  2.34903  0.0127578
0.332539  2.26943  -0.12271
0.346134  2.18621  -0.242808
0.359905  2.09954  -0.346956
0.373844  2.00957  -0.434848
0.387946  1.91647  -0.506446
0.402204  1.8205  -0.561993
0.416611  1.72198  -0.601993
0.431162  1.62132  -0.627211
0.445852  1.51907  -0.638649
0.460674  1.41588  -0.637522
0.475624  1.31251  -0.625219
0.490697  1.20981  -0.603256
0.505889  1.10863  -0.573218
0.521194  1.00987  -0.536709
0.536609  0.914365  -0.49529
0.55213  0.822885  -0.45043
0.567753  0.736088  -0.403468
0.583474  0.654504  -0.35558
0.599289  0.578518  -0.307766
0.615196  0.508369  -0.260846
0.631191  0.44416  -0.215465
0.647272  0.385859  -0.172111
0.663434  0.333327  -0.131128
0.679676  0.286324  -0.0927484
0.695995  0.244538  -0.0571068
0.712388  0.207592  -0.0242698
0.728853  0.175074  0.00575001
0.745387  0.146529  0.0329718
0.761989  0.121491  0.0574315
0.778655  0.0994759  0.0791737
0.795385  0.0799961  0.0982382
0.812177  0.0625639  0.114654
0.829027  0.0466928  0.128438
0.845935  0.0319009  0.139588
0.862899  0.0177169  0.148084
0.879917  0.0036788  0.153886
0.896988  -0.0106635  0.15694
0.914109  -0.025744  0.157178
0.931281  -0.041975  0.154521
0.9485  -0.0597429  0.148889
0.965767  -0.0794024  0.140203
0.983079  -0.101272  0.128392
1.00043  -0.125622  0.113408
1.01783  -0.152663  0.0952226
1.03528  -0.18255  0.0738456
1.05276  -0.215359  0.0493278
1.07028  -0.251086  0.0217674
1.08784  -0.289649  -0.00867957
1.10544  -0.330869  -0.0418022
1.12307  -0.37448  -0.0773239
1.14074  -0.42013  -0.114917
1.15845  -0.467391  -0.154193
1.17619  -0.515758  -0.194719
1.19396  -0.56468  -0.236026
1.21177  -0.613564  -0.277616
1.22961  -0.661791  -0.318987
1.24748  -0.708752  -0.359631
1.26537  -0.753847  -0.399064
1.2833  -0.796516  -0.436826
1.30126  -0.836248  -0.472502
1.31925  -0.872594  -0.505723
1.33726  -0.905177  -0.536179
1.3553  -0.933688  -0.563617
1.37336  -0.957906  -0.587845
1.39146  -0.977673  -0.608728
1.40957  -0.992912  -0.626185
1.42771  -1.00361  -0.640192
1.44588  -1.0098  -0.650763
1.46407  -1.01157  -0.657954
1.48228  -1.00907  -0.661852
1.50052  -1.00244  -0.662569
1.51877  -0.991894  -0.66024
1.53705  -0.977628  -0.65501
1.55535  -0.959867  -0.647038
1.57368  -0.938841  -0.636488
1.59202  -0.91478  -0.623524
1.61038  -0.887914  -0.608312
1.62876  -0.858469  -0.591014
1.64716  -0.826669  -0.571787
1.66558  -0.792725  -0.550786
1.68402  -0.75684  -0.528156
1.70248  -0.719213  -0.504033
1.72095  -0.680019  -0.478548
1.73944  -0.63944  -0.451828
1.75795  -0.597635  -0.423984
1.77648  -0.554759  -0.395126
1.79502  -0.510952  -0.365354
1.81358  -0.466352  -0.334762
1.83215  -0.421081  -0.303438
1.85074  -0.375254  -0.27146
1.86935  -0.328979  -0.238903
1.88797  -0.282354  -0.20584
1.90661  -0.235475  -0.17233
1.92526  -0.188425  -0.138433
1.94392  -0.141282  -0.104203
1.9626  -0.094121  -0.0696907
1.98129  -0.0470057  -0.0349422
2  0  0
