1e-05  1.74181  2.3769
1.12934e-05  1.74775  2.3852
1.2754e-05  1.75385  2.39371
1.44035e-05  1.76009  2.40242
1.62664e-05  1.76649  2.41135
1.83701e-05  1.77304  2.42049
2.07459e-05  1.77975  2.42983
2.34289e-05  1.7866  2.43939
2.64589e-05  1.79361  2.44915
2.98806e-05  1.80076  2.45912
3.37448e-05  1.80806  2.46929
3.81085e-05  1.81551  2.47967
4.30364e-05  1.8231  2.49024
4.86013e-05  1.83084  2.50102
5.48856e-05  1.83871  2.51199
6.19822e-05  1.84672  2.52314
6.99959e-05  1.85486  2.53449
7.90453e-05  1.86313  2.54601
8.9264e-05  1.87152  2.55771
0.000100803  1.88004  2.56958
0.000113832  1.88866  2.58161
0.000128545  1.8974  2.5938
0.000145157  1.90624  2.60614
0.000163914  1.91517  2.61862
0.000185092  1.92419  2.63123
0.000209003  1.9333  2.64397
0.000235998  1.94249  2.65682
0.000266475  1.95174  2.66978
0.00030088  1.96106  2.68283
0.000339718  1.97043  2.69597
0.000383558  1.97984  2.70919
0.000433041  1.98929  2.72246
0.000488889  1.99877  2.73579
0.000551916  2.00827  2.74916
0.000623038  2.01778  2.76256
0.000703286  2.0273  2.77597
0.000793822  2.0368  2.78938
0.00089595  2.04629  2.80279
0.00101114  2.05576  2.81617
0.00114103  2.0652  2.82952
0.00128749  2.0746  2.84281
0.00145258  2.08394  2.85604
0.00163864  2.09324  2.86919
0.00184826  2.10247  2.88225
0.00208437  2.11164  2.8952
0.00235022  2.12074  2.90803
0.00264945  2.12977  2.92072
0.00298611  2.13872  2.93326
0.0033647  2.1476  2.94563
0.00379022  2.15642  2.95782
0.0042682  2.16517  2.96981
0.00480478  2.17387  2.98158
0.0054067  2.18253  2.99311
0.00608136  2.19118  3.00439
0.0068369  2.19984  3.01541
0.00768216  2.20854  3.02613
0.00862678  2.21732  3.03654
0.00968117  2.22623  3.04662
0.0108566  2.23533  3.05634
0.0121649  2.24469  3.06568
0.0136191  2.25439  3.07461
0.0152325  2.26454  3.08309
0.0170193  2.27523  3.0911
0.0189942  2.2866  3.09859
0.0211725  2.29877  3.10552
0.0235696  2.31191  3.11182
0.0262013  2.32616  3.11744
0.029083  2.34169  3.12229
0.0322304  2.35867  3.12629
0.0356582  2.37726  3.12931
0.0393809  2.39761  3.13123
0.0434119  2.41984  3.13187
0.0477636  2.44405  3.13106
0.0524469  2.4703  3.12856
0.0574716  2.49858  3.12408
0.0628458  2.52883  3.11733
0.0685759  2.56089  3.10793
0.0746668  2.59453  3.09546
0.0811213  2.62943  3.07944
0.087941  2.66517  3.05936
0.0951255  2.70123  3.03463
0.102673  2.73698  3.00462
0.11058  2.77175  2.9687
0.118843  2.80476  2.92618
0.127456  2.83519  2.8764
0.136411  2.86219  2.81871
0.145702  2.88491  2.75255
0.155321  2.90251  2.6774
0.165258  2.91423  2.5929
0.175505  2.91935  2.49884
0.186052  2.91731  2.39521
0.196889  2.90763  2.2822
0.208007  2.89002  2.16026
0.219395  2.86433  2.03008
0.231045  2.83057  1.89261
0.242947  2.78893  1.74902
0.255091  2.7397  1.60066
0.267467  2.68334  1.44906
0.280068  2.62036  1.29586
0.292884  2.55137  1.14273
0.305906  2.47699  0.991334
0.319127  2.39787  0.843273
0.332539  2.31464  0.700026
0.346134  2.22792  0.562912
0.359905  2.13829  0.433054
0.373844  2.04627  0.311358
0.387946  1.95239  0.198502
0.402204  1.8571  0.0949288
0.416611  1.76085  0.000859149
0.431162  1.66408  -0.0836964
0.445852  1.5672  -0.158919
0.460674  1.47062  -0.225154
0.475624  1.37475  -0.282883
0.490697  1.27996  -0.332694
0.505889  1.18666  -0.375248
0.521194  1.09521  -0.411256
0.536609  1.00596  -0.441447
0.55213  0.91922  -0.466541
0.567753  0.835276  -0.487236
0.583474  0.754368  -0.504184
0.599289  0.676693  -0.517979
0.615196  0.602398  -0.529155
0.631191  0.531582  -0.538172
0.647272  0.464294  -0.545419
0.663434  0.400532  -0.551215
0.679676  0.340251  -0.555811
0.695995  0.283363  -0.559397
0.712388  0.229741  -0.562107
0.728853  0.179224  -0.56403
0.745387  0.131625  -0.565215
0.761989  0.0867352  -0.565682
0.778655  0.0443282  -0.56543
0.795385  0.00417089  -0.564448
0.812177  -0.0339761  -0.562718
0.829027  -0.0703464  -0.560224
0.845935  -0.105169  -0.556958
0.862899  -0.138659  -0.552922
0.879917  -0.171017  -0.548133
0.896988  -0.20242  -0.542621
0.914109  -0.233026  -0.536429
0.931281  -0.26297  -0.529614
0.9485  -0.292365  -0.522243
0.965767  -0.321293  -0.514392
0.983079  -0.349817  -0.506137
1.00043  -0.377977  -0.497559
1.01783  -0.405788  -0.488739
1.03528  -0.433248  -0.479749
1.05276  -0.460334  -0.47066
1.07028  -0.487005  -0.461533
1.08784  -0.513211  -0.452419
1.10544  -0.538881  -0.443364
1.12307  -0.563936  -0.434399
1.14074  -0.588294  -0.425549
1.15845  -0.611853  -0.416832
1.17619  -0.634518  -0.408252
1.19396  -0.656184  -0.399811
1.21177  -0.676742  -0.391503
1.22961  -0.696088  -0.383317
1.24748  -0.714113  -0.375236
1.26537  -0.730711  -0.367241
1.2833  -0.745782  -0.359312
1.30126  -0.759225  -0.351424
1.31925  -0.770949  -0.343553
1.33726  -0.780869  -0.335676
1.3553  -0.788901  -0.327767
1.37336  -0.794978  -0.319802
1.39146  -0.799036  -0.311762
1.40957  -0.801022  -0.303624
1.42771  -0.800893  -0.295373
1.44588  -0.798621  -0.28699
1.46407  -0.794185  -0.278463
1.48228  -0.787575  -0.269782
1.50052  -0.7788  -0.260939
1.51877  -0.767873  -0.251928
1.53705  -0.754825  -0.242751
1.55535  -0.739696  -0.233405
1.57368  -0.722541  -0.223898
1.59202  -0.703424  -0.214234
1.61038  -0.682419  -0.204424
1.62876  -0.659614  -0.194482
1.64716  -0.635101  -0.18442
1.66558  -0.608985  -0.174257
1.68402  -0.581376  -0.16401
1.70248  -0.552388  -0.153701
1.72095  -0.522144  -0.143354
1.73944  -0.490765  -0.132989
1.75795  -0.45838  -0.122632
1.77648  -0.425115  -0.112307
1.79502  -0.391094  -0.102042
1.81358  -0.356447  -0.09186
1.83215  -0.321293  -0.0817873
1.85074  -0.285752  -0.0718493
1.86935  -0.249938  -0.0620718
1.88797  -0.213962  -0.0524783
1.90661  -0.177925  -0.0430911
1.92526  -0.141927  -0.0339324
1.94392  -0.106054  -0.0250267
1.9626  -0.0703945  -0.0163897
1.98129  -0.0350194  -0.00804061
2  0  -0
