NMCPD	5	132
   1	DIS_F2P	8.000000000000000e-03	3.460000000000000e+00	0.000000000000000e+00	9.923999999999999e-01	1.220000000000000e-02	2.977200000000000e-03	3.000000000000000e-01	0.000000000000000e+00	0.000000000000000e+00	7.939200000000000e-03	8.000000000000000e-01	0.000000000000000e+00	0.000000000000000e+00	0.000000000000000e+00	0.000000000000000e+00	
   2	DIS_F2P	1.250000000000000e-02	3.460000000000000e+00	0.000000000000000e+00	9.844000000000001e-01	8.699999999999999e-03	9.844000000000001e-04	1.000000000000000e-01	0.000000000000000e+00	0.000000000000000e+00	1.968800000000000e-03	2.000000000000000e-01	0.000000000000000e+00	0.000000000000000e+00	0.000000000000000e+00	0.000000000000000e+00	
   3	DIS_F2P	1.250000000000000e-02	4.470000000000000e+00	0.000000000000000e+00	9.734000000000000e-01	9.500000000000000e-03	1.946800000000000e-03	2.000000000000000e-01	0.000000000000000e+00	0.000000000000000e+00	3.893600000000001e-03	4.000000000000000e-01	0.000000000000000e+00	0.000000000000000e+00	0.000000000000000e+00	0.000000000000000e+00	
   4	DIS_F2P	1.250000000000000e-02	5.410000000000000e+00	0.000000000000000e+00	9.821000000000000e-01	1.340000000000000e-02	9.821000000000001e-04	1.000000000000000e-01	0.000000000000000e+00	0.000000000000000e+00	5.892600000000000e-03	6.000000000000000e-01	0.000000000000000e+00	0.000000000000000e+00	0.000000000000000e+00	0.000000000000000e+00	
   5	DIS_F2P	1.750000000000000e-02	3.480000000000000e+00	0.000000000000000e+00	9.761000000000000e-01	9.200000000000000e-03	1.952200000000000e-03	2.000000000000000e-01	0.000000000000000e+00	0.000000000000000e+00	9.761000000000000e-04	1.000000000000000e-01	0.000000000000000e+00	0.000000000000000e+00	0.000000000000000e+00	0.000000000000000e+00	
   6	DIS_F2P	1.750000000000000e-02	4.470000000000000e+00	0.000000000000000e+00	9.716000000000000e-01	1.000000000000000e-02	9.716000000000001e-04	1.000000000000000e-01	0.000000000000000e+00	0.000000000000000e+00	2.914800000000000e-03	3.000000000000000e-01	0.000000000000000e+00	0.000000000000000e+00	0.000000000000000e+00	0.000000000000000e+00	
   7	DIS_F2P	1.750000000000000e-02	5.490000000000000e+00	0.000000000000000e+00	9.817000000000000e-01	1.430000000000000e-02	1.963400000000000e-03	2.000000000000000e-01	0.000000000000000e+00	0.000000000000000e+00	1.963400000000000e-03	2.000000000000000e-01	0.000000000000000e+00	0.000000000000000e+00	0.000000000000000e+00	0.000000000000000e+00	
   8	DIS_F2P	1.750000000000000e-02	6.830000000000000e+00	0.000000000000000e+00	9.942000000000000e-01	1.070000000000000e-02	9.942000000000002e-04	1.000000000000000e-01	0.000000000000000e+00	0.000000000000000e+00	3.976800000000001e-03	4.000000000000000e-01	0.000000000000000e+00	0.000000000000000e+00	0.000000000000000e+00	0.000000000000000e+00	
   9	DIS_F2P	2.500000000000000e-02	3.450000000000000e+00	0.000000000000000e+00	9.790000000000000e-01	6.500000000000000e-03	9.790000000000001e-04	1.000000000000000e-01	0.000000000000000e+00	0.000000000000000e+00	1.958000000000000e-03	2.000000000000000e-01	0.000000000000000e+00	0.000000000000000e+00	0.000000000000000e+00	0.000000000000000e+00	
  10	DIS_F2P	2.500000000000000e-02	4.470000000000000e+00	0.000000000000000e+00	9.764000000000000e-01	8.500000000000001e-03	1.952800000000000e-03	2.000000000000000e-01	0.000000000000000e+00	0.000000000000000e+00	9.764000000000001e-04	1.000000000000000e-01	0.000000000000000e+00	0.000000000000000e+00	0.000000000000000e+00	0.000000000000000e+00	
  11	DIS_F2P	2.500000000000000e-02	5.480000000000000e+00	0.000000000000000e+00	9.592000000000001e-01	9.700000000000000e-03	1.918400000000000e-03	2.000000000000000e-01	0.000000000000000e+00	0.000000000000000e+00	9.592000000000001e-04	1.000000000000000e-01	0.000000000000000e+00	0.000000000000000e+00	0.000000000000000e+00	0.000000000000000e+00	
  12	DIS_F2P	2.500000000000000e-02	6.920000000000000e+00	0.000000000000000e+00	9.893000000000000e-01	8.500000000000001e-03	1.978600000000000e-03	2.000000000000000e-01	0.000000000000000e+00	0.000000000000000e+00	2.967900000000000e-03	3.000000000000000e-01	0.000000000000000e+00	0.000000000000000e+00	0.000000000000000e+00	0.000000000000000e+00	
  13	DIS_F2P	2.500000000000000e-02	8.920000000000000e+00	0.000000000000000e+00	9.738000000000000e-01	1.000000000000000e-02	9.738000000000001e-04	1.000000000000000e-01	0.000000000000000e+00	0.000000000000000e+00	3.895200000000001e-03	4.000000000000000e-01	0.000000000000000e+00	0.000000000000000e+00	0.000000000000000e+00	0.000000000000000e+00	
  14	DIS_F2P	3.500000000000000e-02	3.460000000000000e+00	0.000000000000000e+00	9.565000000000000e-01	6.900000000000000e-03	1.913000000000000e-03	2.000000000000000e-01	0.000000000000000e+00	0.000000000000000e+00	9.565000000000001e-04	1.000000000000000e-01	0.000000000000000e+00	0.000000000000000e+00	0.000000000000000e+00	0.000000000000000e+00	
  15	DIS_F2P	3.500000000000000e-02	4.450000000000000e+00	0.000000000000000e+00	9.611000000000000e-01	8.800000000000001e-03	9.611000000000000e-04	1.000000000000000e-01	0.000000000000000e+00	0.000000000000000e+00	9.611000000000000e-04	1.000000000000000e-01	0.000000000000000e+00	0.000000000000000e+00	0.000000000000000e+00	0.000000000000000e+00	
  16	DIS_F2P	3.500000000000000e-02	5.470000000000000e+00	0.000000000000000e+00	9.669000000000000e-01	1.110000000000000e-02	1.933800000000000e-03	2.000000000000000e-01	0.000000000000000e+00	0.000000000000000e+00	9.669000000000000e-04	1.000000000000000e-01	0.000000000000000e+00	0.000000000000000e+00	0.000000000000000e+00	0.000000000000000e+00	
  17	DIS_F2P	3.500000000000000e-02	6.920000000000000e+00	0.000000000000000e+00	9.817000000000000e-01	1.010000000000000e-02	1.963400000000000e-03	2.000000000000000e-01	0.000000000000000e+00	0.000000000000000e+00	9.817000000000001e-04	1.000000000000000e-01	0.000000000000000e+00	0.000000000000000e+00	0.000000000000000e+00	0.000000000000000e+00	
  18	DIS_F2P	3.500000000000000e-02	8.960000000000001e+00	0.000000000000000e+00	9.686000000000000e-01	1.150000000000000e-02	1.937200000000000e-03	2.000000000000000e-01	0.000000000000000e+00	0.000000000000000e+00	9.686000000000000e-04	1.000000000000000e-01	0.000000000000000e+00	0.000000000000000e+00	0.000000000000000e+00	0.000000000000000e+00	
  19	DIS_F2P	3.500000000000000e-02	1.145000000000000e+01	0.000000000000000e+00	9.572000000000001e-01	1.070000000000000e-02	9.572000000000002e-04	1.000000000000000e-01	0.000000000000000e+00	0.000000000000000e+00	9.572000000000002e-04	1.000000000000000e-01	0.000000000000000e+00	0.000000000000000e+00	0.000000000000000e+00	0.000000000000000e+00	
  20	DIS_F2P	3.500000000000000e-02	1.436000000000000e+01	0.000000000000000e+00	9.439000000000000e-01	1.440000000000000e-02	9.439000000000000e-04	1.000000000000000e-01	0.000000000000000e+00	0.000000000000000e+00	2.831700000000000e-03	3.000000000000000e-01	0.000000000000000e+00	0.000000000000000e+00	0.000000000000000e+00	0.000000000000000e+00	
  21	DIS_F2P	5.000000000000000e-02	3.460000000000000e+00	0.000000000000000e+00	9.597000000000000e-01	5.800000000000000e-03	1.919400000000000e-03	2.000000000000000e-01	0.000000000000000e+00	0.000000000000000e+00	9.597000000000001e-04	1.000000000000000e-01	0.000000000000000e+00	0.000000000000000e+00	0.000000000000000e+00	0.000000000000000e+00	
  22	DIS_F2P	5.000000000000000e-02	4.460000000000000e+00	0.000000000000000e+00	9.550999999999999e-01	6.900000000000000e-03	9.551000000000000e-04	1.000000000000000e-01	0.000000000000000e+00	0.000000000000000e+00	9.551000000000000e-04	1.000000000000000e-01	0.000000000000000e+00	0.000000000000000e+00	0.000000000000000e+00	0.000000000000000e+00	
  23	DIS_F2P	5.000000000000000e-02	5.460000000000000e+00	0.000000000000000e+00	9.577000000000000e-01	8.500000000000001e-03	9.577000000000001e-04	1.000000000000000e-01	0.000000000000000e+00	0.000000000000000e+00	9.577000000000001e-04	1.000000000000000e-01	0.000000000000000e+00	0.000000000000000e+00	0.000000000000000e+00	0.000000000000000e+00	
  24	DIS_F2P	5.000000000000000e-02	6.900000000000000e+00	0.000000000000000e+00	9.681999999999999e-01	7.600000000000000e-03	9.682000000000000e-04	1.000000000000000e-01	0.000000000000000e+00	0.000000000000000e+00	9.682000000000000e-04	1.000000000000000e-01	0.000000000000000e+00	0.000000000000000e+00	0.000000000000000e+00	0.000000000000000e+00	
  25	DIS_F2P	5.000000000000000e-02	8.930000000000000e+00	0.000000000000000e+00	9.578000000000000e-01	9.700000000000000e-03	1.915600000000000e-03	2.000000000000000e-01	0.000000000000000e+00	0.000000000000000e+00	9.578000000000001e-04	1.000000000000000e-01	0.000000000000000e+00	0.000000000000000e+00	0.000000000000000e+00	0.000000000000000e+00	
  26	DIS_F2P	5.000000000000000e-02	1.144000000000000e+01	0.000000000000000e+00	9.532000000000000e-01	8.699999999999999e-03	9.532000000000002e-04	1.000000000000000e-01	0.000000000000000e+00	0.000000000000000e+00	0.000000000000000e+00	0.000000000000000e+00	0.000000000000000e+00	0.000000000000000e+00	0.000000000000000e+00	0.000000000000000e+00	
  27	DIS_F2P	5.000000000000000e-02	1.482000000000000e+01	0.000000000000000e+00	9.698000000000000e-01	8.999999999999999e-03	9.698000000000002e-04	1.000000000000000e-01	0.000000000000000e+00	0.000000000000000e+00	9.698000000000002e-04	1.000000000000000e-01	0.000000000000000e+00	0.000000000000000e+00	0.000000000000000e+00	0.000000000000000e+00	
  28	DIS_F2P	5.000000000000000e-02	1.919000000000000e+01	0.000000000000000e+00	9.635000000000000e-01	1.190000000000000e-02	9.635000000000001e-04	1.000000000000000e-01	0.000000000000000e+00	0.000000000000000e+00	1.927000000000000e-03	2.000000000000000e-01	0.000000000000000e+00	0.000000000000000e+00	0.000000000000000e+00	0.000000000000000e+00	
  29	DIS_F2P	7.000000000000001e-02	3.470000000000000e+00	0.000000000000000e+00	9.486000000000000e-01	6.900000000000000e-03	1.897200000000000e-03	2.000000000000000e-01	0.000000000000000e+00	0.000000000000000e+00	9.486000000000001e-04	1.000000000000000e-01	0.000000000000000e+00	0.000000000000000e+00	0.000000000000000e+00	0.000000000000000e+00	
  30	DIS_F2P	7.000000000000001e-02	4.470000000000000e+00	0.000000000000000e+00	9.370000000000001e-01	7.900000000000001e-03	1.874000000000000e-03	2.000000000000000e-01	0.000000000000000e+00	0.000000000000000e+00	0.000000000000000e+00	0.000000000000000e+00	0.000000000000000e+00	0.000000000000000e+00	0.000000000000000e+00	0.000000000000000e+00	
  31	DIS_F2P	7.000000000000001e-02	5.470000000000000e+00	0.000000000000000e+00	9.450000000000000e-01	9.500000000000000e-03	9.450000000000000e-04	1.000000000000000e-01	0.000000000000000e+00	0.000000000000000e+00	0.000000000000000e+00	0.000000000000000e+00	0.000000000000000e+00	0.000000000000000e+00	0.000000000000000e+00	0.000000000000000e+00	
  32	DIS_F2P	7.000000000000001e-02	6.910000000000000e+00	0.000000000000000e+00	9.367000000000000e-01	8.200000000000001e-03	1.873400000000000e-03	2.000000000000000e-01	0.000000000000000e+00	0.000000000000000e+00	0.000000000000000e+00	0.000000000000000e+00	0.000000000000000e+00	0.000000000000000e+00	0.000000000000000e+00	0.000000000000000e+00	
  33	DIS_F2P	7.000000000000001e-02	8.910000000000000e+00	0.000000000000000e+00	9.394000000000000e-01	1.050000000000000e-02	1.878800000000000e-03	2.000000000000000e-01	0.000000000000000e+00	0.000000000000000e+00	0.000000000000000e+00	0.000000000000000e+00	0.000000000000000e+00	0.000000000000000e+00	0.000000000000000e+00	0.000000000000000e+00	
  34	DIS_F2P	7.000000000000001e-02	1.140000000000000e+01	0.000000000000000e+00	9.328000000000000e-01	1.050000000000000e-02	1.865600000000000e-03	2.000000000000000e-01	0.000000000000000e+00	0.000000000000000e+00	0.000000000000000e+00	0.000000000000000e+00	0.000000000000000e+00	0.000000000000000e+00	0.000000000000000e+00	0.000000000000000e+00	
  35	DIS_F2P	7.000000000000001e-02	1.489000000000000e+01	0.000000000000000e+00	9.432000000000000e-01	1.030000000000000e-02	9.432000000000002e-04	1.000000000000000e-01	0.000000000000000e+00	0.000000000000000e+00	9.432000000000002e-04	1.000000000000000e-01	0.000000000000000e+00	0.000000000000000e+00	0.000000000000000e+00	0.000000000000000e+00	
  36	DIS_F2P	7.000000000000001e-02	1.963000000000000e+01	0.000000000000000e+00	9.371000000000000e-01	1.030000000000000e-02	9.371000000000002e-04	1.000000000000000e-01	0.000000000000000e+00	0.000000000000000e+00	9.371000000000002e-04	1.000000000000000e-01	0.000000000000000e+00	0.000000000000000e+00	0.000000000000000e+00	0.000000000000000e+00	
  37	DIS_F2P	7.000000000000001e-02	2.607000000000000e+01	0.000000000000000e+00	9.592000000000001e-01	1.570000000000000e-02	9.592000000000001e-04	1.000000000000000e-01	0.000000000000000e+00	0.000000000000000e+00	1.918400000000000e-03	2.000000000000000e-01	0.000000000000000e+00	0.000000000000000e+00	0.000000000000000e+00	0.000000000000000e+00	
  38	DIS_F2P	9.000000000000000e-02	3.490000000000000e+00	0.000000000000000e+00	9.360000000000001e-01	8.200000000000001e-03	1.872000000000000e-03	2.000000000000000e-01	-9.360000000000002e-04	-1.000000000000000e-01	9.360000000000002e-04	1.000000000000000e-01	0.000000000000000e+00	0.000000000000000e+00	0.000000000000000e+00	0.000000000000000e+00	
  39	DIS_F2P	9.000000000000000e-02	4.470000000000000e+00	0.000000000000000e+00	9.397000000000000e-01	8.900000000000000e-03	1.879400000000000e-03	2.000000000000000e-01	-9.397000000000000e-04	-1.000000000000000e-01	0.000000000000000e+00	0.000000000000000e+00	0.000000000000000e+00	0.000000000000000e+00	0.000000000000000e+00	0.000000000000000e+00	
  40	DIS_F2P	9.000000000000000e-02	5.460000000000000e+00	0.000000000000000e+00	9.419999999999999e-01	1.060000000000000e-02	9.420000000000001e-04	1.000000000000000e-01	-9.420000000000001e-04	-1.000000000000000e-01	0.000000000000000e+00	0.000000000000000e+00	0.000000000000000e+00	0.000000000000000e+00	0.000000000000000e+00	0.000000000000000e+00	
  41	DIS_F2P	9.000000000000000e-02	6.910000000000000e+00	0.000000000000000e+00	9.245000000000000e-01	9.200000000000000e-03	1.849000000000000e-03	2.000000000000000e-01	0.000000000000000e+00	0.000000000000000e+00	0.000000000000000e+00	0.000000000000000e+00	0.000000000000000e+00	0.000000000000000e+00	0.000000000000000e+00	0.000000000000000e+00	
  42	DIS_F2P	9.000000000000000e-02	8.920000000000000e+00	0.000000000000000e+00	9.218000000000000e-01	1.140000000000000e-02	9.218000000000000e-04	1.000000000000000e-01	0.000000000000000e+00	0.000000000000000e+00	0.000000000000000e+00	0.000000000000000e+00	0.000000000000000e+00	0.000000000000000e+00	0.000000000000000e+00	0.000000000000000e+00	
  43	DIS_F2P	9.000000000000000e-02	1.137000000000000e+01	0.000000000000000e+00	9.254000000000000e-01	1.150000000000000e-02	1.850800000000000e-03	2.000000000000000e-01	0.000000000000000e+00	0.000000000000000e+00	0.000000000000000e+00	0.000000000000000e+00	0.000000000000000e+00	0.000000000000000e+00	0.000000000000000e+00	0.000000000000000e+00	
  44	DIS_F2P	9.000000000000000e-02	1.487000000000000e+01	0.000000000000000e+00	9.291000000000000e-01	1.160000000000000e-02	9.291000000000001e-04	1.000000000000000e-01	0.000000000000000e+00	0.000000000000000e+00	0.000000000000000e+00	0.000000000000000e+00	0.000000000000000e+00	0.000000000000000e+00	0.000000000000000e+00	0.000000000000000e+00	
  45	DIS_F2P	9.000000000000000e-02	1.974000000000000e+01	0.000000000000000e+00	9.319000000000000e-01	1.140000000000000e-02	9.318999999999999e-04	1.000000000000000e-01	0.000000000000000e+00	0.000000000000000e+00	9.318999999999999e-04	1.000000000000000e-01	0.000000000000000e+00	0.000000000000000e+00	0.000000000000000e+00	0.000000000000000e+00	
  46	DIS_F2P	9.000000000000000e-02	2.636000000000000e+01	0.000000000000000e+00	9.554000000000000e-01	1.470000000000000e-02	9.554000000000001e-04	1.000000000000000e-01	0.000000000000000e+00	0.000000000000000e+00	9.554000000000001e-04	1.000000000000000e-01	0.000000000000000e+00	0.000000000000000e+00	0.000000000000000e+00	0.000000000000000e+00	
  47	DIS_F2P	9.000000000000000e-02	3.474000000000000e+01	0.000000000000000e+00	9.233000000000000e-01	2.220000000000000e-02	9.233000000000002e-04	1.000000000000000e-01	0.000000000000000e+00	0.000000000000000e+00	1.846600000000000e-03	2.000000000000000e-01	0.000000000000000e+00	0.000000000000000e+00	0.000000000000000e+00	0.000000000000000e+00	
  48	DIS_F2P	1.100000000000000e-01	3.490000000000000e+00	0.000000000000000e+00	9.205000000000000e-01	9.700000000000000e-03	1.841000000000000e-03	2.000000000000000e-01	-9.205000000000001e-04	-1.000000000000000e-01	9.205000000000001e-04	1.000000000000000e-01	0.000000000000000e+00	0.000000000000000e+00	9.205000000000001e-04	1.000000000000000e-01	
  49	DIS_F2P	1.100000000000000e-01	4.470000000000000e+00	0.000000000000000e+00	9.114000000000000e-01	9.800000000000000e-03	1.822800000000000e-03	2.000000000000000e-01	-9.114000000000000e-04	-1.000000000000000e-01	0.000000000000000e+00	0.000000000000000e+00	-9.114000000000000e-04	-1.000000000000000e-01	9.114000000000000e-04	1.000000000000000e-01	
  50	DIS_F2P	1.100000000000000e-01	5.460000000000000e+00	0.000000000000000e+00	9.409000000000000e-01	1.170000000000000e-02	1.881800000000000e-03	2.000000000000000e-01	-9.409000000000000e-04	-1.000000000000000e-01	0.000000000000000e+00	0.000000000000000e+00	0.000000000000000e+00	0.000000000000000e+00	9.409000000000000e-04	1.000000000000000e-01	
  51	DIS_F2P	1.100000000000000e-01	6.900000000000000e+00	0.000000000000000e+00	9.291000000000000e-01	1.020000000000000e-02	1.858200000000000e-03	2.000000000000000e-01	0.000000000000000e+00	0.000000000000000e+00	0.000000000000000e+00	0.000000000000000e+00	0.000000000000000e+00	0.000000000000000e+00	0.000000000000000e+00	0.000000000000000e+00	
  52	DIS_F2P	1.100000000000000e-01	8.920000000000000e+00	0.000000000000000e+00	9.266000000000000e-01	1.270000000000000e-02	9.266000000000001e-04	1.000000000000000e-01	0.000000000000000e+00	0.000000000000000e+00	0.000000000000000e+00	0.000000000000000e+00	0.000000000000000e+00	0.000000000000000e+00	0.000000000000000e+00	0.000000000000000e+00	
  53	DIS_F2P	1.100000000000000e-01	1.137000000000000e+01	0.000000000000000e+00	9.263000000000000e-01	1.260000000000000e-02	1.852600000000000e-03	2.000000000000000e-01	0.000000000000000e+00	0.000000000000000e+00	0.000000000000000e+00	0.000000000000000e+00	0.000000000000000e+00	0.000000000000000e+00	0.000000000000000e+00	0.000000000000000e+00	
  54	DIS_F2P	1.100000000000000e-01	1.485000000000000e+01	0.000000000000000e+00	9.272000000000000e-01	1.300000000000000e-02	1.854400000000000e-03	2.000000000000000e-01	0.000000000000000e+00	0.000000000000000e+00	0.000000000000000e+00	0.000000000000000e+00	0.000000000000000e+00	0.000000000000000e+00	0.000000000000000e+00	0.000000000000000e+00	
  55	DIS_F2P	1.100000000000000e-01	1.974000000000000e+01	0.000000000000000e+00	9.123000000000000e-01	1.240000000000000e-02	9.123000000000001e-04	1.000000000000000e-01	0.000000000000000e+00	0.000000000000000e+00	0.000000000000000e+00	0.000000000000000e+00	0.000000000000000e+00	0.000000000000000e+00	0.000000000000000e+00	0.000000000000000e+00	
  56	DIS_F2P	1.100000000000000e-01	2.652000000000000e+01	0.000000000000000e+00	9.272000000000000e-01	1.470000000000000e-02	9.272000000000001e-04	1.000000000000000e-01	0.000000000000000e+00	0.000000000000000e+00	0.000000000000000e+00	0.000000000000000e+00	0.000000000000000e+00	0.000000000000000e+00	0.000000000000000e+00	0.000000000000000e+00	
  57	DIS_F2P	1.100000000000000e-01	3.532000000000000e+01	0.000000000000000e+00	9.050000000000000e-01	2.090000000000000e-02	9.050000000000001e-04	1.000000000000000e-01	0.000000000000000e+00	0.000000000000000e+00	9.050000000000001e-04	1.000000000000000e-01	0.000000000000000e+00	0.000000000000000e+00	0.000000000000000e+00	0.000000000000000e+00	
  58	DIS_F2P	1.100000000000000e-01	4.494000000000000e+01	0.000000000000000e+00	9.039000000000000e-01	3.450000000000000e-02	9.039000000000001e-04	1.000000000000000e-01	0.000000000000000e+00	0.000000000000000e+00	1.807800000000000e-03	2.000000000000000e-01	0.000000000000000e+00	0.000000000000000e+00	0.000000000000000e+00	0.000000000000000e+00	
  59	DIS_F2P	1.400000000000000e-01	3.470000000000000e+00	0.000000000000000e+00	8.966000000000000e-01	8.999999999999999e-03	1.793200000000000e-03	2.000000000000000e-01	0.000000000000000e+00	0.000000000000000e+00	8.966000000000000e-04	1.000000000000000e-01	-8.966000000000000e-04	-1.000000000000000e-01	8.966000000000000e-04	1.000000000000000e-01	
  60	DIS_F2P	1.400000000000000e-01	4.480000000000000e+00	0.000000000000000e+00	9.132000000000000e-01	8.699999999999999e-03	1.826400000000000e-03	2.000000000000000e-01	-9.132000000000002e-04	-1.000000000000000e-01	0.000000000000000e+00	0.000000000000000e+00	-9.132000000000002e-04	-1.000000000000000e-01	9.132000000000002e-04	1.000000000000000e-01	
  61	DIS_F2P	1.400000000000000e-01	5.470000000000000e+00	0.000000000000000e+00	9.242000000000000e-01	9.500000000000000e-03	1.848400000000000e-03	2.000000000000000e-01	-9.242000000000000e-04	-1.000000000000000e-01	0.000000000000000e+00	0.000000000000000e+00	-9.242000000000000e-04	-1.000000000000000e-01	9.242000000000000e-04	1.000000000000000e-01	
  62	DIS_F2P	1.400000000000000e-01	6.900000000000000e+00	0.000000000000000e+00	9.212000000000000e-01	8.100000000000000e-03	1.842400000000000e-03	2.000000000000000e-01	-9.212000000000001e-04	-1.000000000000000e-01	0.000000000000000e+00	0.000000000000000e+00	-9.212000000000001e-04	-1.000000000000000e-01	9.212000000000001e-04	1.000000000000000e-01	
  63	DIS_F2P	1.400000000000000e-01	8.920000000000000e+00	0.000000000000000e+00	9.147000000000000e-01	1.000000000000000e-02	9.147000000000000e-04	1.000000000000000e-01	0.000000000000000e+00	0.000000000000000e+00	0.000000000000000e+00	0.000000000000000e+00	0.000000000000000e+00	0.000000000000000e+00	9.147000000000000e-04	1.000000000000000e-01	
  64	DIS_F2P	1.400000000000000e-01	1.137000000000000e+01	0.000000000000000e+00	8.981000000000000e-01	9.700000000000000e-03	1.796200000000000e-03	2.000000000000000e-01	0.000000000000000e+00	0.000000000000000e+00	0.000000000000000e+00	0.000000000000000e+00	0.000000000000000e+00	0.000000000000000e+00	0.000000000000000e+00	0.000000000000000e+00	
  65	DIS_F2P	1.400000000000000e-01	1.484000000000000e+01	0.000000000000000e+00	9.068000000000001e-01	1.010000000000000e-02	1.813600000000000e-03	2.000000000000000e-01	0.000000000000000e+00	0.000000000000000e+00	0.000000000000000e+00	0.000000000000000e+00	0.000000000000000e+00	0.000000000000000e+00	0.000000000000000e+00	0.000000000000000e+00	
  66	DIS_F2P	1.400000000000000e-01	1.976000000000000e+01	0.000000000000000e+00	9.018000000000000e-01	9.800000000000000e-03	9.018000000000001e-04	1.000000000000000e-01	0.000000000000000e+00	0.000000000000000e+00	0.000000000000000e+00	0.000000000000000e+00	0.000000000000000e+00	0.000000000000000e+00	0.000000000000000e+00	0.000000000000000e+00	
  67	DIS_F2P	1.400000000000000e-01	2.655000000000000e+01	0.000000000000000e+00	8.924000000000000e-01	1.100000000000000e-02	8.924000000000000e-04	1.000000000000000e-01	0.000000000000000e+00	0.000000000000000e+00	0.000000000000000e+00	0.000000000000000e+00	0.000000000000000e+00	0.000000000000000e+00	0.000000000000000e+00	0.000000000000000e+00	
  68	DIS_F2P	1.400000000000000e-01	3.528000000000000e+01	0.000000000000000e+00	9.050000000000000e-01	1.490000000000000e-02	9.050000000000001e-04	1.000000000000000e-01	0.000000000000000e+00	0.000000000000000e+00	0.000000000000000e+00	0.000000000000000e+00	0.000000000000000e+00	0.000000000000000e+00	0.000000000000000e+00	0.000000000000000e+00	
  69	DIS_F2P	1.400000000000000e-01	4.695000000000000e+01	0.000000000000000e+00	8.453000000000001e-01	1.910000000000000e-02	8.453000000000001e-04	1.000000000000000e-01	0.000000000000000e+00	0.000000000000000e+00	8.453000000000001e-04	1.000000000000000e-01	0.000000000000000e+00	0.000000000000000e+00	0.000000000000000e+00	0.000000000000000e+00	
  70	DIS_F2P	1.800000000000000e-01	3.470000000000000e+00	0.000000000000000e+00	8.983000000000000e-01	1.060000000000000e-02	1.796600000000000e-03	2.000000000000000e-01	-8.983000000000001e-04	-1.000000000000000e-01	0.000000000000000e+00	0.000000000000000e+00	-8.983000000000001e-04	-1.000000000000000e-01	8.983000000000001e-04	1.000000000000000e-01	
  71	DIS_F2P	1.800000000000000e-01	4.470000000000000e+00	0.000000000000000e+00	8.811000000000000e-01	1.170000000000000e-02	1.762200000000000e-03	2.000000000000000e-01	-8.811000000000001e-04	-1.000000000000000e-01	0.000000000000000e+00	0.000000000000000e+00	-8.811000000000001e-04	-1.000000000000000e-01	8.811000000000001e-04	1.000000000000000e-01	
  72	DIS_F2P	1.800000000000000e-01	5.490000000000000e+00	0.000000000000000e+00	9.134000000000000e-01	1.200000000000000e-02	1.826800000000000e-03	2.000000000000000e-01	-9.134000000000001e-04	-1.000000000000000e-01	0.000000000000000e+00	0.000000000000000e+00	-9.134000000000001e-04	-1.000000000000000e-01	9.134000000000001e-04	1.000000000000000e-01	
  73	DIS_F2P	1.800000000000000e-01	6.920000000000000e+00	0.000000000000000e+00	8.869000000000000e-01	9.299999999999999e-03	1.773800000000000e-03	2.000000000000000e-01	-8.869000000000000e-04	-1.000000000000000e-01	0.000000000000000e+00	0.000000000000000e+00	-8.869000000000000e-04	-1.000000000000000e-01	8.869000000000000e-04	1.000000000000000e-01	
  74	DIS_F2P	1.800000000000000e-01	8.930000000000000e+00	0.000000000000000e+00	8.622000000000000e-01	1.080000000000000e-02	1.724400000000000e-03	2.000000000000000e-01	-8.622000000000000e-04	-1.000000000000000e-01	0.000000000000000e+00	0.000000000000000e+00	-8.622000000000000e-04	-1.000000000000000e-01	8.622000000000000e-04	1.000000000000000e-01	
  75	DIS_F2P	1.800000000000000e-01	1.137000000000000e+01	0.000000000000000e+00	8.676000000000000e-01	1.090000000000000e-02	1.735200000000000e-03	2.000000000000000e-01	0.000000000000000e+00	0.000000000000000e+00	0.000000000000000e+00	0.000000000000000e+00	-8.676000000000001e-04	-1.000000000000000e-01	8.676000000000001e-04	1.000000000000000e-01	
  76	DIS_F2P	1.800000000000000e-01	1.485000000000000e+01	0.000000000000000e+00	8.787000000000000e-01	1.140000000000000e-02	1.757400000000000e-03	2.000000000000000e-01	0.000000000000000e+00	0.000000000000000e+00	0.000000000000000e+00	0.000000000000000e+00	-8.787000000000001e-04	-1.000000000000000e-01	8.787000000000001e-04	1.000000000000000e-01	
  77	DIS_F2P	1.800000000000000e-01	1.975000000000000e+01	0.000000000000000e+00	8.620000000000000e-01	1.080000000000000e-02	8.620000000000000e-04	1.000000000000000e-01	0.000000000000000e+00	0.000000000000000e+00	0.000000000000000e+00	0.000000000000000e+00	-8.620000000000000e-04	-1.000000000000000e-01	8.620000000000000e-04	1.000000000000000e-01	
  78	DIS_F2P	1.800000000000000e-01	2.661000000000000e+01	0.000000000000000e+00	8.683999999999999e-01	1.220000000000000e-02	8.684000000000001e-04	1.000000000000000e-01	0.000000000000000e+00	0.000000000000000e+00	0.000000000000000e+00	0.000000000000000e+00	0.000000000000000e+00	0.000000000000000e+00	8.684000000000001e-04	1.000000000000000e-01	
  79	DIS_F2P	1.800000000000000e-01	3.537000000000000e+01	0.000000000000000e+00	8.641000000000000e-01	1.530000000000000e-02	8.641000000000000e-04	1.000000000000000e-01	0.000000000000000e+00	0.000000000000000e+00	0.000000000000000e+00	0.000000000000000e+00	0.000000000000000e+00	0.000000000000000e+00	8.641000000000000e-04	1.000000000000000e-01	
  80	DIS_F2P	1.800000000000000e-01	4.701000000000000e+01	0.000000000000000e+00	8.715000000000001e-01	2.020000000000000e-02	8.715000000000001e-04	1.000000000000000e-01	0.000000000000000e+00	0.000000000000000e+00	0.000000000000000e+00	0.000000000000000e+00	0.000000000000000e+00	0.000000000000000e+00	0.000000000000000e+00	0.000000000000000e+00	
  81	DIS_F2P	1.800000000000000e-01	6.304000000000000e+01	0.000000000000000e+00	8.970000000000000e-01	2.970000000000000e-02	8.970000000000000e-04	1.000000000000000e-01	0.000000000000000e+00	0.000000000000000e+00	8.970000000000000e-04	1.000000000000000e-01	0.000000000000000e+00	0.000000000000000e+00	0.000000000000000e+00	0.000000000000000e+00	
  82	DIS_F2P	2.250000000000000e-01	4.470000000000000e+00	0.000000000000000e+00	8.702000000000000e-01	1.210000000000000e-02	1.740400000000000e-03	2.000000000000000e-01	-8.702000000000000e-04	-1.000000000000000e-01	0.000000000000000e+00	0.000000000000000e+00	-8.702000000000000e-04	-1.000000000000000e-01	1.740400000000000e-03	2.000000000000000e-01	
  83	DIS_F2P	2.250000000000000e-01	5.470000000000000e+00	0.000000000000000e+00	8.445000000000000e-01	1.370000000000000e-02	1.689000000000000e-03	2.000000000000000e-01	-8.445000000000001e-04	-1.000000000000000e-01	0.000000000000000e+00	0.000000000000000e+00	-8.445000000000001e-04	-1.000000000000000e-01	8.445000000000001e-04	1.000000000000000e-01	
  84	DIS_F2P	2.250000000000000e-01	6.970000000000000e+00	0.000000000000000e+00	8.607000000000000e-01	1.010000000000000e-02	1.721400000000000e-03	2.000000000000000e-01	-8.607000000000001e-04	-1.000000000000000e-01	0.000000000000000e+00	0.000000000000000e+00	-8.607000000000001e-04	-1.000000000000000e-01	1.721400000000000e-03	2.000000000000000e-01	
  85	DIS_F2P	2.250000000000000e-01	8.930000000000000e+00	0.000000000000000e+00	8.464000000000000e-01	1.120000000000000e-02	1.692800000000000e-03	2.000000000000000e-01	-8.464000000000001e-04	-1.000000000000000e-01	0.000000000000000e+00	0.000000000000000e+00	-8.464000000000001e-04	-1.000000000000000e-01	8.464000000000001e-04	1.000000000000000e-01	
  86	DIS_F2P	2.250000000000000e-01	1.138000000000000e+01	0.000000000000000e+00	8.534000000000000e-01	1.120000000000000e-02	1.706800000000000e-03	2.000000000000000e-01	0.000000000000000e+00	0.000000000000000e+00	0.000000000000000e+00	0.000000000000000e+00	-8.534000000000001e-04	-1.000000000000000e-01	8.534000000000001e-04	1.000000000000000e-01	
  87	DIS_F2P	2.250000000000000e-01	1.485000000000000e+01	0.000000000000000e+00	8.549000000000000e-01	1.160000000000000e-02	1.709800000000000e-03	2.000000000000000e-01	0.000000000000000e+00	0.000000000000000e+00	0.000000000000000e+00	0.000000000000000e+00	-8.549000000000001e-04	-1.000000000000000e-01	8.549000000000001e-04	1.000000000000000e-01	
  88	DIS_F2P	2.250000000000000e-01	1.974000000000000e+01	0.000000000000000e+00	8.617000000000000e-01	1.120000000000000e-02	8.617000000000001e-04	1.000000000000000e-01	0.000000000000000e+00	0.000000000000000e+00	0.000000000000000e+00	0.000000000000000e+00	-8.617000000000001e-04	-1.000000000000000e-01	8.617000000000001e-04	1.000000000000000e-01	
  89	DIS_F2P	2.250000000000000e-01	2.664000000000000e+01	0.000000000000000e+00	8.651000000000000e-01	1.260000000000000e-02	8.651000000000000e-04	1.000000000000000e-01	0.000000000000000e+00	0.000000000000000e+00	0.000000000000000e+00	0.000000000000000e+00	-8.651000000000000e-04	-1.000000000000000e-01	8.651000000000000e-04	1.000000000000000e-01	
  90	DIS_F2P	2.250000000000000e-01	3.542000000000000e+01	0.000000000000000e+00	8.670000000000000e-01	1.550000000000000e-02	8.670000000000000e-04	1.000000000000000e-01	0.000000000000000e+00	0.000000000000000e+00	0.000000000000000e+00	0.000000000000000e+00	-8.670000000000000e-04	-1.000000000000000e-01	8.670000000000000e-04	1.000000000000000e-01	
  91	DIS_F2P	2.250000000000000e-01	4.695000000000000e+01	0.000000000000000e+00	8.343000000000000e-01	1.860000000000000e-02	8.343000000000001e-04	1.000000000000000e-01	0.000000000000000e+00	0.000000000000000e+00	0.000000000000000e+00	0.000000000000000e+00	0.000000000000000e+00	0.000000000000000e+00	8.343000000000001e-04	1.000000000000000e-01	
  92	DIS_F2P	2.250000000000000e-01	6.323000000000000e+01	0.000000000000000e+00	8.218000000000000e-01	2.480000000000000e-02	8.218000000000000e-04	1.000000000000000e-01	0.000000000000000e+00	0.000000000000000e+00	0.000000000000000e+00	0.000000000000000e+00	0.000000000000000e+00	0.000000000000000e+00	8.218000000000000e-04	1.000000000000000e-01	
  93	DIS_F2P	2.750000000000000e-01	5.470000000000000e+00	0.000000000000000e+00	8.505000000000000e-01	1.630000000000000e-02	1.701000000000000e-03	2.000000000000000e-01	-8.505000000000001e-04	-1.000000000000000e-01	0.000000000000000e+00	0.000000000000000e+00	-1.701000000000000e-03	-2.000000000000000e-01	1.701000000000000e-03	2.000000000000000e-01	
  94	DIS_F2P	2.750000000000000e-01	6.890000000000000e+00	0.000000000000000e+00	8.302000000000000e-01	1.420000000000000e-02	1.660400000000000e-03	2.000000000000000e-01	-8.302000000000001e-04	-1.000000000000000e-01	0.000000000000000e+00	0.000000000000000e+00	-8.302000000000001e-04	-1.000000000000000e-01	1.660400000000000e-03	2.000000000000000e-01	
  95	DIS_F2P	2.750000000000000e-01	8.940000000000000e+00	0.000000000000000e+00	8.377000000000000e-01	1.340000000000000e-02	1.675400000000000e-03	2.000000000000000e-01	0.000000000000000e+00	0.000000000000000e+00	0.000000000000000e+00	0.000000000000000e+00	-1.675400000000000e-03	-2.000000000000000e-01	1.675400000000000e-03	2.000000000000000e-01	
  96	DIS_F2P	2.750000000000000e-01	1.137000000000000e+01	0.000000000000000e+00	8.202000000000000e-01	1.280000000000000e-02	1.640400000000000e-03	2.000000000000000e-01	0.000000000000000e+00	0.000000000000000e+00	0.000000000000000e+00	0.000000000000000e+00	-8.202000000000001e-04	-1.000000000000000e-01	8.202000000000001e-04	1.000000000000000e-01	
  97	DIS_F2P	2.750000000000000e-01	1.487000000000000e+01	0.000000000000000e+00	8.459000000000000e-01	1.350000000000000e-02	1.691800000000000e-03	2.000000000000000e-01	0.000000000000000e+00	0.000000000000000e+00	0.000000000000000e+00	0.000000000000000e+00	-8.459000000000000e-04	-1.000000000000000e-01	8.459000000000000e-04	1.000000000000000e-01	
  98	DIS_F2P	2.750000000000000e-01	1.974000000000000e+01	0.000000000000000e+00	8.269000000000000e-01	1.270000000000000e-02	8.269000000000000e-04	1.000000000000000e-01	0.000000000000000e+00	0.000000000000000e+00	0.000000000000000e+00	0.000000000000000e+00	-8.269000000000000e-04	-1.000000000000000e-01	8.269000000000000e-04	1.000000000000000e-01	
  99	DIS_F2P	2.750000000000000e-01	2.660000000000000e+01	0.000000000000000e+00	8.334000000000000e-01	1.400000000000000e-02	8.334000000000001e-04	1.000000000000000e-01	0.000000000000000e+00	0.000000000000000e+00	0.000000000000000e+00	0.000000000000000e+00	-8.334000000000001e-04	-1.000000000000000e-01	8.334000000000001e-04	1.000000000000000e-01	
 100	DIS_F2P	2.750000000000000e-01	3.543000000000000e+01	0.000000000000000e+00	8.320000000000000e-01	1.690000000000000e-02	8.319999999999999e-04	1.000000000000000e-01	0.000000000000000e+00	0.000000000000000e+00	0.000000000000000e+00	0.000000000000000e+00	-8.319999999999999e-04	-1.000000000000000e-01	8.319999999999999e-04	1.000000000000000e-01	
 101	DIS_F2P	2.750000000000000e-01	4.698000000000000e+01	0.000000000000000e+00	8.444000000000000e-01	2.140000000000000e-02	8.444000000000001e-04	1.000000000000000e-01	0.000000000000000e+00	0.000000000000000e+00	0.000000000000000e+00	0.000000000000000e+00	-8.444000000000001e-04	-1.000000000000000e-01	8.444000000000001e-04	1.000000000000000e-01	
 102	DIS_F2P	2.750000000000000e-01	6.348000000000000e+01	0.000000000000000e+00	8.104000000000000e-01	2.650000000000000e-02	8.104000000000001e-04	1.000000000000000e-01	0.000000000000000e+00	0.000000000000000e+00	0.000000000000000e+00	0.000000000000000e+00	0.000000000000000e+00	0.000000000000000e+00	8.104000000000001e-04	1.000000000000000e-01	
 103	DIS_F2P	2.750000000000000e-01	9.068000000000001e+01	0.000000000000000e+00	8.027000000000000e-01	3.490000000000000e-02	8.027000000000000e-04	1.000000000000000e-01	0.000000000000000e+00	0.000000000000000e+00	8.027000000000000e-04	1.000000000000000e-01	0.000000000000000e+00	0.000000000000000e+00	0.000000000000000e+00	0.000000000000000e+00	
 104	DIS_F2P	3.500000000000000e-01	6.900000000000000e+00	0.000000000000000e+00	7.939000000000001e-01	1.200000000000000e-02	1.587800000000000e-03	2.000000000000000e-01	0.000000000000000e+00	0.000000000000000e+00	0.000000000000000e+00	0.000000000000000e+00	-1.587800000000000e-03	-2.000000000000000e-01	2.381700000000000e-03	3.000000000000000e-01	
 105	DIS_F2P	3.500000000000000e-01	8.910000000000000e+00	0.000000000000000e+00	8.222000000000000e-01	1.650000000000000e-02	8.222000000000001e-04	1.000000000000000e-01	0.000000000000000e+00	0.000000000000000e+00	0.000000000000000e+00	0.000000000000000e+00	-1.644400000000000e-03	-2.000000000000000e-01	1.644400000000000e-03	2.000000000000000e-01	
 106	DIS_F2P	3.500000000000000e-01	1.143000000000000e+01	0.000000000000000e+00	8.188000000000000e-01	1.180000000000000e-02	1.637600000000000e-03	2.000000000000000e-01	0.000000000000000e+00	0.000000000000000e+00	0.000000000000000e+00	0.000000000000000e+00	-1.637600000000000e-03	-2.000000000000000e-01	1.637600000000000e-03	2.000000000000000e-01	
 107	DIS_F2P	3.500000000000000e-01	1.485000000000000e+01	0.000000000000000e+00	7.828000000000001e-01	1.130000000000000e-02	1.565600000000000e-03	2.000000000000000e-01	0.000000000000000e+00	0.000000000000000e+00	0.000000000000000e+00	0.000000000000000e+00	-1.565600000000000e-03	-2.000000000000000e-01	1.565600000000000e-03	2.000000000000000e-01	
 108	DIS_F2P	3.500000000000000e-01	1.974000000000000e+01	0.000000000000000e+00	7.920000000000000e-01	1.090000000000000e-02	7.920000000000001e-04	1.000000000000000e-01	0.000000000000000e+00	0.000000000000000e+00	0.000000000000000e+00	0.000000000000000e+00	-1.584000000000000e-03	-2.000000000000000e-01	1.584000000000000e-03	2.000000000000000e-01	
 109	DIS_F2P	3.500000000000000e-01	2.663000000000000e+01	0.000000000000000e+00	8.055000000000000e-01	1.200000000000000e-02	8.055000000000001e-04	1.000000000000000e-01	0.000000000000000e+00	0.000000000000000e+00	0.000000000000000e+00	0.000000000000000e+00	-8.055000000000001e-04	-1.000000000000000e-01	1.611000000000000e-03	2.000000000000000e-01	
 110	DIS_F2P	3.500000000000000e-01	3.545000000000000e+01	0.000000000000000e+00	8.197000000000000e-01	1.470000000000000e-02	8.197000000000000e-04	1.000000000000000e-01	0.000000000000000e+00	0.000000000000000e+00	0.000000000000000e+00	0.000000000000000e+00	-8.197000000000000e-04	-1.000000000000000e-01	8.197000000000000e-04	1.000000000000000e-01	
 111	DIS_F2P	3.500000000000000e-01	4.712000000000000e+01	0.000000000000000e+00	7.620000000000000e-01	1.620000000000000e-02	7.620000000000001e-04	1.000000000000000e-01	0.000000000000000e+00	0.000000000000000e+00	0.000000000000000e+00	0.000000000000000e+00	-7.620000000000001e-04	-1.000000000000000e-01	7.620000000000001e-04	1.000000000000000e-01	
 112	DIS_F2P	3.500000000000000e-01	6.352000000000000e+01	0.000000000000000e+00	7.732000000000000e-01	2.130000000000000e-02	7.732000000000000e-04	1.000000000000000e-01	0.000000000000000e+00	0.000000000000000e+00	0.000000000000000e+00	0.000000000000000e+00	0.000000000000000e+00	0.000000000000000e+00	7.732000000000000e-04	1.000000000000000e-01	
 113	DIS_F2P	3.500000000000000e-01	9.634999999999999e+01	0.000000000000000e+00	7.614000000000000e-01	2.530000000000000e-02	7.614000000000000e-04	1.000000000000000e-01	0.000000000000000e+00	0.000000000000000e+00	7.614000000000000e-04	1.000000000000000e-01	0.000000000000000e+00	0.000000000000000e+00	7.614000000000000e-04	1.000000000000000e-01	
 114	DIS_F2P	4.500000000000000e-01	1.134000000000000e+01	0.000000000000000e+00	7.754000000000000e-01	2.270000000000000e-02	7.754000000000000e-04	1.000000000000000e-01	7.754000000000000e-04	1.000000000000000e-01	0.000000000000000e+00	0.000000000000000e+00	-1.550800000000000e-03	-2.000000000000000e-01	1.550800000000000e-03	2.000000000000000e-01	
 115	DIS_F2P	4.500000000000000e-01	1.489000000000000e+01	0.000000000000000e+00	7.625999999999999e-01	1.580000000000000e-02	1.525200000000000e-03	2.000000000000000e-01	1.525200000000000e-03	2.000000000000000e-01	0.000000000000000e+00	0.000000000000000e+00	-2.287800000000000e-03	-3.000000000000000e-01	2.287800000000000e-03	3.000000000000000e-01	
 116	DIS_F2P	4.500000000000000e-01	1.977000000000000e+01	0.000000000000000e+00	7.529000000000000e-01	1.460000000000000e-02	7.529000000000001e-04	1.000000000000000e-01	7.529000000000001e-04	1.000000000000000e-01	0.000000000000000e+00	0.000000000000000e+00	-1.505800000000000e-03	-2.000000000000000e-01	1.505800000000000e-03	2.000000000000000e-01	
 117	DIS_F2P	4.500000000000000e-01	2.664000000000000e+01	0.000000000000000e+00	7.705000000000000e-01	1.600000000000000e-02	7.705000000000001e-04	1.000000000000000e-01	7.705000000000001e-04	1.000000000000000e-01	0.000000000000000e+00	0.000000000000000e+00	-1.541000000000000e-03	-2.000000000000000e-01	1.541000000000000e-03	2.000000000000000e-01	
 118	DIS_F2P	4.500000000000000e-01	3.550000000000000e+01	0.000000000000000e+00	7.474000000000000e-01	1.870000000000000e-02	7.474000000000001e-04	1.000000000000000e-01	7.474000000000001e-04	1.000000000000000e-01	0.000000000000000e+00	0.000000000000000e+00	-7.474000000000001e-04	-1.000000000000000e-01	1.494800000000000e-03	2.000000000000000e-01	
 119	DIS_F2P	4.500000000000000e-01	4.726000000000000e+01	0.000000000000000e+00	7.575000000000000e-01	2.220000000000000e-02	7.575000000000000e-04	1.000000000000000e-01	0.000000000000000e+00	0.000000000000000e+00	0.000000000000000e+00	0.000000000000000e+00	-7.575000000000000e-04	-1.000000000000000e-01	7.575000000000000e-04	1.000000000000000e-01	
 120	DIS_F2P	4.500000000000000e-01	6.365000000000000e+01	0.000000000000000e+00	7.632000000000000e-01	2.810000000000000e-02	7.632000000000000e-04	1.000000000000000e-01	0.000000000000000e+00	0.000000000000000e+00	0.000000000000000e+00	0.000000000000000e+00	-7.632000000000000e-04	-1.000000000000000e-01	7.632000000000000e-04	1.000000000000000e-01	
 121	DIS_F2P	4.500000000000000e-01	9.805000000000000e+01	0.000000000000000e+00	7.254000000000000e-01	2.960000000000000e-02	7.254000000000001e-04	1.000000000000000e-01	0.000000000000000e+00	0.000000000000000e+00	7.254000000000001e-04	1.000000000000000e-01	0.000000000000000e+00	0.000000000000000e+00	7.254000000000001e-04	1.000000000000000e-01	
 122	DIS_F2P	5.500000000000000e-01	1.974000000000000e+01	0.000000000000000e+00	7.419000000000000e-01	2.050000000000000e-02	7.419000000000001e-04	1.000000000000000e-01	2.225700000000000e-03	3.000000000000000e-01	7.419000000000001e-04	1.000000000000000e-01	-1.483800000000000e-03	-2.000000000000000e-01	1.483800000000000e-03	2.000000000000000e-01	
 123	DIS_F2P	5.500000000000000e-01	2.664000000000000e+01	0.000000000000000e+00	7.262999999999999e-01	2.160000000000000e-02	7.263000000000000e-04	1.000000000000000e-01	1.452600000000000e-03	2.000000000000000e-01	0.000000000000000e+00	0.000000000000000e+00	-1.452600000000000e-03	-2.000000000000000e-01	1.452600000000000e-03	2.000000000000000e-01	
 124	DIS_F2P	5.500000000000000e-01	3.557000000000000e+01	0.000000000000000e+00	7.281000000000000e-01	2.670000000000000e-02	7.281000000000000e-04	1.000000000000000e-01	7.281000000000000e-04	1.000000000000000e-01	0.000000000000000e+00	0.000000000000000e+00	-1.456200000000000e-03	-2.000000000000000e-01	1.456200000000000e-03	2.000000000000000e-01	
 125	DIS_F2P	5.500000000000000e-01	4.716000000000000e+01	0.000000000000000e+00	7.641000000000000e-01	3.310000000000000e-02	7.641000000000001e-04	1.000000000000000e-01	7.641000000000001e-04	1.000000000000000e-01	0.000000000000000e+00	0.000000000000000e+00	-7.641000000000001e-04	-1.000000000000000e-01	1.528200000000000e-03	2.000000000000000e-01	
 126	DIS_F2P	5.500000000000000e-01	6.356000000000000e+01	0.000000000000000e+00	6.626000000000000e-01	3.450000000000000e-02	6.626000000000001e-04	1.000000000000000e-01	0.000000000000000e+00	0.000000000000000e+00	0.000000000000000e+00	0.000000000000000e+00	-6.626000000000001e-04	-1.000000000000000e-01	6.626000000000001e-04	1.000000000000000e-01	
 127	DIS_F2P	5.500000000000000e-01	9.881999999999999e+01	0.000000000000000e+00	7.622000000000000e-01	4.580000000000000e-02	7.622000000000001e-04	1.000000000000000e-01	0.000000000000000e+00	0.000000000000000e+00	0.000000000000000e+00	0.000000000000000e+00	-7.622000000000001e-04	-1.000000000000000e-01	7.622000000000001e-04	1.000000000000000e-01	
 128	DIS_F2P	6.750000000000000e-01	2.649000000000000e+01	0.000000000000000e+00	6.717000000000000e-01	2.350000000000000e-02	6.716999999999999e-04	1.000000000000000e-01	2.686800000000000e-03	4.000000000000000e-01	0.000000000000000e+00	0.000000000000000e+00	-1.343400000000000e-03	-2.000000000000000e-01	1.343400000000000e-03	2.000000000000000e-01	
 129	DIS_F2P	6.750000000000000e-01	3.540000000000000e+01	0.000000000000000e+00	7.194000000000000e-01	3.300000000000000e-02	7.194000000000000e-04	1.000000000000000e-01	2.158200000000000e-03	3.000000000000000e-01	0.000000000000000e+00	0.000000000000000e+00	-1.438800000000000e-03	-2.000000000000000e-01	2.158200000000000e-03	3.000000000000000e-01	
 130	DIS_F2P	6.750000000000000e-01	4.703000000000000e+01	0.000000000000000e+00	6.959000000000000e-01	3.730000000000000e-02	6.959000000000001e-04	1.000000000000000e-01	6.959000000000001e-04	1.000000000000000e-01	6.959000000000001e-04	1.000000000000000e-01	-1.391800000000000e-03	-2.000000000000000e-01	2.087700000000000e-03	3.000000000000000e-01	
 131	DIS_F2P	6.750000000000000e-01	6.353000000000000e+01	0.000000000000000e+00	7.020000000000000e-01	5.130000000000000e-02	7.020000000000000e-04	1.000000000000000e-01	0.000000000000000e+00	0.000000000000000e+00	7.020000000000000e-04	1.000000000000000e-01	-1.404000000000000e-03	-2.000000000000000e-01	2.106000000000000e-03	3.000000000000000e-01	
 132	DIS_F2P	6.750000000000000e-01	9.903000000000000e+01	0.000000000000000e+00	7.724000000000000e-01	6.450000000000000e-02	7.724000000000000e-04	1.000000000000000e-01	0.000000000000000e+00	0.000000000000000e+00	1.544800000000000e-03	2.000000000000000e-01	-1.544800000000000e-03	-2.000000000000000e-01	2.317200000000000e-03	3.000000000000000e-01	
