1e-05  0  6.2709e-15  2.76941  0  0  0  0  0  0  0  9.96588  0  0  0
1.09199e-05  0  6.2709e-15  2.76941  0  0  0  0  0  0  0  9.96665  0  0  0
1.19243e-05  0  6.2709e-15  2.76952  0  0  0  0  0  0  0  9.96665  0  0  0
1.30212e-05  0  6.2709e-15  2.76958  0  0  0  0  0  0  0  9.96665  0  0  0
1.4219e-05  0  6.2709e-15  2.76963  0  0  0  0  0  0  0  9.96665  0  0  0
1.55269e-05  0  6.2709e-15  2.76975  0  0  0  0  0  0  0  9.96665  0  0  0
1.69551e-05  0  6.2709e-15  2.76986  0  0  0  0  0  0  0  9.96742  0  0  0
1.85147e-05  0  6.2709e-15  2.76997  0  0  0  0  0  0  0  9.96742  0  0  0
2.02177e-05  0  6.2709e-15  2.77008  0  0  0  0  0  0  0  9.96742  0  0  0
2.20773e-05  0  6.2709e-15  2.77025  0  0  0  0  0  0  0  9.96819  0  0  0
2.4108e-05  0  6.2709e-15  2.77042  0  0  0  0  0  0  0  9.96896  0  0  0
2.63254e-05  0  6.2709e-15  2.77059  0  0  0  0  0  0  0  9.96896  0  0  0
2.87468e-05  0  6.2709e-15  2.77076  0  0  0  0  0  0  0  9.96896  0  0  0
3.13908e-05  0  6.2709e-15  2.77104  0  0  0  0  0  0  0  9.96973  0  0  0
3.42779e-05  0  6.2709e-15  2.77126  0  0  0  0  0  0  0  9.96973  0  0  0
3.74305e-05  0  6.2709e-15  2.77154  0  0  0  0  0  0  0  9.9705  0  0  0
4.0873e-05  0  6.2709e-15  2.77188  0  0  0  0  0  0  0  9.97204  0  0  0
4.4632e-05  0  6.2709e-15  2.77227  0  0  0  0  0  0  0  9.97204  0  0  0
4.87366e-05  0  6.2709e-15  2.77267  0  0  0  0  0  0  0  9.97281  0  0  0
5.32186e-05  0  6.2709e-15  2.77306  0  0  0  0  0  0  0  9.97359  0  0  0
5.81127e-05  0  6.2709e-15  2.77351  0  0  0  0  0  0  0  9.97436  0  0  0
6.34566e-05  0  6.2709e-15  2.77401  0  0  0  0  0  0  0  9.97513  0  0  0
6.92917e-05  0  6.2709e-15  2.77463  0  0  0  0  0  0  0  9.97667  0  0  0
7.56631e-05  0  6.2709e-15  2.77531  0  0  0  0  0  0  0  9.97744  0  0  0
8.26202e-05  0  6.2709e-15  2.77598  0  0  0  0  0  0  0  9.97898  0  0  0
9.02165e-05  0  6.2709e-15  2.77682  0  0  0  0  0  0  0  9.98053  0  0  0
9.85109e-05  0  6.2709e-15  2.77767  0  0  0  0  0  0  0  9.9813  0  0  0
0.000107567  0  6.2709e-15  2.77862  0  0  0  0  0  0  0  9.98361  0  0  0
0.000117456  0  6.2709e-15  2.77969  0  0  0  0  0  0  0  9.98515  0  0  0
0.000128253  0  6.2709e-15  2.78087  0  0  0  0  0  0  0  9.9867  0  0  0
0.000140041  0  6.2709e-15  2.78217  0  0  0  0  0  0  0  9.98901  0  0  0
0.000152912  0  6.2709e-15  2.78357  0  0  0  0  0  0  0  9.9921  0  0  0
0.000166965  0  6.2709e-15  2.78521  0  0  0  0  0  0  0  9.99364  0  0  0
0.000182307  0  6.2709e-15  2.7869  0  0  0  0  0  0  0  9.99673  0  0  0
0.000199058  0  6.2709e-15  2.78881  0  0  0  0  0  0  0  9.99982  0  0  0
0.000217347  0  6.2709e-15  2.7909  0  0  0  0  0  0  0  10.0037  0  0  0
0.000237312  0  6.2709e-15  2.79321  0  0  0  0  0  0  0  10.0068  0  0  0
0.00025911  0  6.2709e-15  2.79575  0  0  0  0  0  0  0  10.0106  0  0  0
0.000282906  0  6.2709e-15  2.79851  0  0  0  0  0  0  0  10.0153  0  0  0
0.000308883  0  6.2709e-15  2.80156  0  0  0  0  0  0  0  10.0199  0  0  0
0.00033724  0  6.27089e-15  2.80484  0  0  0  0  0  0  0  10.0253  0  0  0
0.000368196  0  6.27089e-15  2.80851  0  0  0  0  0  0  0  10.03  0  0  0
0.000401985  0  6.27089e-15  2.81253  0  0  0  0  0  0  0  10.0361  0  0  0
0.000438868  0  6.27089e-15  2.81694  0  0  0  0  0  0  0  10.0431  0  0  0
0.000479125  0  6.27089e-15  2.8217  0  0  0  0  0  0  0  10.0508  0  0  0
0.000523063  0  6.27089e-15  2.82697  0  0  0  0  0  0  0  10.0578  0  0  0
0.000571017  0  6.27089e-15  2.83276  0  0  0  0  0  0  0  10.0663  0  0  0
0.000623351  0  6.27089e-15  2.83901  0  0  0  0  0  0  0  10.0756  0  0  0
0.000680461  0  6.27089e-15  2.84595  0  0  0  0  0  0  0  10.0857  0  0  0
0.000742781  0  6.27089e-15  2.85347  0  0  0  0  0  0  0  10.0973  0  0  0
0.000810781  0  6.27089e-15  2.86168  0  0  0  0  0  0  0  10.109  0  0  0
0.000884973  0  6.27088e-15  2.87065  0  0  0  0  0  0  0  10.1214  0  0  0
0.000965915  0  6.27088e-15  2.88043  0  0  0  0  0  0  0  10.1362  0  0  0
0.00105421  0  6.27088e-15  2.89103  0  0  0  0  0  0  0  10.1509  0  0  0
0.00115053  0  6.27088e-15  2.90269  0  0  0  0  0  0  0  10.1673  0  0  0
0.00125558  0  6.27088e-15  2.91535  0  0  0  0  0  0  0  10.186  0  0  0
0.00137014  0  6.27088e-15  2.92908  0  0  0  0  0  0  0  10.2055  0  0  0
0.00149506  0  6.27087e-15  2.94399  0  0  0  0  0  0  0  10.2265  0  0  0
0.00163126  0  6.27087e-15  2.96022  0  0  0  0  0  0  0  10.2492  0  0  0
0.00177974  0  6.27087e-15  2.97789  0  0  0  0  0  0  0  10.2742  0  0  0
0.00194158  0  6.27087e-15  2.99702  0  0  0  0  0  0  0  10.3016  0  0  0
0.00211795  0  6.27086e-15  3.01773  0  0  0  0  0  0  0  10.3298  0  0  0
0.00231012  0  6.27086e-15  3.04016  0  0  0  0  0  0  0  10.3612  0  0  0
0.00251947  0  6.27086e-15  3.06445  0  0  0  0  0  0  0  10.3951  0  0  0
0.00274748  0  6.27085e-15  3.09067  0  0  0  0  0  0  0  10.4313  0  0  0
0.00299576  0  6.27085e-15  3.11896  0  0  0  0  0  0  0  10.47  0  0  0
0.00326605  0  6.27085e-15  3.14948  0  0  0  0  0  0  0  10.5119  0  0  0
0.00356021  0  6.27084e-15  3.1822  0  0  0  0  0  0  0  10.5571  0  0  0
0.00388027  0  6.27084e-15  3.21738  0  0  0  0  0  0  0  10.6055  0  0  0
0.00422838  0  6.27083e-15  3.25513  0  0  0  0  0  0  0  10.6564  0  0  0
0.00460689  0  6.27083e-15  3.29555  0  0  0  0  0  0  0  10.7123  0  0  0
0.00501829  0  6.27082e-15  3.33869  0  0  0  0  0  0  0  10.7707  0  0  0
0.00546526  0  6.27081e-15  3.38459  0  0  0  0  0  0  0  10.8341  0  0  0
0.00595067  0  6.27081e-15  3.43342  0  0  0  0  0  0  0  10.9001  0  0  0
0.00647757  0  6.2708e-15  3.48513  0  0  0  0  0  0  0  10.9712  0  0  0
0.00704924  0  6.27079e-15  3.53963  0  0  0  0  0  0  0  11.0465  0  0  0
0.00766915  0  6.27079e-15  3.59692  0  0  0  0  0  0  0  11.1253  0  0  0
0.00834097  0  6.27078e-15  3.65693  0  0  0  0  0  0  0  11.2094  0  0  0
0.0090686  0  6.27077e-15  3.71933  0  0  0  0  0  0  0  11.297  0  0  0
0.00985616  0  6.27076e-15  3.78389  0  0  0  0  0  0  0  11.3891  0  0  0
0.010708  0  6.27075e-15  3.8502  0  0  0  0  0  0  0  11.4849  0  0  0
0.0116286  0  6.27074e-15  3.91775  0  0  0  0  0  0  0  11.5844  0  0  0
0.0126229  0  6.27073e-15  3.98582  0  0  0  0  0  0  0  11.6885  0  0  0
0.0136956  0  6.27072e-15  4.0536  0  0  0  0  0  0  0  11.7956  0  0  0
0.0148521  0  6.27071e-15  4.11989  0  0  0  0  0  0  0  11.9048  0  0  0
0.0160977  0  6.2707e-15  4.18348  0  0  0  0  0  0  0  12.0188  0  0  0
0.0174377  0  6.27069e-15  4.24282  0  0  0  0  0  0  0  12.1325  0  0  0
0.0188781  0  6.27068e-15  4.29594  0  0  0  0  0  0  0  12.2493  0  0  0
0.0204243  0  6.27067e-15  4.34081  0  0  0  0  0  0  0  12.3666  0  0  0
0.0220824  0  6.27066e-15  4.3749  0  0  0  0  0  0  0  12.4828  0  0  0
0.0238583  0  6.27064e-15  4.39546  0  0  0  0  0  0  0  12.5995  0  0  0
0.0257578  0  6.27063e-15  4.39963  0  0  0  0  0  0  0  12.715  0  0  0
0.027787  0  6.27062e-15  4.38415  0  0  0  0  0  0  0  12.8267  0  0  0
0.0299516  0  6.27061e-15  4.34587  0  0  0  0  0  0  0  12.9354  0  0  0
0.0322576  0  6.2706e-15  4.2819  0  0  0  0  0  0  0  13.0401  0  0  0
0.0347104  0  6.27059e-15  4.18941  0  0  0  0  0  0  0  13.1381  0  0  0
0.0373157  0  6.27058e-15  4.06624  0  0  0  0  0  0  0  13.2294  0  0  0
0.0400785  0  6.27058e-15  3.91127  0  0  0  0  0  0  0  13.3139  0  0  0
0.043004  0  6.27057e-15  3.72408  0  0  0  0  0  0  0  13.3888  0  0  0
0.0460967  0  6.27056e-15  3.50632  0  0  0  0  0  0  0  13.4532  0  0  0
0.0493609  0  6.27056e-15  3.26067  0  0  0  0  0  0  0  13.5061  0  0  0
0.0528007  0  6.27055e-15  2.992  0  0  0  0  0  0  0  13.5447  0  0  0
0.0564196  0  6.27055e-15  2.70638  0  0  0  0  0  0  0  13.5717  0  0  0
0.0602206  0  6.27055e-15  2.41156  0  0  0  0  0  0  0  13.5816  0  0  0
0.0642064  0  6.27056e-15  2.11623  0  0  0  0  0  0  0  13.5771  0  0  0
0.0683793  0  6.27056e-15  1.82945  0  0  0  0  0  0  0  13.5573  0  0  0
0.072741  0  6.27057e-15  1.56008  0  0  0  0  0  0  0  13.5196  0  0  0
0.0772927  0  6.27058e-15  1.31586  0  0  0  0  0  0  0  13.4649  0  0  0
0.0820352  0  6.27059e-15  1.10295  0  0  0  0  0  0  0  13.3951  0  0  0
0.0869689  0  6.27061e-15  0.925588  0  0  0  0  0  0  0  13.3094  0  0  0
0.0920937  0  6.27062e-15  0.785946  0  0  0  0  0  0  0  13.2081  0  0  0
0.097409  0  6.27065e-15  0.684414  0  0  0  0  0  0  0  13.093  0  0  0
0.102914  0  6.27068e-15  0.620634  0  0  0  0  0  0  0  12.9652  0  0  0
0.108607  0  6.27071e-15  0.594132  0  0  0  0  0  0  0  12.8241  0  0  0
0.114487  0  6.27074e-15  0.605288  0  0  0  0  0  0  0  12.6715  0  0  0
0.120552  0  6.27079e-15  0.656022  0  0  0  0  0  0  0  12.5052  0  0  0
0.126799  0  6.27083e-15  0.74915  0  0  0  0  0  0  0  12.3246  0  0  0
0.133226  0  6.27088e-15  0.887397  0  0  0  0  0  0  0  12.1257  0  0  0
0.13983  0  6.27094e-15  1.07129  0  0  0  0  0  0  0  11.904  0  0  0
0.146608  0  6.27099e-15  1.29666  0  0  0  0  0  0  0  11.6576  0  0  0
0.153557  0  6.27106e-15  1.553  0  0  0  0  0  0  0  11.3809  0  0  0
0.160674  0  6.27112e-15  1.82315  0  0  0  0  0  0  0  11.0684  0  0  0
0.167955  0  6.27118e-15  2.08406  0  0  0  0  0  0  0  10.7179  0  0  0
0.175396  0  6.27125e-15  2.31023  0  0  0  0  0  0  0  10.3291  0  0  0
0.182995  0  6.27131e-15  2.4776  0  0  0  0  0  0  0  9.8997  0  0  0
0.190747  0  6.27138e-15  2.56714  0  0  0  0  0  0  0  9.43742  0  0  0
0.198649  0  6.27144e-15  2.56822  0  0  0  0  0  0  0  8.94526  0  0  0
0.206698  0  6.2715e-15  2.47973  0  0  0  0  0  0  0  8.43008  0  0  0
0.214888  0  6.27156e-15  2.30976  0  0  0  0  0  0  0  7.89996  0  0  0
0.223217  0  6.27161e-15  2.07433  0  0  0  0  0  0  0  7.36119  0  0  0
0.231682  0  6.27166e-15  1.79394  0  0  0  0  0  0  0  6.82359  0  0  0
0.240277  0  6.2717e-15  1.49169  0  0  0  0  0  0  0  6.2935  0  0  0
0.249001  0  6.27174e-15  1.18937  0  0  0  0  0  0  0  5.77486  0  0  0
0.257849  0  6.27177e-15  0.90599  0  0  0  0  0  0  0  5.27347  0  0  0
0.266818  0  6.27179e-15  0.655995  0  0  0  0  0  0  0  4.79271  0  0  0
0.275904  0  6.2718e-15  0.448188  0  0  0  0  0  0  0  4.3334  0  0  0
0.285104  0  6.2718e-15  0.28607  0  0  0  0  0  0  0  3.89626  0  0  0
0.294416  0  6.27179e-15  0.168163  0  0  0  0  0  0  0  3.48144  0  0  0
0.303834  0  6.27176e-15  0.0891164  0  0  0  0  0  0  0  3.08911  0  0  0
0.313358  0  6.27171e-15  0.0411594  0  0  0  0  0  0  0  2.71942  0  0  0
0.322983  0  6.27165e-15  0.015573  0  0  0  0  0  0  0  2.37177  0  0  0
0.332707  0  6.27158e-15  0.00421302  0  0  0  0  0  0  0  2.04755  0  0  0
0.342526  0  6.27149e-15  0.000515385  0  0  0  0  0  0  0  1.7494  0  0  0
0.352439  0  6.27139e-15  1.20985e-05  0  0  0  0  0  0  0  1.47856  0  0  0
0.362442  0  6.27128e-15  0.000261808  0  0  0  0  0  0  0  1.23672  0  0  0
0.372533  0  6.27117e-15  0.000341936  0  0  0  0  0  0  0  1.02534  0  0  0
0.382709  0  6.27107e-15  0.000187249  0  0  0  0  0  0  0  0.843595  0  0  0
0.392967  0  6.27096e-15  2.29829e-05  0  0  0  0  0  0  0  0.690478  0  0  0
0.403306  0  6.27086e-15  3.15169e-05  0  0  0  0  0  0  0  0.563625  0  0  0
0.413723  0  6.27077e-15  0.000237615  0  0  0  0  0  0  0  0.457529  0  0  0
0.424216  0  6.27069e-15  0.000462439  0  0  0  0  0  0  0  0.344059  0  0  0
0.434783  0  6.27062e-15  0.000274295  0  0  0  0  0  0  0  0.166843  0  0  0
0.445422  0  6.27056e-15  4.74973e-06  0  0  0  0  0  0  0  0.0127813  0  0  0
0.45613  0  6.27051e-15  0.00017144  0  0  0  0  0  0  0  0.00421514  0  0  0
0.466905  0  6.27047e-15  1.63511e-06  0  0  0  0  0  0  0  0.00366802  0  0  0
0.477747  0  6.27043e-15  0.000431068  0  0  0  0  0  0  0  0.0690179  0  0  0
0.488653  0  6.26805e-15  0.000972634  0  0  0  0  0  0  0  0.0038023  0  0  0
0.499621  0  6.26802e-15  0.000865293  0  0  0  0  0  0  0  0.00400053  0  0  0
0.510649  0  6.268e-15  0.000635823  0  0  0  0  0  0  0  0.00219889  0  0  0
0.521736  0  6.26798e-15  0.000424092  0  0  0  0  0  0  0  0.000985294  0  0  0
0.532881  0  6.26797e-15  0.000256166  0  0  0  0  0  0  0  0.00031391  0  0  0
0.544082  0  6.26796e-15  0.000133834  0  0  0  0  0  0  0  4.20817e-05  0  0  0
0.555337  0  6.26795e-15  5.57944e-05  0  0  0  0  0  0  0  7.78579e-06  0  0  0
0.566644  0  6.26794e-15  1.38733e-05  0  0  0  0  0  0  0  0.000112419  0  0  0
0.578004  0  6.26793e-15  1.35277e-07  0  0  0  0  0  0  0  0.000299867  0  0  0
0.589413  0  6.26793e-15  6.41929e-06  0  0  0  0  0  0  0  0.000514735  0  0  0
0.600872  0  6.26792e-15  2.5303e-05  0  0  0  0  0  0  0  0.000733451  0  0  0
0.612378  0  6.26792e-15  5.04821e-05  0  0  0  0  0  0  0  0.000937727  0  0  0
0.62393  0  6.26791e-15  7.72985e-05  0  0  0  0  0  0  0  0.00112574  0  0  0
0.635528  0  6.26791e-15  0.000102166  0  0  0  0  0  0  0  0.00129553  0  0  0
0.64717  0  6.26791e-15  0.000123276  0  0  0  0  0  0  0  0.00143069  0  0  0
0.658855  0  6.26791e-15  0.000139113  0  0  0  0  0  0  0  0.00154365  0  0  0
0.670582  0  6.2679e-15  0.000148827  0  0  0  0  0  0  0  0.00164106  0  0  0
0.68235  0  6.2679e-15  0.000152971  0  0  0  0  0  0  0  0.00170094  0  0  0
0.694158  0  6.2679e-15  0.000152137  0  0  0  0  0  0  0  0.00176189  0  0  0
0.706005  0  6.2679e-15  0.000147594  0  0  0  0  0  0  0  0.00179277  0  0  0
0.71789  0  6.2679e-15  0.000139113  0  0  0  0  0  0  0  0.00180312  0  0  0
0.729812  0  6.2679e-15  0.000127431  0  0  0  0  0  0  0  0.00180312  0  0  0
0.741771  0  6.2679e-15  0.00011445  0  0  0  0  0  0  0  0.00180312  0  0  0
0.753765  0  6.26789e-15  0.000100468  0  0  0  0  0  0  0  0.00179277  0  0  0
0.765793  0  6.26789e-15  8.67671e-05  0  0  0  0  0  0  0  0.00178245  0  0  0
0.777856  0  6.26789e-15  7.23382e-05  0  0  0  0  0  0  0  0.00175166  0  0  0
0.789952  0  6.26789e-15  5.89611e-05  0  0  0  0  0  0  0  0.00172114  0  0  0
0.80208  0  6.26789e-15  4.67196e-05  0  0  0  0  0  0  0  0.00169089  0  0  0
0.814239  0  6.26789e-15  3.54977e-05  0  0  0  0  0  0  0  0.0016609  0  0  0
0.82643  0  6.26789e-15  2.59864e-05  0  0  0  0  0  0  0  0.00163119  0  0  0
0.838651  0  6.26789e-15  1.79554e-05  0  0  0  0  0  0  0  0.00160174  0  0  0
0.850901  0  6.26789e-15  1.1291e-05  0  0  0  0  0  0  0  0.00156289  0  0  0
0.863181  0  6.26789e-15  6.3341e-06  0  0  0  0  0  0  0  0.00153407  0  0  0
0.875488  0  6.26789e-15  2.97193e-06  0  0  0  0  0  0  0  0.00149606  0  0  0
0.887824  0  6.26789e-15  8.66941e-07  0  0  0  0  0  0  0  0.00146787  0  0  0
0.900186  0  6.26789e-15  3.56717e-08  0  0  0  0  0  0  0  0.00143994  0  0  0
0.912576  0  6.26789e-15  2.8782e-07  0  0  0  0  0  0  0  0.00141228  0  0  0
0.924991  0  6.26789e-15  1.50825e-06  0  0  0  0  0  0  0  0.00139399  0  0  0
0.937432  0  6.26789e-15  3.49362e-06  0  0  0  0  0  0  0  0.00135777  0  0  0
0.949897  0  6.26789e-15  6.21639e-06  0  0  0  0  0  0  0  0.00133984  0  0  0
0.962388  0  6.26789e-15  9.30213e-06  0  0  0  0  0  0  0  0.00131316  0  0  0
0.974902  0  6.26789e-15  1.27654e-05  0  0  0  0  0  0  0  0.00130433  0  0  0
0.987439  0  6.26814e-15  1.33752e-05  0  0  0  0  0  0  0  2.36731e-05  0  0  0
1  0  6.27024e-15  7.05813e-07  0  0  0  0  0  0  0  0.0620213  0  0  0
