1e-05  0  0  1.59765  0  0  0  0  0  0  0  1.52775  0  0  0
1.09199e-05  0  0  1.62869  0  0  0  0  0  0  0  1.57311  0  0  0
1.19243e-05  0  0  1.66302  0  0  0  0  0  0  0  1.62167  0  0  0
1.30212e-05  0  0  1.70088  0  0  0  0  0  0  0  1.67364  0  0  0
1.4219e-05  0  0  1.74249  0  0  0  0  0  0  0  1.7292  0  0  0
1.55269e-05  0  0  1.78808  0  0  0  0  0  0  0  1.78858  0  0  0
1.69551e-05  0  0  1.83786  0  0  0  0  0  0  0  1.85198  0  0  0
1.85147e-05  0  0  1.89202  0  0  0  0  0  0  0  1.91959  0  0  0
2.02177e-05  0  0  1.95075  0  0  0  0  0  0  0  1.99163  0  0  0
2.20773e-05  0  0  2.01417  0  0  0  0  0  0  0  2.0683  0  0  0
2.4108e-05  0  0  2.08238  0  0  0  0  0  0  0  2.14976  0  0  0
2.63254e-05  0  0  2.15542  0  0  0  0  0  0  0  2.2362  0  0  0
2.87468e-05  0  0  2.2333  0  0  0  0  0  0  0  2.32776  0  0  0
3.13908e-05  0  0  2.31592  0  0  0  0  0  0  0  2.42456  0  0  0
3.42779e-05  0  0  2.40312  0  0  0  0  0  0  0  2.52673  0  0  0
3.74305e-05  0  0  2.49467  0  0  0  0  0  0  0  2.63432  0  0  0
4.0873e-05  0  0  2.59025  0  0  0  0  0  0  0  2.74738  0  0  0
4.4632e-05  0  0  2.68943  0  0  0  0  0  0  0  2.86591  0  0  0
4.87366e-05  0  0  2.79171  0  0  0  0  0  0  0  2.98987  0  0  0
5.32186e-05  0  0  2.8965  0  0  0  0  0  0  0  3.1192  0  0  0
5.81127e-05  0  0  3.00313  0  0  0  0  0  0  0  3.25378  0  0  0
6.34566e-05  0  0  3.11085  0  0  0  0  0  0  0  3.39344  0  0  0
6.92917e-05  0  0  3.21889  0  0  0  0  0  0  0  3.53801  0  0  0
7.56631e-05  0  0  3.3264  0  0  0  0  0  0  0  3.68724  0  0  0
8.26202e-05  0  0  3.43254  0  0  0  0  0  0  0  3.84086  0  0  0
9.02165e-05  0  0  3.53646  0  0  0  0  0  0  0  3.99859  0  0  0
9.85109e-05  0  0  3.63734  0  0  0  0  0  0  0  4.16009  0  0  0
0.000107567  0  0  3.73439  0  0  0  0  0  0  0  4.32502  0  0  0
0.000117456  0  0  3.82688  0  0  0  0  0  0  0  4.493  0  0  0
0.000128253  0  0  3.91418  0  0  0  0  0  0  0  4.66365  0  0  0
0.000140041  0  0  3.99571  0  0  0  0  0  0  0  4.83659  0  0  0
0.000152912  0  0  4.07103  0  0  0  0  0  0  0  5.01143  0  0  0
0.000166965  0  0  4.13977  0  0  0  0  0  0  0  5.18774  0  0  0
0.000182307  0  0  4.20169  0  0  0  0  0  0  0  5.36515  0  0  0
0.000199058  0  0  4.25665  0  0  0  0  0  0  0  5.54326  0  0  0
0.000217347  0  0  4.30461  0  0  0  0  0  0  0  5.7217  0  0  0
0.000237312  0  0  4.34562  0  0  0  0  0  0  0  5.90008  0  0  0
0.00025911  0  0  4.37984  0  0  0  0  0  0  0  6.07806  0  0  0
0.000282906  0  0  4.40747  0  0  0  0  0  0  0  6.25528  0  0  0
0.000308883  0  0  4.42882  0  0  0  0  0  0  0  6.43143  0  0  0
0.00033724  0  0  4.44421  0  0  0  0  0  0  0  6.60619  0  0  0
0.000368196  0  0  4.45403  0  0  0  0  0  0  0  6.77927  0  0  0
0.000401985  0  0  4.45871  0  0  0  0  0  0  0  6.95041  0  0  0
0.000438868  0  0  4.45866  0  0  0  0  0  0  0  7.11934  0  0  0
0.000479125  0  0  4.45433  0  0  0  0  0  0  0  7.28584  0  0  0
0.000523063  0  0  4.44618  0  0  0  0  0  0  0  7.4497  0  0  0
0.000571017  0  0  4.43464  0  0  0  0  0  0  0  7.61072  0  0  0
0.000623351  0  0  4.42015  0  0  0  0  0  0  0  7.76874  0  0  0
0.000680461  0  0  4.40314  0  0  0  0  0  0  0  7.92362  0  0  0
0.000742781  0  0  4.38398  0  0  0  0  0  0  0  8.07523  0  0  0
0.000810781  0  0  4.36308  0  0  0  0  0  0  0  8.22346  0  0  0
0.000884973  0  0  4.34076  0  0  0  0  0  0  0  8.36824  0  0  0
0.000965915  0  0  4.31737  0  0  0  0  0  0  0  8.50948  0  0  0
0.00105421  0  0  4.2932  0  0  0  0  0  0  0  8.64717  0  0  0
0.00115053  0  0  4.26853  0  0  0  0  0  0  0  8.78126  0  0  0
0.00125558  0  0  4.2436  0  0  0  0  0  0  0  8.91175  0  0  0
0.00137014  0  0  4.21864  0  0  0  0  0  0  0  9.03865  0  0  0
0.00149506  0  0  4.19384  0  0  0  0  0  0  0  9.162  0  0  0
0.00163126  0  0  4.1694  0  0  0  0  0  0  0  9.28183  0  0  0
0.00177974  0  0  4.14546  0  0  0  0  0  0  0  9.3982  0  0  0
0.00194158  0  0  4.12216  0  0  0  0  0  0  0  9.5112  0  0  0
0.00211795  0  0  4.09963  0  0  0  0  0  0  0  9.62092  0  0  0
0.00231012  0  0  4.07796  0  0  0  0  0  0  0  9.72743  0  0  0
0.00251947  0  0  4.05726  0  0  0  0  0  0  0  9.83088  0  0  0
0.00274748  0  0  4.03759  0  0  0  0  0  0  0  9.93136  0  0  0
0.00299576  0  0  4.01902  0  0  0  0  0  0  0  10.029  0  0  0
0.00326605  0  0  4.00162  0  0  0  0  0  0  0  10.1241  0  0  0
0.00356021  0  0  3.98543  0  0  0  0  0  0  0  10.2166  0  0  0
0.00388027  0  0  3.97049  0  0  0  0  0  0  0  10.3067  0  0  0
0.00422838  0  0  3.95685  0  0  0  0  0  0  0  10.3947  0  0  0
0.00460689  0  0  3.94452  0  0  0  0  0  0  0  10.4808  0  0  0
0.00501829  0  0  3.93355  0  0  0  0  0  0  0  10.565  0  0  0
0.00546526  0  0  3.92395  0  0  0  0  0  0  0  10.6477  0  0  0
0.00595067  0  0  3.91576  0  0  0  0  0  0  0  10.729  0  0  0
0.00647757  0  0  3.909  0  0  0  0  0  0  0  10.8092  0  0  0
0.00704924  0  0  3.90368  0  0  0  0  0  0  0  10.8885  0  0  0
0.00766915  0  0  3.89985  0  0  0  0  0  0  0  10.9672  0  0  0
0.00834097  0  0  3.89751  0  0  0  0  0  0  0  11.0455  0  0  0
0.0090686  0  0  3.89671  0  0  0  0  0  0  0  11.1238  0  0  0
0.00985616  0  0  3.89747  0  0  0  0  0  0  0  11.2023  0  0  0
0.010708  0  0  3.89983  0  0  0  0  0  0  0  11.2813  0  0  0
0.0116286  0  0  3.90381  0  0  0  0  0  0  0  11.3611  0  0  0
0.0126229  0  0  3.90946  0  0  0  0  0  0  0  11.4422  0  0  0
0.0136956  0  0  3.9168  0  0  0  0  0  0  0  11.5249  0  0  0
0.0148521  0  0  3.92588  0  0  0  0  0  0  0  11.6096  0  0  0
0.0160977  0  0  3.93673  0  0  0  0  0  0  0  11.6967  0  0  0
0.0174377  0  0  3.94936  0  0  0  0  0  0  0  11.7866  0  0  0
0.0188781  0  0  3.96381  0  0  0  0  0  0  0  11.8798  0  0  0
0.0204243  0  0  3.98007  0  0  0  0  0  0  0  11.9768  0  0  0
0.0220824  0  0  3.99811  0  0  0  0  0  0  0  12.0782  0  0  0
0.0238583  0  0  4.01787  0  0  0  0  0  0  0  12.1843  0  0  0
0.0257578  0  0  4.03924  0  0  0  0  0  0  0  12.2958  0  0  0
0.027787  0  0  4.06203  0  0  0  0  0  0  0  12.4131  0  0  0
0.0299516  0  0  4.08592  0  0  0  0  0  0  0  12.5367  0  0  0
0.0322576  0  0  4.11047  0  0  0  0  0  0  0  12.667  0  0  0
0.0347104  0  0  4.135  0  0  0  0  0  0  0  12.8044  0  0  0
0.0373157  0  0  4.15853  0  0  0  0  0  0  0  12.949  0  0  0
0.0400785  0  0  4.17962  0  0  0  0  0  0  0  13.1006  0  0  0
0.043004  0  0  4.19625  0  0  0  0  0  0  0  13.2589  0  0  0
0.0460967  0  0  4.20556  0  0  0  0  0  0  0  13.4228  0  0  0
0.0493609  0  0  4.20354  0  0  0  0  0  0  0  13.5906  0  0  0
0.0528007  0  0  4.18468  0  0  0  0  0  0  0  13.7596  0  0  0
0.0564196  0  0  4.14156  0  0  0  0  0  0  0  13.9255  0  0  0
0.0602206  0  0  4.06451  0  0  0  0  0  0  0  14.0825  0  0  0
0.0642064  0  0  3.94159  0  0  0  0  0  0  0  14.2226  0  0  0
0.0683793  0  0  3.75938  0  0  0  0  0  0  0  14.3355  0  0  0
0.072741  0  0  3.50528  0  0  0  0  0  0  0  14.409  0  0  0
0.0772927  0  0  3.17203  0  0  0  0  0  0  0  14.4306  0  0  0
0.0820352  0  0  2.76438  0  0  0  0  0  0  0  14.3903  0  0  0
0.0869689  0  0  2.30525  0  0  0  0  0  0  0  14.2849  0  0  0
0.0920937  0  0  1.83619  0  0  0  0  0  0  0  14.1222  0  0  0
0.097409  0  0  1.40692  0  0  0  0  0  0  0  13.921  0  0  0
0.102914  0  0  1.05736  0  0  0  0  0  0  0  13.7061  0  0  0
0.108607  0  0  0.804103  0  0  0  0  0  0  0  13.498  0  0  0
0.114487  0  0  0.64102  0  0  0  0  0  0  0  13.3053  0  0  0
0.120552  0  0  0.550249  0  0  0  0  0  0  0  13.1227  0  0  0
0.126799  0  0  0.512938  0  0  0  0  0  0  0  12.9356  0  0  0
0.133226  0  0  0.514228  0  0  0  0  0  0  0  12.7263  0  0  0
0.13983  0  0  0.543667  0  0  0  0  0  0  0  12.4793  0  0  0
0.146608  0  0  0.593884  0  0  0  0  0  0  0  12.1846  0  0  0
0.153557  0  0  0.659261  0  0  0  0  0  0  0  11.8384  0  0  0
0.160674  0  0  0.735003  0  0  0  0  0  0  0  11.443  0  0  0
0.167955  0  0  0.816564  0  0  0  0  0  0  0  11.0056  0  0  0
0.175396  0  0  0.89931  0  0  0  0  0  0  0  10.5368  0  0  0
0.182995  0  0  0.978369  0  0  0  0  0  0  0  10.0488  0  0  0
0.190747  0  0  1.04857  0  0  0  0  0  0  0  9.55334  0  0  0
0.198649  0  0  1.10439  0  0  0  0  0  0  0  9.05979  0  0  0
0.206698  0  0  1.13998  0  0  0  0  0  0  0  8.57377  0  0  0
0.214888  0  0  1.14908  0  0  0  0  0  0  0  8.09608  0  0  0
0.223217  0  0  1.12528  0  0  0  0  0  0  0  7.6225  0  0  0
0.231682  0  0  1.06282  0  0  0  0  0  0  0  7.14462  0  0  0
0.240277  0  0  0.958287  0  0  0  0  0  0  0  6.65206  0  0  0
0.249001  0  0  0.813099  0  0  0  0  0  0  0  6.13573  0  0  0
0.257849  0  0  0.636235  0  0  0  0  0  0  0  5.59196  0  0  0
0.266818  0  0  0.445363  0  0  0  0  0  0  0  5.02574  0  0  0
0.275904  0  0  0.26481  0  0  0  0  0  0  0  4.45175  0  0  0
0.285104  0  0  0.119924  0  0  0  0  0  0  0  3.89213  0  0  0
0.294416  0  0  0.0295514  0  0  0  0  0  0  0  3.37167  0  0  0
0.303834  0  0  4.32981e-06  0  0  0  0  0  0  0  2.91219  0  0  0
0.313358  0  0  0.0233294  0  0  0  0  0  0  0  2.5289  0  0  0
0.322983  0  0  0.0799759  0  0  0  0  0  0  0  2.23256  0  0  0
0.332707  0  0  0.137191  0  0  0  0  0  0  0  2.06733  0  0  0
0.342526  0  0  0.119509  0  0  0  0  0  0  0  2.05838  0  0  0
0.352439  0  0  0.0017209  0  0  0  0  0  0  0  0.821267  0  0  0
0.362442  0  0  0.0412707  0  0  0  0  0  0  0  1.42576  0  0  0
0.372533  0  0  0.0305425  0  0  0  0  0  0  0  1.27836  0  0  0
0.382709  0  0  0.00159133  0  0  0  0  0  0  0  0.617831  0  0  0
0.392967  0  0  0.0234994  0  0  0  0  0  0  0  0.330557  0  0  0
0.403306  0  0  0.0175081  0  0  0  0  0  0  0  0.302843  0  0  0
0.413723  0  0  0.00440044  0  0  0  0  0  0  0  0.348337  0  0  0
0.424216  0  0  1.48703e-07  0  0  0  0  0  0  0  0.404653  0  0  0
0.434783  0  0  0.00221169  0  0  0  0  0  0  0  0.00078861  0  0  0
0.445422  0  0  2.03987e-05  0  0  0  0  0  0  0  9.37426e-07  0  0  0
0.45613  0  0  0.000569205  0  0  0  0  0  0  0  0.000450053  0  0  0
0.466905  0  0  0.00150485  0  0  0  0  0  0  0  0.00103949  0  0  0
0.477747  0  0  0.00177304  0  0  0  0  0  0  0  0.00124514  0  0  0
0.488653  0  0  0.0013025  0  0  0  0  0  0  0  0.00101811  0  0  0
0.499621  0  0  0.000533261  0  0  0  0  0  0  0  0.000562397  0  0  0
0.510649  0  0  2.77452e-05  0  0  0  0  0  0  0  0.0001482  0  0  0
0.521736  0  0  0.000240485  0  0  0  0  0  0  0  2.04111e-06  0  0  0
0.532881  0  0  0.00135391  0  0  0  0  0  0  0  0.000240853  0  0  0
0.544082  0  0  0.00236202  0  0  0  0  0  0  0  0.000578969  0  0  0
0.555337  0  0  5.0993e-05  0  0  0  0  0  0  0  1.00334e-06  0  0  0
0.566644  0  0  0.00644444  0  0  0  0  0  0  0  0.0024375  0  0  0
0.578004  0  0  0.0105068  0  0  0  0  0  0  0  0.00373414  0  0  0
0.589413  0  0  0.00824118  0  0  0  0  0  0  0  0.00278439  0  0  0
0.600872  0  0  0.00538455  0  0  0  0  0  0  0  0.0016923  0  0  0
0.612378  0  0  0.00314481  0  0  0  0  0  0  0  0.000879486  0  0  0
0.62393  0  0  0.00159228  0  0  0  0  0  0  0  0.000358393  0  0  0
0.635528  0  0  0.000627256  0  0  0  0  0  0  0  8.24791e-05  0  0  0
0.64717  0  0  0.000133222  0  0  0  0  0  0  0  1.713e-08  0  0  0
0.658855  0  0  3.73383e-07  0  0  0  0  0  0  0  6.28465e-05  0  0  0
0.670582  0  0  0.000130667  0  0  0  0  0  0  0  0.000228073  0  0  0
0.68235  0  0  0.000438357  0  0  0  0  0  0  0  0.000458149  0  0  0
0.694158  0  0  0.000849772  0  0  0  0  0  0  0  0.000720877  0  0  0
0.706005  0  0  0.00130299  0  0  0  0  0  0  0  0.000989424  0  0  0
0.71789  0  0  0.00174722  0  0  0  0  0  0  0  0.00124153  0  0  0
0.729812  0  0  0.002142  0  0  0  0  0  0  0  0.00145991  0  0  0
0.741771  0  0  0.00245719  0  0  0  0  0  0  0  0.0016311  0  0  0
0.753765  0  0  0.00267157  0  0  0  0  0  0  0  0.00174662  0  0  0
0.765793  0  0  0.00277327  0  0  0  0  0  0  0  0.00180093  0  0  0
0.777856  0  0  0.00275823  0  0  0  0  0  0  0  0.00179284  0  0  0
0.789952  0  0  0.00262974  0  0  0  0  0  0  0  0.00172406  0  0  0
0.80208  0  0  0.00239855  0  0  0  0  0  0  0  0.00159937  0  0  0
0.814239  0  0  0.0020817  0  0  0  0  0  0  0  0.00142672  0  0  0
0.82643  0  0  0.00170252  0  0  0  0  0  0  0  0.00121651  0  0  0
0.838651  0  0  0.00128923  0  0  0  0  0  0  0  0.000981382  0  0  0
0.850901  0  0  0.000875151  0  0  0  0  0  0  0  0.000736187  0  0  0
0.863181  0  0  0.000498087  0  0  0  0  0  0  0  0.000498035  0  0  0
0.875488  0  0  0.000199862  0  0  0  0  0  0  0  0.000285411  0  0  0
0.887824  0  0  2.57019e-05  0  0  0  0  0  0  0  0.000118377  0  0  0
0.900186  0  0  2.36747e-05  0  0  0  0  0  0  0  1.84061e-05  0  0  0
0.912576  0  0  0.000244618  0  0  0  0  0  0  0  8.13839e-06  0  0  0
0.924991  0  0  0.000741021  0  0  0  0  0  0  0  0.000110958  0  0  0
0.937432  0  0  0.00156502  0  0  0  0  0  0  0  0.000350368  0  0  0
0.949897  0  0  0.00276204  0  0  0  0  0  0  0  0.000747854  0  0  0
0.962388  0  0  0.00434242  0  0  0  0  0  0  0  0.00131285  0  0  0
0.974902  0  0  0.00615788  0  0  0  0  0  0  0  0.00199928  0  0  0
0.987439  0  0  0.00740822  0  0  0  0  0  0  0  0.00252894  0  0  0
1  0  0  0.00556292  0  0  0  0  0  0  0  0.00198753  0  0  0
