1e-05  0  2.4596e-17  6.96954  0  0  0  0  0  0  0  1.57714e+06  0  0  0
1.09199e-05  0  2.4596e-17  6.92265  0  0  0  0  0  0  0  1.57712e+06  0  0  0
1.19243e-05  0  2.4596e-17  6.87611  0  0  0  0  0  0  0  1.57709e+06  0  0  0
1.30212e-05  0  2.4596e-17  6.82953  0  0  0  0  0  0  0  1.57706e+06  0  0  0
1.4219e-05  0  2.4596e-17  6.7833  0  0  0  0  0  0  0  1.57704e+06  0  0  0
1.55269e-05  0  2.4596e-17  6.73722  0  0  0  0  0  0  0  1.57701e+06  0  0  0
1.69551e-05  0  2.4596e-17  6.69131  0  0  0  0  0  0  0  1.57699e+06  0  0  0
1.85147e-05  0  2.4596e-17  6.64573  0  0  0  0  0  0  0  1.57696e+06  0  0  0
2.02177e-05  0  2.4596e-17  6.60031  0  0  0  0  0  0  0  1.57694e+06  0  0  0
2.20773e-05  0  2.4596e-17  6.55504  0  0  0  0  0  0  0  1.57691e+06  0  0  0
2.4108e-05  0  2.4596e-17  6.50993  0  0  0  0  0  0  0  1.57688e+06  0  0  0
2.63254e-05  0  2.4596e-17  6.46515  0  0  0  0  0  0  0  1.57686e+06  0  0  0
2.87468e-05  0  2.4596e-17  6.42035  0  0  0  0  0  0  0  1.57683e+06  0  0  0
3.13908e-05  0  2.4596e-17  6.37607  0  0  0  0  0  0  0  1.57681e+06  0  0  0
3.42779e-05  0  2.4596e-17  6.33176  0  0  0  0  0  0  0  1.57678e+06  0  0  0
3.74305e-05  0  2.4596e-17  6.28778  0  0  0  0  0  0  0  1.57676e+06  0  0  0
4.0873e-05  0  2.4596e-17  6.24395  0  0  0  0  0  0  0  1.57673e+06  0  0  0
4.4632e-05  0  2.4596e-17  6.20028  0  0  0  0  0  0  0  1.57671e+06  0  0  0
4.87366e-05  0  2.4596e-17  6.15694  0  0  0  0  0  0  0  1.57668e+06  0  0  0
5.32186e-05  0  2.4596e-17  6.11374  0  0  0  0  0  0  0  1.57665e+06  0  0  0
5.81127e-05  0  2.4596e-17  6.07071  0  0  0  0  0  0  0  1.57663e+06  0  0  0
6.34566e-05  0  2.4596e-17  6.02782  0  0  0  0  0  0  0  1.5766e+06  0  0  0
6.92917e-05  0  2.4596e-17  5.98526  0  0  0  0  0  0  0  1.57658e+06  0  0  0
7.56631e-05  0  2.45961e-17  5.94285  0  0  0  0  0  0  0  1.57655e+06  0  0  0
8.26202e-05  0  2.45961e-17  5.90059  0  0  0  0  0  0  0  1.57653e+06  0  0  0
9.02165e-05  0  2.45961e-17  5.85865  0  0  0  0  0  0  0  1.5765e+06  0  0  0
9.85109e-05  0  2.45961e-17  5.81686  0  0  0  0  0  0  0  1.57648e+06  0  0  0
0.000107567  0  2.45961e-17  5.77522  0  0  0  0  0  0  0  1.57645e+06  0  0  0
0.000117456  0  2.45961e-17  5.73373  0  0  0  0  0  0  0  1.57643e+06  0  0  0
0.000128253  0  2.45961e-17  5.69256  0  0  0  0  0  0  0  1.5764e+06  0  0  0
0.000140041  0  2.45961e-17  5.65137  0  0  0  0  0  0  0  1.57638e+06  0  0  0
0.000152912  0  2.45961e-17  5.6105  0  0  0  0  0  0  0  1.57635e+06  0  0  0
0.000166965  0  2.45961e-17  5.56977  0  0  0  0  0  0  0  1.57633e+06  0  0  0
0.000182307  0  2.45961e-17  5.5292  0  0  0  0  0  0  0  1.5763e+06  0  0  0
0.000199058  0  2.45961e-17  5.48877  0  0  0  0  0  0  0  1.57628e+06  0  0  0
0.000217347  0  2.45961e-17  5.44849  0  0  0  0  0  0  0  1.57625e+06  0  0  0
0.000237312  0  2.45961e-17  5.40836  0  0  0  0  0  0  0  1.57623e+06  0  0  0
0.00025911  0  2.45961e-17  5.36837  0  0  0  0  0  0  0  1.5762e+06  0  0  0
0.000282906  0  2.45961e-17  5.32854  0  0  0  0  0  0  0  1.57618e+06  0  0  0
0.000308883  0  2.45961e-17  5.28869  0  0  0  0  0  0  0  1.57615e+06  0  0  0
0.00033724  0  2.45961e-17  5.24915  0  0  0  0  0  0  0  1.57613e+06  0  0  0
0.000368196  0  2.45961e-17  5.2096  0  0  0  0  0  0  0  1.5761e+06  0  0  0
0.000401985  0  2.45961e-17  5.17004  0  0  0  0  0  0  0  1.57608e+06  0  0  0
0.000438868  0  2.45961e-17  5.13063  0  0  0  0  0  0  0  1.57605e+06  0  0  0
0.000479125  0  2.45961e-17  5.09137  0  0  0  0  0  0  0  1.57602e+06  0  0  0
0.000523063  0  2.45961e-17  5.05194  0  0  0  0  0  0  0  1.576e+06  0  0  0
0.000571017  0  2.45961e-17  5.01266  0  0  0  0  0  0  0  1.57597e+06  0  0  0
0.000623351  0  2.45962e-17  4.97338  0  0  0  0  0  0  0  1.57595e+06  0  0  0
0.000680461  0  2.45962e-17  4.9341  0  0  0  0  0  0  0  1.57592e+06  0  0  0
0.000742781  0  2.45962e-17  4.89466  0  0  0  0  0  0  0  1.5759e+06  0  0  0
0.000810781  0  2.45962e-17  4.85522  0  0  0  0  0  0  0  1.57587e+06  0  0  0
0.000884973  0  2.45962e-17  4.81578  0  0  0  0  0  0  0  1.57584e+06  0  0  0
0.000965915  0  2.45962e-17  4.77605  0  0  0  0  0  0  0  1.57582e+06  0  0  0
0.00105421  0  2.45962e-17  4.73632  0  0  0  0  0  0  0  1.57579e+06  0  0  0
0.00115053  0  2.45962e-17  4.69629  0  0  0  0  0  0  0  1.57576e+06  0  0  0
0.00125558  0  2.45962e-17  4.65613  0  0  0  0  0  0  0  1.57574e+06  0  0  0
0.00137014  0  2.45962e-17  4.61569  0  0  0  0  0  0  0  1.57571e+06  0  0  0
0.00149506  0  2.45962e-17  4.57512  0  0  0  0  0  0  0  1.57568e+06  0  0  0
0.00163126  0  2.45962e-17  4.53412  0  0  0  0  0  0  0  1.57565e+06  0  0  0
0.00177974  0  2.45962e-17  4.49271  0  0  0  0  0  0  0  1.57563e+06  0  0  0
0.00194158  0  2.45962e-17  4.45089  0  0  0  0  0  0  0  1.5756e+06  0  0  0
0.00211795  0  2.45962e-17  4.40867  0  0  0  0  0  0  0  1.57557e+06  0  0  0
0.00231012  0  2.45962e-17  4.36591  0  0  0  0  0  0  0  1.57554e+06  0  0  0
0.00251947  0  2.45962e-17  4.32262  0  0  0  0  0  0  0  1.57551e+06  0  0  0
0.00274748  0  2.45962e-17  4.27867  0  0  0  0  0  0  0  1.57548e+06  0  0  0
0.00299576  0  2.45962e-17  4.23378  0  0  0  0  0  0  0  1.57537e+06  0  0  0
0.00326605  0  2.45963e-17  3.52701  0  0  0  0  0  0  0  1.44868e+06  0  0  0
0.00356021  0  2.45976e-17  4.11757  0  0  0  0  0  0  0  161.542  0  0  0
0.00388027  0  2.45976e-17  4.37743  0  0  0  0  0  0  0  9.27118  0  0  0
0.00422838  0  2.45976e-17  4.4274  0  0  0  0  0  0  0  9.40977  0  0  0
0.00460689  0  2.45976e-17  4.47871  0  0  0  0  0  0  0  9.49647  0  0  0
0.00501829  0  2.45976e-17  4.53167  0  0  0  0  0  0  0  9.58621  0  0  0
0.00546526  0  2.45976e-17  4.58661  0  0  0  0  0  0  0  9.67865  0  0  0
0.00595067  0  2.45976e-17  4.64356  0  0  0  0  0  0  0  9.77459  0  0  0
0.00647757  0  2.45977e-17  4.70255  0  0  0  0  0  0  0  9.87368  0  0  0
0.00704924  0  2.45977e-17  4.76377  0  0  0  0  0  0  0  9.97675  0  0  0
0.00766915  0  2.45977e-17  4.82741  0  0  0  0  0  0  0  10.0835  0  0  0
0.00834097  0  2.45977e-17  4.89352  0  0  0  0  0  0  0  10.1942  0  0  0
0.0090686  0  2.45977e-17  4.96228  0  0  0  0  0  0  0  10.3095  0  0  0
0.00985616  0  2.45977e-17  5.03391  0  0  0  0  0  0  0  10.429  0  0  0
0.010708  0  2.45977e-17  5.10829  0  0  0  0  0  0  0  10.5536  0  0  0
0.0116286  0  2.45977e-17  5.18596  0  0  0  0  0  0  0  10.6824  0  0  0
0.0126229  0  2.45977e-17  5.26652  0  0  0  0  0  0  0  10.8169  0  0  0
0.0136956  0  2.45977e-17  5.35047  0  0  0  0  0  0  0  10.9566  0  0  0
0.0148521  0  2.45977e-17  5.43774  0  0  0  0  0  0  0  11.1013  0  0  0
0.0160977  0  2.45977e-17  5.52838  0  0  0  0  0  0  0  11.2519  0  0  0
0.0174377  0  2.45977e-17  5.62217  0  0  0  0  0  0  0  11.4075  0  0  0
0.0188781  0  2.45978e-17  5.71897  0  0  0  0  0  0  0  11.5683  0  0  0
0.0204243  0  2.45978e-17  5.81768  0  0  0  0  0  0  0  11.7347  0  0  0
0.0220824  0  2.45978e-17  5.91249  0  0  0  0  0  0  0  11.9051  0  0  0
0.0238583  0  2.45978e-17  5.97561  0  0  0  0  0  0  0  12.0743  0  0  0
0.0257578  0  2.45977e-17  5.88475  0  0  0  0  0  0  0  12.2216  0  0  0
0.027787  0  2.45976e-17  5.35223  0  0  0  0  0  0  0  12.295  0  0  0
0.0299516  0  2.45975e-17  4.55626  0  0  0  0  0  0  0  12.3156  0  0  0
0.0322576  0  2.45974e-17  4.17912  0  0  0  0  0  0  0  12.4108  0  0  0
0.0347104  0  2.45974e-17  4.12041  0  0  0  0  0  0  0  12.5697  0  0  0
0.0373157  0  2.45974e-17  4.15069  0  0  0  0  0  0  0  12.7473  0  0  0
0.0400785  0  2.45974e-17  4.18985  0  0  0  0  0  0  0  12.926  0  0  0
0.043004  0  2.45974e-17  4.2142  0  0  0  0  0  0  0  13.1003  0  0  0
0.0460967  0  2.45974e-17  4.2118  0  0  0  0  0  0  0  13.2654  0  0  0
0.0493609  0  2.45974e-17  4.17446  0  0  0  0  0  0  0  13.4179  0  0  0
0.0528007  0  2.45974e-17  4.09463  0  0  0  0  0  0  0  13.5543  0  0  0
0.0564196  0  2.45975e-17  3.96502  0  0  0  0  0  0  0  13.6709  0  0  0
0.0602206  0  2.45975e-17  3.78156  0  0  0  0  0  0  0  13.7639  0  0  0
0.0642064  0  2.45975e-17  3.5437  0  0  0  0  0  0  0  13.8301  0  0  0
0.0683793  0  2.45975e-17  3.25529  0  0  0  0  0  0  0  13.8675  0  0  0
0.072741  0  2.45975e-17  2.92604  0  0  0  0  0  0  0  13.8746  0  0  0
0.0772927  0  2.45975e-17  2.57044  0  0  0  0  0  0  0  13.8513  0  0  0
0.0820352  0  2.45975e-17  2.20679  0  0  0  0  0  0  0  13.7993  0  0  0
0.0869689  0  2.45975e-17  1.85496  0  0  0  0  0  0  0  13.7203  0  0  0
0.0920937  0  2.45975e-17  1.53356  0  0  0  0  0  0  0  13.6176  0  0  0
0.097409  0  2.45975e-17  1.2574  0  0  0  0  0  0  0  13.4938  0  0  0
0.102914  0  2.45975e-17  1.03553  0  0  0  0  0  0  0  13.3511  0  0  0
0.108607  0  2.45975e-17  0.871851  0  0  0  0  0  0  0  13.1913  0  0  0
0.114487  0  2.45975e-17  0.765568  0  0  0  0  0  0  0  13.013  0  0  0
0.120552  0  2.45975e-17  0.714092  0  0  0  0  0  0  0  12.8154  0  0  0
0.126799  0  2.45975e-17  0.71439  0  0  0  0  0  0  0  12.596  0  0  0
0.133226  0  2.45975e-17  0.764428  0  0  0  0  0  0  0  12.3538  0  0  0
0.13983  0  2.45975e-17  0.861572  0  0  0  0  0  0  0  12.0883  0  0  0
0.146608  0  2.45975e-17  1.00111  0  0  0  0  0  0  0  11.8009  0  0  0
0.153557  0  2.45975e-17  1.17364  0  0  0  0  0  0  0  11.4925  0  0  0
0.160674  0  2.45975e-17  1.36381  0  0  0  0  0  0  0  11.1629  0  0  0
0.167955  0  2.45976e-17  1.55075  0  0  0  0  0  0  0  10.8096  0  0  0
0.175396  0  2.45976e-17  1.71131  0  0  0  0  0  0  0  10.4274  0  0  0
0.182995  0  2.45976e-17  1.8237  0  0  0  0  0  0  0  10.0114  0  0  0
0.190747  0  2.45976e-17  1.87111  0  0  0  0  0  0  0  9.55838  0  0  0
0.198649  0  2.45976e-17  1.84467  0  0  0  0  0  0  0  9.0676  0  0  0
0.206698  0  2.45977e-17  1.74524  0  0  0  0  0  0  0  8.54306  0  0  0
0.214888  0  2.45977e-17  1.58242  0  0  0  0  0  0  0  7.99276  0  0  0
0.223217  0  2.45977e-17  1.3728  0  0  0  0  0  0  0  7.42773  0  0  0
0.231682  0  2.45978e-17  1.13641  0  0  0  0  0  0  0  6.86033  0  0  0
0.240277  0  2.45978e-17  0.894059  0  0  0  0  0  0  0  6.30339  0  0  0
0.249001  0  2.45978e-17  0.663974  0  0  0  0  0  0  0  5.76812  0  0  0
0.257849  0  2.45979e-17  0.46018  0  0  0  0  0  0  0  5.26371  0  0  0
0.266818  0  2.45979e-17  0.291823  0  0  0  0  0  0  0  4.79649  0  0  0
0.275904  0  2.45979e-17  0.162975  0  0  0  0  0  0  0  4.36985  0  0  0
0.285104  0  2.4598e-17  0.0737705  0  0  0  0  0  0  0  3.98451  0  0  0
0.294416  0  2.4598e-17  0.0215359  0  0  0  0  0  0  0  3.63572  0  0  0
0.303834  0  2.4598e-17  0.00111655  0  0  0  0  0  0  0  3.30408  0  0  0
0.313358  0  2.4598e-17  0.003333  0  0  0  0  0  0  0  2.94052  0  0  0
0.322983  0  2.45981e-17  0.0113804  0  0  0  0  0  0  0  2.46217  0  0  0
0.332707  0  2.45981e-17  0.00895267  0  0  0  0  0  0  0  1.84978  0  0  0
0.342526  0  2.45981e-17  0.0016694  0  0  0  0  0  0  0  1.29507  0  0  0
0.352439  0  2.45981e-17  0.000144577  0  0  0  0  0  0  0  1.05422  0  0  0
0.362442  0  2.45981e-17  0.00117115  0  0  0  0  0  0  0  1.09716  0  0  0
0.372533  0  2.45981e-17  0.0018847  0  0  0  0  0  0  0  1.06158  0  0  0
0.382709  0  2.45981e-17  9.78961e-05  0  0  0  0  0  0  0  0.698133  0  0  0
0.392967  0  2.45981e-17  0.00684059  0  0  0  0  0  0  0  0.276325  0  0  0
0.403306  0  2.45981e-17  0.00510168  0  0  0  0  0  0  0  0.100202  0  0  0
0.413723  0  2.45982e-17  0.00743467  0  0  0  0  0  0  0  0.140127  0  0  0
0.424216  0  2.45982e-17  0.106789  0  0  0  0  0  0  0  0.404883  0  0  0
0.434783  0  2.45985e-17  0.193839  0  0  0  0  0  0  0  0.505679  0  0  0
0.445422  0  2.45999e-17  0.0110587  0  0  0  0  0  0  0  0.0112223  0  0  0
0.45613  0  2.46e-17  0.00174028  0  0  0  0  0  0  0  7.55275e-05  0  0  0
0.466905  0  2.46002e-17  0.00125366  0  0  0  0  0  0  0  0.00100887  0  0  0
0.477747  0  2.46002e-17  0.00441578  0  0  0  0  0  0  0  0.00154363  0  0  0
0.488653  0  2.46002e-17  0.00443477  0  0  0  0  0  0  0  0.0011457  0  0  0
0.499621  0  2.46002e-17  0.00312386  0  0  0  0  0  0  0  0.000622578  0  0  0
0.510649  0  2.46002e-17  0.00183608  0  0  0  0  0  0  0  0.000250468  0  0  0
0.521736  0  2.46002e-17  0.000911879  0  0  0  0  0  0  0  5.49168e-05  0  0  0
0.532881  0  2.46003e-17  0.000343634  0  0  0  0  0  0  0  4.80339e-08  0  0  0
0.544082  0  2.46003e-17  6.53242e-05  0  0  0  0  0  0  0  4.83882e-05  0  0  0
0.555337  0  2.46003e-17  1.62323e-06  0  0  0  0  0  0  0  0.000169166  0  0  0
0.566644  0  2.46003e-17  9.08557e-05  0  0  0  0  0  0  0  0.000337456  0  0  0
0.578004  0  2.46003e-17  0.000284534  0  0  0  0  0  0  0  0.000533977  0  0  0
0.589413  0  2.46003e-17  0.000542098  0  0  0  0  0  0  0  0.000743023  0  0  0
0.600872  0  2.46003e-17  0.000832164  0  0  0  0  0  0  0  0.000953253  0  0  0
0.612378  0  2.46003e-17  0.00113348  0  0  0  0  0  0  0  0.00115567  0  0  0
0.62393  0  2.46003e-17  0.00142721  0  0  0  0  0  0  0  0.00134381  0  0  0
0.635528  0  2.46003e-17  0.00169878  0  0  0  0  0  0  0  0.00151151  0  0  0
0.64717  0  2.46003e-17  0.00193742  0  0  0  0  0  0  0  0.00165538  0  0  0
0.658855  0  2.46003e-17  0.00213569  0  0  0  0  0  0  0  0.00177351  0  0  0
0.670582  0  2.46003e-17  0.00228903  0  0  0  0  0  0  0  0.00186263  0  0  0
0.68235  0  2.46003e-17  0.0023919  0  0  0  0  0  0  0  0.00192371  0  0  0
0.694158  0  2.46003e-17  0.00244418  0  0  0  0  0  0  0  0.00195462  0  0  0
0.706005  0  2.46003e-17  0.00244768  0  0  0  0  0  0  0  0.00195664  0  0  0
0.71789  0  2.46003e-17  0.00240231  0  0  0  0  0  0  0  0.00192974  0  0  0
0.729812  0  2.46003e-17  0.00230942  0  0  0  0  0  0  0  0.00187583  0  0  0
0.741771  0  2.46003e-17  0.00217187  0  0  0  0  0  0  0  0.00179542  0  0  0
0.753765  0  2.46003e-17  0.00199715  0  0  0  0  0  0  0  0.00169095  0  0  0
0.765793  0  2.46003e-17  0.00178755  0  0  0  0  0  0  0  0.00156537  0  0  0
0.777856  0  2.46003e-17  0.00155025  0  0  0  0  0  0  0  0.00142096  0  0  0
0.789952  0  2.46003e-17  0.00129645  0  0  0  0  0  0  0  0.00126067  0  0  0
0.80208  0  2.46003e-17  0.00103318  0  0  0  0  0  0  0  0.00108873  0  0  0
0.814239  0  2.46003e-17  0.000769975  0  0  0  0  0  0  0  0.00090995  0  0  0
0.82643  0  2.46003e-17  0.000522465  0  0  0  0  0  0  0  0.000728955  0  0  0
0.838651  0  2.46003e-17  0.000305215  0  0  0  0  0  0  0  0.000552122  0  0  0
0.850901  0  2.46003e-17  0.000132623  0  0  0  0  0  0  0  0.000385604  0  0  0
0.863181  0  2.46003e-17  2.49499e-05  0  0  0  0  0  0  0  0.000237707  0  0  0
0.875488  0  2.46003e-17  4.53161e-06  0  0  0  0  0  0  0  0.000117178  0  0  0
0.887824  0  2.46003e-17  9.64238e-05  0  0  0  0  0  0  0  3.41391e-05  0  0  0
0.900186  0  2.46003e-17  0.000329361  0  0  0  0  0  0  0  2.01496e-07  0  0  0
0.912576  0  2.46003e-17  0.000735224  0  0  0  0  0  0  0  2.87802e-05  0  0  0
0.924991  0  2.46002e-17  0.00135094  0  0  0  0  0  0  0  0.000134866  0  0  0
0.937432  0  2.46002e-17  0.00222213  0  0  0  0  0  0  0  0.000336161  0  0  0
0.949897  0  2.46002e-17  0.00339517  0  0  0  0  0  0  0  0.00065174  0  0  0
0.962388  0  2.46002e-17  0.00492473  0  0  0  0  0  0  0  0.00110507  0  0  0
0.974902  0  2.46002e-17  0.0068724  0  0  0  0  0  0  0  0.00172078  0  0  0
0.987439  0  2.46002e-17  0.00930724  0  0  0  0  0  0  0  0.00252184  0  0  0
1  0  2.46002e-17  0.0123064  0  0  0  0  0  0  0  0.00245486  0  0  0
