1e-05  0  4.53708e-07  10.1116  0  0  0  0  0  0  0  6.02979  0  0  0
1.09199e-05  0  4.53834e-07  10.155  0  0  0  0  0  0  0  5.98684  0  0  0
1.19243e-05  0  4.53968e-07  10.1997  0  0  0  0  0  0  0  5.95441  0  0  0
1.30212e-05  0  4.54113e-07  10.2461  0  0  0  0  0  0  0  5.93298  0  0  0
1.4219e-05  0  4.54271e-07  10.2948  0  0  0  0  0  0  0  5.92312  0  0  0
1.55269e-05  0  4.54443e-07  10.3463  0  0  0  0  0  0  0  5.92545  0  0  0
1.69551e-05  0  4.54632e-07  10.4009  0  0  0  0  0  0  0  5.94057  0  0  0
1.85147e-05  0  4.54838e-07  10.4592  0  0  0  0  0  0  0  5.96908  0  0  0
2.02177e-05  0  4.55063e-07  10.5214  0  0  0  0  0  0  0  6.01146  0  0  0
2.20773e-05  0  4.55308e-07  10.5879  0  0  0  0  0  0  0  6.06804  0  0  0
2.4108e-05  0  4.55572e-07  10.6587  0  0  0  0  0  0  0  6.13888  0  0  0
2.63254e-05  0  4.55857e-07  10.7337  0  0  0  0  0  0  0  6.22376  0  0  0
2.87468e-05  0  4.56159e-07  10.8127  0  0  0  0  0  0  0  6.32202  0  0  0
3.13908e-05  0  4.56476e-07  10.8952  0  0  0  0  0  0  0  6.43258  0  0  0
3.42779e-05  0  4.56807e-07  10.9803  0  0  0  0  0  0  0  6.55387  0  0  0
3.74305e-05  0  4.57145e-07  11.0671  0  0  0  0  0  0  0  6.68389  0  0  0
4.0873e-05  0  4.57488e-07  11.1545  0  0  0  0  0  0  0  6.82024  0  0  0
4.4632e-05  0  4.5783e-07  11.2413  0  0  0  0  0  0  0  6.96029  0  0  0
4.87366e-05  0  4.58166e-07  11.3261  0  0  0  0  0  0  0  7.10126  0  0  0
5.32186e-05  0  4.58492e-07  11.4078  0  0  0  0  0  0  0  7.24047  0  0  0
5.81127e-05  0  4.58802e-07  11.4853  0  0  0  0  0  0  0  7.37544  0  0  0
6.34566e-05  0  4.59096e-07  11.5578  0  0  0  0  0  0  0  7.50403  0  0  0
6.92917e-05  0  4.59368e-07  11.6244  0  0  0  0  0  0  0  7.62456  0  0  0
7.56631e-05  0  4.59619e-07  11.6848  0  0  0  0  0  0  0  7.73585  0  0  0
8.26202e-05  0  4.59847e-07  11.7387  0  0  0  0  0  0  0  7.83718  0  0  0
9.02165e-05  0  4.60053e-07  11.786  0  0  0  0  0  0  0  7.92831  0  0  0
9.85109e-05  0  4.60237e-07  11.827  0  0  0  0  0  0  0  8.00935  0  0  0
0.000107567  0  4.604e-07  11.8617  0  0  0  0  0  0  0  8.08074  0  0  0
0.000117456  0  4.60544e-07  11.8905  0  0  0  0  0  0  0  8.14312  0  0  0
0.000128253  0  4.60671e-07  11.9138  0  0  0  0  0  0  0  8.19728  0  0  0
0.000140041  0  4.60781e-07  11.932  0  0  0  0  0  0  0  8.24409  0  0  0
0.000152912  0  4.60877e-07  11.9454  0  0  0  0  0  0  0  8.28445  0  0  0
0.000166965  0  4.60961e-07  11.9545  0  0  0  0  0  0  0  8.31924  0  0  0
0.000182307  0  4.61034e-07  11.9595  0  0  0  0  0  0  0  8.34931  0  0  0
0.000199058  0  4.61097e-07  11.9607  0  0  0  0  0  0  0  8.37546  0  0  0
0.000217347  0  4.61152e-07  11.9585  0  0  0  0  0  0  0  8.39841  0  0  0
0.000237312  0  4.612e-07  11.9529  0  0  0  0  0  0  0  8.41882  0  0  0
0.00025911  0  4.61242e-07  11.9443  0  0  0  0  0  0  0  8.43729  0  0  0
0.000282906  0  4.61279e-07  11.9328  0  0  0  0  0  0  0  8.45434  0  0  0
0.000308883  0  4.61311e-07  11.9184  0  0  0  0  0  0  0  8.47045  0  0  0
0.00033724  0  4.6134e-07  11.9013  0  0  0  0  0  0  0  8.48603  0  0  0
0.000368196  0  4.61366e-07  11.8815  0  0  0  0  0  0  0  8.50146  0  0  0
0.000401985  0  4.61389e-07  11.8589  0  0  0  0  0  0  0  8.51708  0  0  0
0.000438868  0  4.6141e-07  11.8337  0  0  0  0  0  0  0  8.53319  0  0  0
0.000479125  0  4.6143e-07  11.8056  0  0  0  0  0  0  0  8.55006  0  0  0
0.000523063  0  4.61448e-07  11.7747  0  0  0  0  0  0  0  8.56795  0  0  0
0.000571017  0  4.61465e-07  11.7409  0  0  0  0  0  0  0  8.58709  0  0  0
0.000623351  0  4.61482e-07  11.7041  0  0  0  0  0  0  0  8.60773  0  0  0
0.000680461  0  4.61498e-07  11.6641  0  0  0  0  0  0  0  8.63006  0  0  0
0.000742781  0  4.61513e-07  11.6208  0  0  0  0  0  0  0  8.65431  0  0  0
0.000810781  0  4.61529e-07  11.574  0  0  0  0  0  0  0  8.6807  0  0  0
0.000884973  0  4.61544e-07  11.5236  0  0  0  0  0  0  0  8.70942  0  0  0
0.000965915  0  4.6156e-07  11.4693  0  0  0  0  0  0  0  8.7407  0  0  0
0.00105421  0  4.61575e-07  11.411  0  0  0  0  0  0  0  8.77476  0  0  0
0.00115053  0  4.61592e-07  11.3484  0  0  0  0  0  0  0  8.81182  0  0  0
0.00125558  0  4.61608e-07  11.2812  0  0  0  0  0  0  0  8.85213  0  0  0
0.00137014  0  4.61625e-07  11.2092  0  0  0  0  0  0  0  8.89591  0  0  0
0.00149506  0  4.61643e-07  11.1322  0  0  0  0  0  0  0  8.94343  0  0  0
0.00163126  0  4.61661e-07  11.0499  0  0  0  0  0  0  0  8.99496  0  0  0
0.00177974  0  4.6168e-07  10.9619  0  0  0  0  0  0  0  9.05074  0  0  0
0.00194158  0  4.617e-07  10.8679  0  0  0  0  0  0  0  9.11108  0  0  0
0.00211795  0  4.6172e-07  10.7678  0  0  0  0  0  0  0  9.17625  0  0  0
0.00231012  0  4.6174e-07  10.661  0  0  0  0  0  0  0  9.24654  0  0  0
0.00251947  0  4.6176e-07  10.5475  0  0  0  0  0  0  0  9.32224  0  0  0
0.00274748  0  4.6178e-07  10.4267  0  0  0  0  0  0  0  9.40364  0  0  0
0.00299576  0  4.61799e-07  10.2985  0  0  0  0  0  0  0  9.49099  0  0  0
0.00326605  0  4.61817e-07  10.1625  0  0  0  0  0  0  0  9.58456  0  0  0
0.00356021  0  4.61833e-07  10.0185  0  0  0  0  0  0  0  9.68457  0  0  0
0.00388027  0  4.61845e-07  9.86607  0  0  0  0  0  0  0  9.79119  0  0  0
0.00422838  0  4.61853e-07  9.70508  0  0  0  0  0  0  0  9.90453  0  0  0
0.00460689  0  4.61854e-07  9.53528  0  0  0  0  0  0  0  10.0246  0  0  0
0.00501829  0  4.61847e-07  9.35646  0  0  0  0  0  0  0  10.1514  0  0  0
0.00546526  0  4.61829e-07  9.16845  0  0  0  0  0  0  0  10.2846  0  0  0
0.00595067  0  4.61795e-07  8.97113  0  0  0  0  0  0  0  10.424  0  0  0
0.00647757  0  4.61743e-07  8.76443  0  0  0  0  0  0  0  10.5688  0  0  0
0.00704924  0  4.61666e-07  8.5483  0  0  0  0  0  0  0  10.7184  0  0  0
0.00766915  0  4.6156e-07  8.32276  0  0  0  0  0  0  0  10.8716  0  0  0
0.00834097  0  4.61417e-07  8.08793  0  0  0  0  0  0  0  11.027  0  0  0
0.0090686  0  4.61229e-07  7.84397  0  0  0  0  0  0  0  11.183  0  0  0
0.00985616  0  4.60987e-07  7.59118  0  0  0  0  0  0  0  11.3377  0  0  0
0.010708  0  4.60684e-07  7.32995  0  0  0  0  0  0  0  11.4888  0  0  0
0.0116286  0  4.6031e-07  7.06086  0  0  0  0  0  0  0  11.634  0  0  0
0.0126229  0  4.59857e-07  6.78466  0  0  0  0  0  0  0  11.771  0  0  0
0.0136956  0  4.59319e-07  6.50232  0  0  0  0  0  0  0  11.8976  0  0  0
0.0148521  0  4.58693e-07  6.21509  0  0  0  0  0  0  0  12.0124  0  0  0
0.0160977  0  4.57979e-07  5.92449  0  0  0  0  0  0  0  12.1142  0  0  0
0.0174377  0  4.57183e-07  5.63233  0  0  0  0  0  0  0  12.2032  0  0  0
0.0188781  0  4.56315e-07  5.34066  0  0  0  0  0  0  0  12.2803  0  0  0
0.0204243  0  4.55392e-07  5.05169  0  0  0  0  0  0  0  12.3477  0  0  0
0.0220824  0  4.54433e-07  4.76774  0  0  0  0  0  0  0  12.4081  0  0  0
0.0238583  0  4.5346e-07  4.49108  0  0  0  0  0  0  0  12.4648  0  0  0
0.0257578  0  4.52495e-07  4.22379  0  0  0  0  0  0  0  12.5214  0  0  0
0.027787  0  4.5156e-07  3.96773  0  0  0  0  0  0  0  12.5808  0  0  0
0.0299516  0  4.50672e-07  3.7244  0  0  0  0  0  0  0  12.6453  0  0  0
0.0322576  0  4.49844e-07  3.49495  0  0  0  0  0  0  0  12.7164  0  0  0
0.0347104  0  4.49085e-07  3.28015  0  0  0  0  0  0  0  12.7944  0  0  0
0.0373157  0  4.48399e-07  3.08047  0  0  0  0  0  0  0  12.8788  0  0  0
0.0400785  0  4.47787e-07  2.8961  0  0  0  0  0  0  0  12.968  0  0  0
0.043004  0  4.47246e-07  2.727  0  0  0  0  0  0  0  13.0601  0  0  0
0.0460967  0  4.46771e-07  2.57294  0  0  0  0  0  0  0  13.1524  0  0  0
0.0493609  0  4.46357e-07  2.4336  0  0  0  0  0  0  0  13.2422  0  0  0
0.0528007  0  4.45995e-07  2.30854  0  0  0  0  0  0  0  13.3266  0  0  0
0.0564196  0  4.4568e-07  2.19724  0  0  0  0  0  0  0  13.4029  0  0  0
0.0602206  0  4.45404e-07  2.09918  0  0  0  0  0  0  0  13.4682  0  0  0
0.0642064  0  4.45162e-07  2.01375  0  0  0  0  0  0  0  13.5202  0  0  0
0.0683793  0  4.44947e-07  1.94037  0  0  0  0  0  0  0  13.5565  0  0  0
0.072741  0  4.44755e-07  1.87839  0  0  0  0  0  0  0  13.5753  0  0  0
0.0772927  0  4.4458e-07  1.82717  0  0  0  0  0  0  0  13.5749  0  0  0
0.0820352  0  4.44419e-07  1.78603  0  0  0  0  0  0  0  13.5537  0  0  0
0.0869689  0  4.44268e-07  1.75425  0  0  0  0  0  0  0  13.5106  0  0  0
0.0920937  0  4.44125e-07  1.73105  0  0  0  0  0  0  0  13.4447  0  0  0
0.097409  0  4.43986e-07  1.71561  0  0  0  0  0  0  0  13.355  0  0  0
0.102914  0  4.4385e-07  1.70697  0  0  0  0  0  0  0  13.241  0  0  0
0.108607  0  4.43714e-07  1.70411  0  0  0  0  0  0  0  13.102  0  0  0
0.114487  0  4.43577e-07  1.70585  0  0  0  0  0  0  0  12.9376  0  0  0
0.120552  0  4.43437e-07  1.71084  0  0  0  0  0  0  0  12.7472  0  0  0
0.126799  0  4.43292e-07  1.71761  0  0  0  0  0  0  0  12.5304  0  0  0
0.133226  0  4.43142e-07  1.72447  0  0  0  0  0  0  0  12.2868  0  0  0
0.13983  0  4.42983e-07  1.7296  0  0  0  0  0  0  0  12.016  0  0  0
0.146608  0  4.42816e-07  1.73107  0  0  0  0  0  0  0  11.7176  0  0  0
0.153557  0  4.42639e-07  1.72683  0  0  0  0  0  0  0  11.3915  0  0  0
0.160674  0  4.42451e-07  1.71489  0  0  0  0  0  0  0  11.0377  0  0  0
0.167955  0  4.42251e-07  1.69332  0  0  0  0  0  0  0  10.6564  0  0  0
0.175396  0  4.42037e-07  1.66046  0  0  0  0  0  0  0  10.2484  0  0  0
0.182995  0  4.4181e-07  1.61501  0  0  0  0  0  0  0  9.81502  0  0  0
0.190747  0  4.4157e-07  1.55614  0  0  0  0  0  0  0  9.35802  0  0  0
0.198649  0  4.41316e-07  1.48366  0  0  0  0  0  0  0  8.87998  0  0  0
0.206698  0  4.41049e-07  1.39809  0  0  0  0  0  0  0  8.38421  0  0  0
0.214888  0  4.40769e-07  1.30064  0  0  0  0  0  0  0  7.87467  0  0  0
0.223217  0  4.4048e-07  1.19323  0  0  0  0  0  0  0  7.35591  0  0  0
0.231682  0  4.40182e-07  1.07837  0  0  0  0  0  0  0  6.83295  0  0  0
0.240277  0  4.39877e-07  0.958999  0  0  0  0  0  0  0  6.311  0  0  0
0.249001  0  4.3957e-07  0.838301  0  0  0  0  0  0  0  5.79529  0  0  0
0.257849  0  4.39263e-07  0.719458  0  0  0  0  0  0  0  5.2908  0  0  0
0.266818  0  4.38958e-07  0.605444  0  0  0  0  0  0  0  4.80203  0  0  0
0.275904  0  4.38661e-07  0.49885  0  0  0  0  0  0  0  4.33285  0  0  0
0.285104  0  4.38373e-07  0.401724  0  0  0  0  0  0  0  3.88637  0  0  0
0.294416  0  4.38098e-07  0.315506  0  0  0  0  0  0  0  3.46488  0  0  0
0.303834  0  4.3784e-07  0.240996  0  0  0  0  0  0  0  3.06988  0  0  0
0.313358  0  4.376e-07  0.178388  0  0  0  0  0  0  0  2.70212  0  0  0
0.322983  0  4.37382e-07  0.127339  0  0  0  0  0  0  0  2.36175  0  0  0
0.332707  0  4.37187e-07  0.0870693  0  0  0  0  0  0  0  2.04841  0  0  0
0.342526  0  4.37017e-07  0.0564733  0  0  0  0  0  0  0  1.76136  0  0  0
0.352439  0  4.36874e-07  0.0342349  0  0  0  0  0  0  0  1.49967  0  0  0
0.362442  0  4.36759e-07  0.0189353  0  0  0  0  0  0  0  1.26226  0  0  0
0.372533  0  4.36674e-07  0.00914902  0  0  0  0  0  0  0  1.04809  0  0  0
0.382709  0  4.36618e-07  0.00352019  0  0  0  0  0  0  0  0.85613  0  0  0
0.392967  0  4.36593e-07  0.000825158  0  0  0  0  0  0  0  0.685494  0  0  0
0.403306  0  4.36599e-07  1.45779e-05  0  0  0  0  0  0  0  0.535421  0  0  0
0.413723  0  4.36637e-07  0.000240044  0  0  0  0  0  0  0  0.405287  0  0  0
0.424216  0  4.36706e-07  0.000864608  0  0  0  0  0  0  0  0.294573  0  0  0
0.434783  0  4.36806e-07  0.00145975  0  0  0  0  0  0  0  0.20281  0  0  0
0.445422  0  4.36935e-07  0.00178936  0  0  0  0  0  0  0  0.1295  0  0  0
0.45613  0  4.37093e-07  0.00178185  0  0  0  0  0  0  0  0.0739791  0  0  0
0.466905  0  4.37275e-07  0.00149122  0  0  0  0  0  0  0  0.0352579  0  0  0
0.477747  0  4.37478e-07  0.00104808  0  0  0  0  0  0  0  0.01181  0  0  0
0.488653  0  4.37694e-07  0.000602823  0  0  0  0  0  0  0  0.00134625  0  0  0
0.499621  0  4.37915e-07  0.000270262  0  0  0  0  0  0  0  0.000656848  0  0  0
0.510649  0  4.38131e-07  9.02905e-05  0  0  0  0  0  0  0  0.00566812  0  0  0
0.521736  0  4.3833e-07  2.74641e-05  0  0  0  0  0  0  0  0.0119214  0  0  0
0.532881  0  4.38504e-07  2.41665e-05  0  0  0  0  0  0  0  0.0155907  0  0  0
0.544082  0  4.3865e-07  8.35464e-05  0  0  0  0  0  0  0  0.0147709  0  0  0
0.555337  0  4.38777e-07  0.000306017  0  0  0  0  0  0  0  0.0102242  0  0  0
0.566644  0  4.38905e-07  0.000806356  0  0  0  0  0  0  0  0.00469522  0  0  0
0.578004  0  4.3906e-07  0.00155733  0  0  0  0  0  0  0  0.00094735  0  0  0
0.589413  0  4.39271e-07  0.00232574  0  0  0  0  0  0  0  2.38989e-05  0  0  0
0.600872  0  4.39557e-07  0.00279606  0  0  0  0  0  0  0  0.0010884  0  0  0
0.612378  0  4.39927e-07  0.00277132  0  0  0  0  0  0  0  0.00257465  0  0  0
0.62393  0  4.40376e-07  0.00227656  0  0  0  0  0  0  0  0.00335099  0  0  0
0.635528  0  4.40896e-07  0.00151489  0  0  0  0  0  0  0  0.00312239  0  0  0
0.64717  0  4.4147e-07  0.000750031  0  0  0  0  0  0  0  0.00220181  0  0  0
0.658855  0  4.42084e-07  0.000203169  0  0  0  0  0  0  0  0.00111126  0  0  0
0.670582  0  4.42723e-07  3.03085e-07  0  0  0  0  0  0  0  0.000294599  0  0  0
0.68235  0  4.43373e-07  0.000165588  0  0  0  0  0  0  0  2.78939e-09  0  0  0
0.694158  0  4.44023e-07  0.000641598  0  0  0  0  0  0  0  0.000280813  0  0  0
0.706005  0  4.44662e-07  0.00131912  0  0  0  0  0  0  0  0.00104804  0  0  0
0.71789  0  4.45283e-07  0.00206707  0  0  0  0  0  0  0  0.00213271  0  0  0
0.729812  0  4.45877e-07  0.00275766  0  0  0  0  0  0  0  0.00333886  0  0  0
0.741771  0  4.46439e-07  0.00328351  0  0  0  0  0  0  0  0.00447883  0  0  0
0.753765  0  4.46965e-07  0.00357137  0  0  0  0  0  0  0  0.00539849  0  0  0
0.765793  0  4.47451e-07  0.00358608  0  0  0  0  0  0  0  0.0059872  0  0  0
0.777856  0  4.47896e-07  0.00333329  0  0  0  0  0  0  0  0.00618428  0  0  0
0.789952  0  4.48298e-07  0.00285552  0  0  0  0  0  0  0  0.00597878  0  0  0
0.80208  0  4.48655e-07  0.00222477  0  0  0  0  0  0  0  0.0054052  0  0  0
0.814239  0  4.48969e-07  0.00153384  0  0  0  0  0  0  0  0.00453957  0  0  0
0.82643  0  4.49239e-07  0.000882529  0  0  0  0  0  0  0  0.00348812  0  0  0
0.838651  0  4.49467e-07  0.000366478  0  0  0  0  0  0  0  0.00238116  0  0  0
0.850901  0  4.49651e-07  6.20351e-05  0  0  0  0  0  0  0  0.00135867  0  0  0
0.863181  0  4.49794e-07  1.3219e-05  0  0  0  0  0  0  0  0.000555449  0  0  0
0.875488  0  4.49896e-07  0.000220975  0  0  0  0  0  0  0  8.66232e-05  0  0  0
0.887824  0  4.49956e-07  0.000635702  0  0  0  0  0  0  0  2.98859e-05  0  0  0
0.900186  0  4.49974e-07  0.00115654  0  0  0  0  0  0  0  0.000408961  0  0  0
0.912576  0  4.49949e-07  0.00163991  0  0  0  0  0  0  0  0.00117968  0  0  0
0.924991  0  4.4988e-07  0.00192174  0  0  0  0  0  0  0  0.00222152  0  0  0
0.937432  0  4.49765e-07  0.00185766  0  0  0  0  0  0  0  0.00333831  0  0  0
0.949897  0  4.49601e-07  0.00138823  0  0  0  0  0  0  0  0.00427529  0  0  0
0.962388  0  4.49385e-07  0.000634492  0  0  0  0  0  0  0  0.00475575  0  0  0
0.974902  0  4.49112e-07  3.22206e-05  0  0  0  0  0  0  0  0.00454694  0  0  0
0.987439  0  4.4878e-07  0.000510457  0  0  0  0  0  0  0  0.00355776  0  0  0
1  0  4.48383e-07  0.00372125  0  0  0  0  0  0  0  0.00197437  0  0  0
