1e-05  0  0  10.8684  0  0  0  0  0  0  0  3.03273  0  0  0
1.09199e-05  0  0  10.7922  0  0  0  0  0  0  0  3.0591  0  0  0
1.19243e-05  0  0  10.7158  0  0  0  0  0  0  0  3.08579  0  0  0
1.30212e-05  0  0  10.6391  0  0  0  0  0  0  0  3.11282  0  0  0
1.4219e-05  0  0  10.5621  0  0  0  0  0  0  0  3.14018  0  0  0
1.55269e-05  0  0  10.4847  0  0  0  0  0  0  0  3.16788  0  0  0
1.69551e-05  0  0  10.4071  0  0  0  0  0  0  0  3.19593  0  0  0
1.85147e-05  0  0  10.3292  0  0  0  0  0  0  0  3.22432  0  0  0
2.02177e-05  0  0  10.2509  0  0  0  0  0  0  0  3.25307  0  0  0
2.20773e-05  0  0  10.1724  0  0  0  0  0  0  0  3.28218  0  0  0
2.4108e-05  0  0  10.0935  0  0  0  0  0  0  0  3.31166  0  0  0
2.63254e-05  0  0  10.0144  0  0  0  0  0  0  0  3.3415  0  0  0
2.87468e-05  0  0  9.93497  0  0  0  0  0  0  0  3.37172  0  0  0
3.13908e-05  0  0  9.85525  0  0  0  0  0  0  0  3.40232  0  0  0
3.42779e-05  0  0  9.77523  0  0  0  0  0  0  0  3.43331  0  0  0
3.74305e-05  0  0  9.69493  0  0  0  0  0  0  0  3.46469  0  0  0
4.0873e-05  0  0  9.61436  0  0  0  0  0  0  0  3.49647  0  0  0
4.4632e-05  0  0  9.53348  0  0  0  0  0  0  0  3.52865  0  0  0
4.87366e-05  0  0  9.45234  0  0  0  0  0  0  0  3.56124  0  0  0
5.32186e-05  0  0  9.37092  0  0  0  0  0  0  0  3.59424  0  0  0
5.81127e-05  0  0  9.28922  0  0  0  0  0  0  0  3.62766  0  0  0
6.34566e-05  0  0  9.20723  0  0  0  0  0  0  0  3.66152  0  0  0
6.92917e-05  0  0  9.125  0  0  0  0  0  0  0  3.6958  0  0  0
7.56631e-05  0  0  9.0425  0  0  0  0  0  0  0  3.73052  0  0  0
8.26202e-05  0  0  8.95973  0  0  0  0  0  0  0  3.76569  0  0  0
9.02165e-05  0  0  8.87671  0  0  0  0  0  0  0  3.80131  0  0  0
9.85109e-05  0  0  8.79342  0  0  0  0  0  0  0  3.83739  0  0  0
0.000107567  0  0  8.70989  0  0  0  0  0  0  0  3.87394  0  0  0
0.000117456  0  0  8.62611  0  0  0  0  0  0  0  3.91095  0  0  0
0.000128253  0  0  8.54207  0  0  0  0  0  0  0  3.94846  0  0  0
0.000140041  0  0  8.4578  0  0  0  0  0  0  0  3.98644  0  0  0
0.000152912  0  0  8.37331  0  0  0  0  0  0  0  4.02492  0  0  0
0.000166965  0  0  8.28858  0  0  0  0  0  0  0  4.0639  0  0  0
0.000182307  0  0  8.20362  0  0  0  0  0  0  0  4.10339  0  0  0
0.000199058  0  0  8.11844  0  0  0  0  0  0  0  4.1434  0  0  0
0.000217347  0  0  8.03304  0  0  0  0  0  0  0  4.18394  0  0  0
0.000237312  0  0  7.94742  0  0  0  0  0  0  0  4.22503  0  0  0
0.00025911  0  0  7.86161  0  0  0  0  0  0  0  4.26666  0  0  0
0.000282906  0  0  7.7756  0  0  0  0  0  0  0  4.30885  0  0  0
0.000308883  0  0  7.6894  0  0  0  0  0  0  0  4.35163  0  0  0
0.00033724  0  0  7.60303  0  0  0  0  0  0  0  4.39501  0  0  0
0.000368196  0  0  7.5165  0  0  0  0  0  0  0  4.439  0  0  0
0.000401985  0  0  7.42983  0  0  0  0  0  0  0  4.48366  0  0  0
0.000438868  0  0  7.34304  0  0  0  0  0  0  0  4.52901  0  0  0
0.000479125  0  0  7.2562  0  0  0  0  0  0  0  4.57513  0  0  0
0.000523063  0  0  7.16932  0  0  0  0  0  0  0  4.6221  0  0  0
0.000571017  0  0  7.08254  0  0  0  0  0  0  0  4.67004  0  0  0
0.000623351  0  0  6.99595  0  0  0  0  0  0  0  4.71914  0  0  0
0.000680461  0  0  6.90974  0  0  0  0  0  0  0  4.76967  0  0  0
0.000742781  0  0  6.82414  0  0  0  0  0  0  0  4.82201  0  0  0
0.000810781  0  0  6.73954  0  0  0  0  0  0  0  4.87675  0  0  0
0.000884973  0  0  6.6565  0  0  0  0  0  0  0  4.93473  0  0  0
0.000965915  0  0  6.5758  0  0  0  0  0  0  0  4.99719  0  0  0
0.00105421  0  0  6.49857  0  0  0  0  0  0  0  5.06593  0  0  0
0.00115053  0  0  6.42643  0  0  0  0  0  0  0  5.14356  0  0  0
0.00125558  0  0  6.36161  0  0  0  0  0  0  0  5.23379  0  0  0
0.00137014  0  0  6.30721  0  0  0  0  0  0  0  5.34177  0  0  0
0.00149506  0  0  6.26723  0  0  0  0  0  0  0  5.47443  0  0  0
0.00163126  0  0  6.24662  0  0  0  0  0  0  0  5.64066  0  0  0
0.00177974  0  0  6.25093  0  0  0  0  0  0  0  5.85094  0  0  0
0.00194158  0  0  6.28537  0  0  0  0  0  0  0  6.11601  0  0  0
0.00211795  0  0  6.35317  0  0  0  0  0  0  0  6.4442  0  0  0
0.00231012  0  0  6.45323  0  0  0  0  0  0  0  6.83725  0  0  0
0.00251947  0  0  6.5783  0  0  0  0  0  0  0  7.28634  0  0  0
0.00274748  0  0  6.71492  0  0  0  0  0  0  0  7.7706  0  0  0
0.00299576  0  0  6.84608  0  0  0  0  0  0  0  8.26075  0  0  0
0.00326605  0  0  6.95583  0  0  0  0  0  0  0  8.72696  0  0  0
0.00356021  0  0  7.03336  0  0  0  0  0  0  0  9.14689  0  0  0
0.00388027  0  0  7.07448  0  0  0  0  0  0  0  9.50961  0  0  0
0.00422838  0  0  7.08055  0  0  0  0  0  0  0  9.81468  0  0  0
0.00460689  0  0  7.05626  0  0  0  0  0  0  0  10.0686  0  0  0
0.00501829  0  0  7.00743  0  0  0  0  0  0  0  10.2806  0  0  0
0.00546526  0  0  6.93969  0  0  0  0  0  0  0  10.4605  0  0  0
0.00595067  0  0  6.85772  0  0  0  0  0  0  0  10.6167  0  0  0
0.00647757  0  0  6.76521  0  0  0  0  0  0  0  10.7561  0  0  0
0.00704924  0  0  6.66484  0  0  0  0  0  0  0  10.8837  0  0  0
0.00766915  0  0  6.55856  0  0  0  0  0  0  0  11.0035  0  0  0
0.00834097  0  0  6.44765  0  0  0  0  0  0  0  11.1181  0  0  0
0.0090686  0  0  6.33295  0  0  0  0  0  0  0  11.2295  0  0  0
0.00985616  0  0  6.21498  0  0  0  0  0  0  0  11.339  0  0  0
0.010708  0  0  6.094  0  0  0  0  0  0  0  11.4475  0  0  0
0.0116286  0  0  5.97009  0  0  0  0  0  0  0  11.5556  0  0  0
0.0126229  0  0  5.84321  0  0  0  0  0  0  0  11.6635  0  0  0
0.0136956  0  0  5.71322  0  0  0  0  0  0  0  11.7715  0  0  0
0.0148521  0  0  5.57987  0  0  0  0  0  0  0  11.8794  0  0  0
0.0160977  0  0  5.44287  0  0  0  0  0  0  0  11.9871  0  0  0
0.0174377  0  0  5.3019  0  0  0  0  0  0  0  12.0944  0  0  0
0.0188781  0  0  5.15657  0  0  0  0  0  0  0  12.201  0  0  0
0.0204243  0  0  5.00649  0  0  0  0  0  0  0  12.3063  0  0  0
0.0220824  0  0  4.85132  0  0  0  0  0  0  0  12.4099  0  0  0
0.0238583  0  0  4.69072  0  0  0  0  0  0  0  12.5111  0  0  0
0.0257578  0  0  4.52444  0  0  0  0  0  0  0  12.6093  0  0  0
0.027787  0  0  4.35236  0  0  0  0  0  0  0  12.7037  0  0  0
0.0299516  0  0  4.17463  0  0  0  0  0  0  0  12.7937  0  0  0
0.0322576  0  0  3.99167  0  0  0  0  0  0  0  12.8785  0  0  0
0.0347104  0  0  3.80435  0  0  0  0  0  0  0  12.9577  0  0  0
0.0373157  0  0  3.61413  0  0  0  0  0  0  0  13.0309  0  0  0
0.0400785  0  0  3.42302  0  0  0  0  0  0  0  13.098  0  0  0
0.043004  0  0  3.23375  0  0  0  0  0  0  0  13.1596  0  0  0
0.0460967  0  0  3.04948  0  0  0  0  0  0  0  13.2162  0  0  0
0.0493609  0  0  2.87353  0  0  0  0  0  0  0  13.2687  0  0  0
0.0528007  0  0  2.70876  0  0  0  0  0  0  0  13.318  0  0  0
0.0564196  0  0  2.55694  0  0  0  0  0  0  0  13.3644  0  0  0
0.0602206  0  0  2.41809  0  0  0  0  0  0  0  13.4074  0  0  0
0.0642064  0  0  2.29008  0  0  0  0  0  0  0  13.4446  0  0  0
0.0683793  0  0  2.16866  0  0  0  0  0  0  0  13.4724  0  0  0
0.072741  0  0  2.04817  0  0  0  0  0  0  0  13.4856  0  0  0
0.0772927  0  0  1.92291  0  0  0  0  0  0  0  13.4785  0  0  0
0.0820352  0  0  1.78875  0  0  0  0  0  0  0  13.4455  0  0  0
0.0869689  0  0  1.64471  0  0  0  0  0  0  0  13.3828  0  0  0
0.0920937  0  0  1.49364  0  0  0  0  0  0  0  13.289  0  0  0
0.097409  0  0  1.34182  0  0  0  0  0  0  0  13.1652  0  0  0
0.102914  0  0  1.19751  0  0  0  0  0  0  0  13.0147  0  0  0
0.108607  0  0  1.06896  0  0  0  0  0  0  0  12.8421  0  0  0
0.114487  0  0  0.962921  0  0  0  0  0  0  0  12.6517  0  0  0
0.120552  0  0  0.883881  0  0  0  0  0  0  0  12.447  0  0  0
0.126799  0  0  0.83423  0  0  0  0  0  0  0  12.2297  0  0  0
0.133226  0  0  0.814977  0  0  0  0  0  0  0  11.9993  0  0  0
0.13983  0  0  0.826548  0  0  0  0  0  0  0  11.7539  0  0  0
0.146608  0  0  0.869418  0  0  0  0  0  0  0  11.4906  0  0  0
0.153557  0  0  0.944263  0  0  0  0  0  0  0  11.2058  0  0  0
0.160674  0  0  1.05167  0  0  0  0  0  0  0  10.8962  0  0  0
0.167955  0  0  1.19144  0  0  0  0  0  0  0  10.5591  0  0  0
0.175396  0  0  1.36147  0  0  0  0  0  0  0  10.1929  0  0  0
0.182995  0  0  1.55629  0  0  0  0  0  0  0  9.79709  0  0  0
0.190747  0  0  1.76571  0  0  0  0  0  0  0  9.37248  0  0  0
0.198649  0  0  1.97367  0  0  0  0  0  0  0  8.9213  0  0  0
0.206698  0  0  2.15821  0  0  0  0  0  0  0  8.44707  0  0  0
0.214888  0  0  2.29308  0  0  0  0  0  0  0  7.95438  0  0  0
0.223217  0  0  2.35143  0  0  0  0  0  0  0  7.44855  0  0  0
0.231682  0  0  2.31162  0  0  0  0  0  0  0  6.93532  0  0  0
0.240277  0  0  2.16375  0  0  0  0  0  0  0  6.42032  0  0  0
0.249001  0  0  1.91483  0  0  0  0  0  0  0  5.9087  0  0  0
0.257849  0  0  1.59004  0  0  0  0  0  0  0  5.40489  0  0  0
0.266818  0  0  1.22846  0  0  0  0  0  0  0  4.91264  0  0  0
0.275904  0  0  0.874124  0  0  0  0  0  0  0  4.43509  0  0  0
0.285104  0  0  0.565139  0  0  0  0  0  0  0  3.97512  0  0  0
0.294416  0  0  0.325373  0  0  0  0  0  0  0  3.53565  0  0  0
0.303834  0  0  0.161275  0  0  0  0  0  0  0  3.11971  0  0  0
0.313358  0  0  0.0644021  0  0  0  0  0  0  0  2.73038  0  0  0
0.322983  0  0  0.0175836  0  0  0  0  0  0  0  2.37049  0  0  0
0.332707  0  0  0.00165352  0  0  0  0  0  0  0  2.04224  0  0  0
0.342526  0  0  0.000494217  0  0  0  0  0  0  0  1.74681  0  0  0
0.352439  0  0  0.00341919  0  0  0  0  0  0  0  1.48408  0  0  0
0.362442  0  0  0.00519068  0  0  0  0  0  0  0  1.25256  0  0  0
0.372533  0  0  0.00460731  0  0  0  0  0  0  0  1.0494  0  0  0
0.382709  0  0  0.0026453  0  0  0  0  0  0  0  0.870641  0  0  0
0.392967  0  0  0.000801453  0  0  0  0  0  0  0  0.711618  0  0  0
0.403306  0  0  1.58569e-05  0  0  0  0  0  0  0  0.567677  0  0  0
0.413723  0  0  0.00027337  0  0  0  0  0  0  0  0.435331  0  0  0
0.424216  0  0  0.000854428  0  0  0  0  0  0  0  0.313782  0  0  0
0.434783  0  0  0.00102255  0  0  0  0  0  0  0  0.206068  0  0  0
0.445422  0  0  0.000640794  0  0  0  0  0  0  0  0.11828  0  0  0
0.45613  0  0  0.000156767  0  0  0  0  0  0  0  0.055916  0  0  0
0.466905  0  0  2.75082e-06  0  0  0  0  0  0  0  0.0195064  0  0  0
0.477747  0  0  0.000170442  0  0  0  0  0  0  0  0.00361105  0  0  0
0.488653  0  0  0.000381549  0  0  0  0  0  0  0  3.4957e-07  0  0  0
0.499621  0  0  0.000443237  0  0  0  0  0  0  0  0.0015778  0  0  0
0.510649  0  0  0.000353943  0  0  0  0  0  0  0  0.00409141  0  0  0
0.521736  0  0  0.000206873  0  0  0  0  0  0  0  0.00576184  0  0  0
0.532881  0  0  8.28852e-05  0  0  0  0  0  0  0  0.00624253  0  0  0
0.544082  0  0  1.54541e-05  0  0  0  0  0  0  0  0.00578285  0  0  0
0.555337  0  0  3.05295e-07  0  0  0  0  0  0  0  0.00477341  0  0  0
0.566644  0  0  1.68038e-05  0  0  0  0  0  0  0  0.003558  0  0  0
0.578004  0  0  4.39925e-05  0  0  0  0  0  0  0  0.00238108  0  0  0
0.589413  0  0  6.76971e-05  0  0  0  0  0  0  0  0.00139125  0  0  0
0.600872  0  0  8.0851e-05  0  0  0  0  0  0  0  0.000661025  0  0  0
0.612378  0  0  8.27225e-05  0  0  0  0  0  0  0  0.000208319  0  0  0
0.62393  0  0  7.56633e-05  0  0  0  0  0  0  0  1.41564e-05  0  0  0
0.635528  0  0  6.34407e-05  0  0  0  0  0  0  0  3.69666e-05  0  0  0
0.64717  0  0  4.90914e-05  0  0  0  0  0  0  0  0.00022312  0  0  0
0.658855  0  0  3.55726e-05  0  0  0  0  0  0  0  0.000514638  0  0  0
0.670582  0  0  2.41525e-05  0  0  0  0  0  0  0  0.000855349  0  0  0
0.68235  0  0  1.53698e-05  0  0  0  0  0  0  0  0.00119452  0  0  0
0.694158  0  0  9.30013e-06  0  0  0  0  0  0  0  0.00148995  0  0  0
0.706005  0  0  5.33793e-06  0  0  0  0  0  0  0  0.00170925  0  0  0
0.71789  0  0  2.94922e-06  0  0  0  0  0  0  0  0.00183156  0  0  0
0.729812  0  0  1.63522e-06  0  0  0  0  0  0  0  0.00184679  0  0  0
0.741771  0  0  9.40218e-07  0  0  0  0  0  0  0  0.0017559  0  0  0
0.753765  0  0  5.71755e-07  0  0  0  0  0  0  0  0.00156966  0  0  0
0.765793  0  0  3.85593e-07  0  0  0  0  0  0  0  0.00130791  0  0  0
0.777856  0  0  2.77755e-07  0  0  0  0  0  0  0  0.000998282  0  0  0
0.789952  0  0  1.81827e-07  0  0  0  0  0  0  0  0.000674137  0  0  0
0.80208  0  0  8.67692e-08  0  0  0  0  0  0  0  0.000373768  0  0  0
0.814239  0  0  6.19025e-09  0  0  0  0  0  0  0  0.000138482  0  0  0
0.82643  0  0  5.21688e-08  0  0  0  0  0  0  0  1.11265e-05  0  0  0
0.838651  0  0  4.19469e-07  0  0  0  0  0  0  0  3.4769e-05  0  0  0
0.850901  0  0  1.42251e-06  0  0  0  0  0  0  0  0.000251487  0  0  0
0.863181  0  0  3.40843e-06  0  0  0  0  0  0  0  0.000701096  0  0  0
0.875488  0  0  6.68188e-06  0  0  0  0  0  0  0  0.00142048  0  0  0
0.887824  0  0  1.13974e-05  0  0  0  0  0  0  0  0.00244273  0  0  0
0.900186  0  0  1.71092e-05  0  0  0  0  0  0  0  0.00379651  0  0  0
0.912576  0  0  2.28455e-05  0  0  0  0  0  0  0  0.00550607  0  0  0
0.924991  0  0  2.69325e-05  0  0  0  0  0  0  0  0.00759057  0  0  0
0.937432  0  0  2.73112e-05  0  0  0  0  0  0  0  0.0100647  0  0  0
0.949897  0  0  2.21433e-05  0  0  0  0  0  0  0  0.0129387  0  0  0
0.962388  0  0  1.17413e-05  0  0  0  0  0  0  0  0.0162181  0  0  0
0.974902  0  0  1.31186e-06  0  0  0  0  0  0  0  0.0199056  0  0  0
0.987439  0  0  5.71337e-06  0  0  0  0  0  0  0  0.0240021  0  0  0
1  0  0  5.52025e-05  0  0  0  0  0  0  0  0.0285095  0  0  0
