1e-05  0  -0.00186775  -0.0216143  0  0  0  0  0  0  0  23.6671  0  0  0
1.09199e-05  0  -0.00186774  -0.0216143  0  0  0  0  0  0  0  23.6671  0  0  0
1.19243e-05  0  -0.00186774  -0.0216142  0  0  0  0  0  0  0  23.6671  0  0  0
1.30212e-05  0  -0.00186774  -0.0216142  0  0  0  0  0  0  0  23.6671  0  0  0
1.4219e-05  0  -0.00186773  -0.0216142  0  0  0  0  0  0  0  23.667  0  0  0
1.55269e-05  0  -0.00186773  -0.0216141  0  0  0  0  0  0  0  23.667  0  0  0
1.69551e-05  0  -0.00186772  -0.0216141  0  0  0  0  0  0  0  23.667  0  0  0
1.85147e-05  0  -0.00186771  -0.021614  0  0  0  0  0  0  0  23.6669  0  0  0
2.02177e-05  0  -0.0018677  -0.0216139  0  0  0  0  0  0  0  23.6669  0  0  0
2.20773e-05  0  -0.00186769  -0.0216138  0  0  0  0  0  0  0  23.6668  0  0  0
2.4108e-05  0  -0.00186767  -0.0216136  0  0  0  0  0  0  0  23.6667  0  0  0
2.63254e-05  0  -0.00186765  -0.0216135  0  0  0  0  0  0  0  23.6666  0  0  0
2.87468e-05  0  -0.00186763  -0.0216133  0  0  0  0  0  0  0  23.6665  0  0  0
3.13908e-05  0  -0.0018676  -0.021613  0  0  0  0  0  0  0  23.6663  0  0  0
3.42779e-05  0  -0.00186756  -0.0216127  0  0  0  0  0  0  0  23.6661  0  0  0
3.74305e-05  0  -0.00186752  -0.0216123  0  0  0  0  0  0  0  23.6659  0  0  0
4.0873e-05  0  -0.00186746  -0.0216119  0  0  0  0  0  0  0  23.6656  0  0  0
4.4632e-05  0  -0.00186739  -0.0216113  0  0  0  0  0  0  0  23.6653  0  0  0
4.87366e-05  0  -0.00186731  -0.0216106  0  0  0  0  0  0  0  23.6648  0  0  0
5.32186e-05  0  -0.0018672  -0.0216097  0  0  0  0  0  0  0  23.6643  0  0  0
5.81127e-05  0  -0.00186708  -0.0216087  0  0  0  0  0  0  0  23.6637  0  0  0
6.34566e-05  0  -0.00186692  -0.0216074  0  0  0  0  0  0  0  23.6629  0  0  0
6.92917e-05  0  -0.00186673  -0.0216058  0  0  0  0  0  0  0  23.6619  0  0  0
7.56631e-05  0  -0.00186649  -0.0216038  0  0  0  0  0  0  0  23.6607  0  0  0
8.26202e-05  0  -0.0018662  -0.0216014  0  0  0  0  0  0  0  23.6592  0  0  0
9.02165e-05  0  -0.00186584  -0.0215984  0  0  0  0  0  0  0  23.6574  0  0  0
9.85109e-05  0  -0.0018654  -0.0215948  0  0  0  0  0  0  0  23.6551  0  0  0
0.000107567  0  -0.00186486  -0.0215904  0  0  0  0  0  0  0  23.6524  0  0  0
0.000117456  0  -0.0018642  -0.0215849  0  0  0  0  0  0  0  23.649  0  0  0
0.000128253  0  -0.00186338  -0.0215781  0  0  0  0  0  0  0  23.6449  0  0  0
0.000140041  0  -0.00186237  -0.0215699  0  0  0  0  0  0  0  23.6398  0  0  0
0.000152912  0  -0.00186113  -0.0215597  0  0  0  0  0  0  0  23.6335  0  0  0
0.000166965  0  -0.00185961  -0.0215473  0  0  0  0  0  0  0  23.6259  0  0  0
0.000182307  0  -0.00185774  -0.021532  0  0  0  0  0  0  0  23.6164  0  0  0
0.000199058  0  -0.00185544  -0.0215132  0  0  0  0  0  0  0  23.6049  0  0  0
0.000217347  0  -0.00185262  -0.0214902  0  0  0  0  0  0  0  23.5907  0  0  0
0.000237312  0  -0.00184916  -0.0214619  0  0  0  0  0  0  0  23.5732  0  0  0
0.00025911  0  -0.0018449  -0.0214272  0  0  0  0  0  0  0  23.5518  0  0  0
0.000282906  0  -0.00183968  -0.0213846  0  0  0  0  0  0  0  23.5256  0  0  0
0.000308883  0  -0.00183327  -0.0213325  0  0  0  0  0  0  0  23.4935  0  0  0
0.00033724  0  -0.00182541  -0.0212686  0  0  0  0  0  0  0  23.4541  0  0  0
0.000368196  0  -0.00181579  -0.0211904  0  0  0  0  0  0  0  23.4059  0  0  0
0.000401985  0  -0.00180402  -0.0210947  0  0  0  0  0  0  0  23.3469  0  0  0
0.000438868  0  -0.00178962  -0.0209778  0  0  0  0  0  0  0  23.2748  0  0  0
0.000479125  0  -0.00177205  -0.0208352  0  0  0  0  0  0  0  23.1869  0  0  0
0.000523063  0  -0.00175062  -0.0206615  0  0  0  0  0  0  0  23.0797  0  0  0
0.000571017  0  -0.00172456  -0.0204502  0  0  0  0  0  0  0  22.9494  0  0  0
0.000623351  0  -0.00169292  -0.0201938  0  0  0  0  0  0  0  22.7913  0  0  0
0.000680461  0  -0.00165463  -0.0198836  0  0  0  0  0  0  0  22.6  0  0  0
0.000742781  0  -0.00160845  -0.0195096  0  0  0  0  0  0  0  22.3693  0  0  0
0.000810781  0  -0.00155296  -0.0190604  0  0  0  0  0  0  0  22.0922  0  0  0
0.000884973  0  -0.00148662  -0.0185235  0  0  0  0  0  0  0  21.7611  0  0  0
0.000965915  0  -0.00140778  -0.0178854  0  0  0  0  0  0  0  21.3675  0  0  0
0.00105421  0  -0.00131471  -0.0171323  0  0  0  0  0  0  0  20.903  0  0  0
0.00115053  0  -0.00120573  -0.0162504  0  0  0  0  0  0  0  20.359  0  0  0
0.00125558  0  -0.0010793  -0.0152274  0  0  0  0  0  0  0  19.728  0  0  0
0.00137014  0  -0.000934239  -0.0140533  0  0  0  0  0  0  0  19.0038  0  0  0
0.00149506  0  -0.000769839  -0.0127224  0  0  0  0  0  0  0  18.1829  0  0  0
0.00163126  0  -0.000586124  -0.0112344  0  0  0  0  0  0  0  17.2651  0  0  0
0.00177974  0  -0.000384009  -0.00959639  0  0  0  0  0  0  0  16.2549  0  0  0
0.00194158  0  -0.000165428  -0.00782345  0  0  0  0  0  0  0  15.1615  0  0  0
0.00211795  0  6.66378e-05  -0.00593898  0  0  0  0  0  0  0  13.9995  0  0  0
0.00231012  0  0.0966089  -0.003974  0  0  0  0  0  0  0  12.788  0  0  0
0.00251947  0  0.343118  -0.00196516  0  0  0  0  0  0  0  11.5497  0  0  0
0.00274748  0  0.589497  4.79799e-05  0  0  0  0  0  0  0  10.3091  0  0  0
0.00299576  0  0.830753  0.00202623  0  0  0  0  0  0  0  9.09025  0  0  0
0.00326605  0  1.06232  0.00393395  0  0  0  0  0  0  0  7.91535  0  0  0
0.00356021  0  1.28041  0.00574172  0  0  0  0  0  0  0  6.80252  0  0  0
0.00388027  0  1.48217  0.00742809  0  0  0  0  0  0  0  5.76503  0  0  0
0.00422838  0  1.66583  0.00898009  0  0  0  0  0  0  0  4.81087  0  0  0
0.00460689  0  1.83061  0.010393  0  0  0  0  0  0  0  3.94291  0  0  0
0.00501829  0  1.9766  0.0116692  0  0  0  0  0  0  0  3.15957  0  0  0
0.00546526  0  2.10457  0.0128167  0  0  0  0  0  0  0  2.45567  0  0  0
0.00595067  0  2.21579  0.0138478  0  0  0  0  0  0  0  1.82333  0  0  0
0.00647757  0  2.31187  0.0147772  0  0  0  0  0  0  0  1.25284  0  0  0
0.00704924  0  2.39456  0.0156211  0  0  0  0  0  0  0  0.733293  0  0  0
0.00766915  0  2.46566  0.0163963  0  0  0  0  0  0  0  0.253057  0  0  0
0.00834097  0  2.52697  0.0171189  0  0  0  0  0  0  0  0.005988  0  0  0
0.0090686  0  2.5802  0.0178043  0  0  0  0  0  0  0  0.00554957  0  0  0
0.00985616  0  2.62697  0.0184662  0  0  0  0  0  0  0  0.00511258  0  0  0
0.010708  0  2.66878  0.0191164  0  0  0  0  0  0  0  0.00466293  0  0  0
0.0116286  0  2.70699  0.0197642  0  0  0  0  0  0  0  0.00418512  0  0  0
0.0126229  0  2.74284  0.0204151  0  0  0  0  0  0  0  0.00366157  0  0  0
0.0136956  0  2.77738  0.282509  0  0  0  0  0  0  0  0.00307193  0  0  0
0.0148521  0  2.81143  0.935702  0  0  0  0  0  0  0  0.00239225  0  0  0
0.0160977  0  2.84552  1.57369  0  0  0  0  0  0  0  0.00159437  0  0  0
0.0174377  0  2.87979  2.17319  0  0  0  0  0  0  0  0.000645712  0  0  0
0.0188781  0  2.91395  2.70072  0  0  0  0  0  0  0  -0.00048992  0  0  0
0.0204243  0  2.94731  3.11488  0  0  0  0  0  0  0  -0.00184983  0  0  0
0.0220824  0  2.97898  3.3729  0  0  0  0  0  0  0  -0.00346741  0  0  0
0.0238583  0  3.00842  3.44295  0  0  0  0  0  0  0  -0.00536432  0  0  0
0.0257578  0  3.036  3.31999  0  0  0  0  0  0  0  -0.0075409  0  0  0
0.027787  0  3.06355  3.03935  0  0  0  0  0  0  0  -0.00996797  0  0  0
0.0299516  0  3.09434  2.67786  0  0  0  0  0  0  0  -0.0125845  0  0  0
0.0322576  0  3.13213  2.337  0  0  0  0  0  0  0  -0.0153042  0  0  0
0.0347104  0  3.17979  2.11224  0  0  0  0  0  0  0  -0.0180307  0  0  0
0.0373157  0  3.23793  2.06352  0  0  0  0  0  0  0  -0.0206739  0  0  0
0.0400785  0  3.30459  2.20141  0  0  0  0  0  0  0  -0.0231629  0  0  0
0.043004  0  3.3758  2.49228  0  0  0  0  0  0  0  -0.025451  0  0  0
0.0460967  0  3.44673  2.87599  0  0  0  0  0  0  0  -0.0275146  0  0  0
0.0493609  0  3.5128  3.28546  0  0  0  0  0  0  0  -0.0293482  0  0  0
0.0528007  0  3.57045  3.66119  0  0  0  0  0  0  0  -0.0309591  0  0  0
0.0564196  0  3.6174  3.95876  0  0  0  0  0  0  0  -0.0323624  0  0  0
0.0602206  0  3.65262  4.15043  0  0  0  0  0  0  0  -0.0335772  0  0  0
0.0642064  0  3.67608  4.22298  0  0  0  0  0  0  0  -0.0346242  0  0  0
0.0683793  0  3.68839  4.17388  0  0  0  0  0  0  0  -0.0355238  0  0  0
0.072741  0  3.69054  4.00709  0  0  0  0  0  0  0  -0.0362949  0  0  0
0.0772927  0  3.68366  3.72944  0  0  0  0  0  0  0  -0.0369546  0  0  0
0.0820352  0  3.66879  3.34783  0  0  0  0  0  0  0  -0.0375178  0  0  0
0.0869689  0  3.64681  2.86725  0  0  0  0  0  0  0  -0.0379971  0  0  0
0.0920937  0  3.61836  2.2897  0  0  0  0  0  0  0  -0.0384031  0  0  0
0.097409  0  3.58384  1.6137  0  0  0  0  0  0  0  -0.0387446  0  0  0
0.102914  0  3.54336  0.834313  0  0  0  0  0  0  0  -0.0390284  0  0  0
0.108607  0  3.49686  0.0207309  0  0  0  0  0  0  0  -0.0392602  0  0  0
0.114487  0  3.44406  0.0197181  0  0  0  0  0  0  0  -0.0394445  0  0  0
0.120552  0  3.38454  0.0185712  0  0  0  0  0  0  0  -0.0395845  0  0  0
0.126799  0  3.31783  0.0172769  0  0  0  0  0  0  0  -0.0396828  0  0  0
0.133226  0  3.24341  0.0158225  0  0  0  0  0  0  0  -0.0397416  0  0  0
0.13983  0  3.16079  0.0141964  0  0  0  0  0  0  0  -0.0397624  0  0  0
0.146608  0  3.06959  0.0123899  0  0  0  0  0  0  0  -0.0397467  0  0  0
0.153557  0  2.96961  0.0103985  0  0  0  0  0  0  0  -0.039696  0  0  0
0.160674  0  2.86086  0.00822263  0  0  0  0  0  0  0  -0.0396117  0  0  0
0.167955  0  2.74365  0.00586962  0  0  0  0  0  0  0  -0.0394957  0  0  0
0.175396  0  2.61862  0.00335379  0  0  0  0  0  0  0  -0.0393502  0  0  0
0.182995  0  2.48673  0.000697007  0  0  0  0  0  0  0  -0.0391776  0  0  0
0.190747  0  2.34927  -0.00207184  0  0  0  0  0  0  0  -0.0389809  0  0  0
0.198649  0  2.20778  -0.00491797  0  0  0  0  0  0  0  -0.0387635  0  0  0
0.206698  0  2.06399  -0.00780258  0  0  0  0  0  0  0  -0.0385285  0  0  0
0.214888  0  1.91968  -0.0106852  0  0  0  0  0  0  0  -0.0382793  0  0  0
0.223217  0  1.7766  -0.0135261  0  0  0  0  0  0  0  -0.0380189  0  0  0
0.231682  0  1.6363  -0.0162892  0  0  0  0  0  0  0  -0.0377497  0  0  0
0.240277  0  1.50007  -0.0189437  0  0  0  0  0  0  0  -0.0374736  0  0  0
0.249001  0  1.36884  -0.0214661  0  0  0  0  0  0  0  -0.0371915  0  0  0
0.257849  0  1.24317  -0.0238403  0  0  0  0  0  0  0  -0.0369034  0  0  0
0.266818  0  1.12322  -0.0260586  0  0  0  0  0  0  0  -0.0366083  0  0  0
0.275904  0  1.00877  -0.0281203  0  0  0  0  0  0  0  -0.0363045  0  0  0
0.285104  0  0.899307  -0.0300313  0  0  0  0  0  0  0  -0.0359891  0  0  0
0.294416  0  0.794011  -0.0318029  0  0  0  0  0  0  0  -0.0356587  0  0  0
0.303834  0  0.691864  -0.0334503  0  0  0  0  0  0  0  -0.0353093  0  0  0
0.313358  0  0.59169  -0.0349916  0  0  0  0  0  0  0  -0.0349361  0  0  0
0.322983  0  0.492217  -0.0364468  0  0  0  0  0  0  0  -0.034534  0  0  0
0.332707  0  0.392124  -0.0378365  0  0  0  0  0  0  0  -0.0340976  0  0  0
0.342526  0  0.290091  -0.0391816  0  0  0  0  0  0  0  -0.0336213  0  0  0
0.352439  0  0.18485  -0.0405025  0  0  0  0  0  0  0  -0.0330991  0  0  0
0.362442  0  0.0752251  -0.0418185  0  0  0  0  0  0  0  -0.032525  0  0  0
0.372533  0  0.000171823  -0.0431479  0  0  0  0  0  0  0  -0.0318926  0  0  0
0.382709  0  5.05122e-05  -0.044508  0  0  0  0  0  0  0  -0.0311949  0  0  0
0.392967  0  -7.76936e-05  -0.045915  0  0  0  0  0  0  0  -0.0304238  0  0  0
0.403306  0  -0.00021317  -0.0473854  0  0  0  0  0  0  0  -0.0295691  0  0  0
0.413723  0  -0.000356038  -0.048937  0  0  0  0  0  0  0  -0.0286165  0  0  0
0.424216  0  -0.000506188  -0.0505915  0  0  0  0  0  0  0  -0.0275456  0  0  0
0.434783  0  -0.000663346  -0.0523775  0  0  0  0  0  0  0  -0.0263266  0  0  0
0.445422  0  -0.000827158  -0.054333  0  0  0  0  0  0  0  -0.0249174  0  0  0
0.45613  0  -0.000997261  -0.056507  0  0  0  0  0  0  0  -0.0232632  0  0  0
0.466905  0  -0.00117326  -0.0589543  0  0  0  0  0  0  0  -0.0213015  0  0  0
0.477747  0  -0.00135448  -0.0617201  0  0  0  0  0  0  0  -0.018979  0  0  0
0.488653  0  -0.00153943  -0.0648123  0  0  0  0  0  0  0  -0.016281  0  0  0
0.499621  0  -0.00172524  -0.0681687  0  0  0  0  0  0  0  -0.0132659  0  0  0
0.510649  0  -0.00190733  -0.0716428  0  0  0  0  0  0  0  -0.0100803  0  0  0
0.521736  0  -0.00208014  -0.0750292  0  0  0  0  0  0  0  -0.00693314  0  0  0
0.532881  0  -0.00223851  -0.0781256  0  0  0  0  0  0  0  -0.00403152  0  0  0
0.544082  0  -0.00237903  -0.0807929  0  0  0  0  0  0  0  -0.00151831  0  0  0
0.555337  0  -0.00250057  -0.0829785  0  0  0  0  0  0  0  0.000552253  0  0  0
0.566644  0  -0.00260385  -0.0847014  0  0  0  0  0  0  0  0.00219897  0  0  0
0.578004  0  -0.00269072  -0.0860202  0  0  0  0  0  0  0  0.00348127  0  0  0
0.589413  0  -0.0027634  -0.0870061  0  0  0  0  0  0  0  0.00447083  0  0  0
0.600872  0  -0.00282417  -0.0877259  0  0  0  0  0  0  0  0.00523489  0  0  0
0.612378  0  -0.00287504  -0.0882358  0  0  0  0  0  0  0  0.00582942  0  0  0
0.62393  0  -0.00291781  -0.0885802  0  0  0  0  0  0  0  0.11024  0  0  0
0.635528  0  -0.00295398  -0.0887928  0  0  0  0  0  0  0  0.486508  0  0  0
0.64717  0  -0.00298482  -0.0888989  0  0  0  0  0  0  0  0.795007  0  0  0
0.658855  0  -0.00301142  -0.0889175  0  0  0  0  0  0  0  1.05418  0  0  0
0.670582  0  -0.00303467  -0.0888624  0  0  0  0  0  0  0  1.27785  0  0  0
0.68235  0  -0.00305534  -0.0887441  0  0  0  0  0  0  0  1.47644  0  0  0
0.694158  0  -0.00307406  -0.0885701  0  0  0  0  0  0  0  1.65795  0  0  0
0.706005  0  -0.00309137  -0.0883458  0  0  0  0  0  0  0  1.82859  0  0  0
0.71789  0  -0.0031077  -0.0880751  0  0  0  0  0  0  0  1.99327  0  0  0
0.729812  0  -0.00312342  -0.0877607  0  0  0  0  0  0  0  2.15592  0  0  0
0.741771  0  -0.00313884  -0.087404  0  0  0  0  0  0  0  2.31977  0  0  0
0.753765  0  -0.00315419  -0.0870058  0  0  0  0  0  0  0  2.48747  0  0  0
0.765793  0  -0.00316964  -0.086566  0  0  0  0  0  0  0  2.66128  0  0  0
0.777856  0  -0.00318532  -0.0860837  0  0  0  0  0  0  0  2.84307  0  0  0
0.789952  0  -0.00320128  -0.085557  0  0  0  0  0  0  0  3.03438  0  0  0
0.80208  0  -0.00321748  -0.0849828  0  0  0  0  0  0  0  3.23638  0  0  0
0.814239  0  -0.00323377  -0.0843558  0  0  0  0  0  0  0  3.44972  0  0  0
0.82643  0  -0.00324977  -0.0836672  0  0  0  0  0  0  0  3.67426  0  0  0
0.838651  0  -0.00326482  -0.0829024  0  0  0  0  0  0  0  3.90851  0  0  0
0.850901  0  -0.00327768  -0.0820363  0  0  0  0  0  0  0  4.14865  0  0  0
0.863181  0  -0.00328615  -0.0810255  0  0  0  0  0  0  0  4.38683  0  0  0
0.875488  0  -0.00328646  -0.0797956  0  0  0  0  0  0  0  4.60819  0  0  0
0.887824  0  -0.00327214  -0.0782205  0  0  0  0  0  0  0  4.7862  0  0  0
0.900186  0  -0.00323247  -0.0760902  0  0  0  0  0  0  0  4.87551  0  0  0
0.912576  0  -0.0031504  -0.0730713  0  0  0  0  0  0  0  4.80282  0  0  0
0.924991  0  -0.00300083  -0.0686727  0  0  0  0  0  0  0  4.4592  0  0  0
0.937432  0  -0.00275168  -0.0622662  0  0  0  0  0  0  0  3.70474  0  0  0
0.949897  0  -0.00237237  -0.0532542  0  0  0  0  0  0  0  2.40637  0  0  0
0.962388  0  -0.0018536  -0.0414569  0  0  0  0  0  0  0  0.525436  0  0  0
0.974902  0  -0.0012302  -0.0275633  0  0  0  0  0  0  0  0.00440758  0  0  0
0.987439  0  -0.000582361  -0.0131538  0  0  0  0  0  0  0  0.00203586  0  0  0
1  0  0  0  0  0  0  0  0  0  0  0  0  0  0
