1e-05  0  0.149396  2.92406  0  0  0  0  0  0  0  16.0384  0  0  0
1.09199e-05  0  0.145259  2.91269  0  0  0  0  0  0  0  16.0211  0  0  0
1.19243e-05  0  0.141035  2.90108  0  0  0  0  0  0  0  16.0035  0  0  0
1.30212e-05  0  0.136722  2.88922  0  0  0  0  0  0  0  15.9855  0  0  0
1.4219e-05  0  0.13232  2.87712  0  0  0  0  0  0  0  15.9671  0  0  0
1.55269e-05  0  0.127825  2.86478  0  0  0  0  0  0  0  15.9484  0  0  0
1.69551e-05  0  0.123237  2.85217  0  0  0  0  0  0  0  15.9292  0  0  0
1.85147e-05  0  0.118554  2.83931  0  0  0  0  0  0  0  15.9097  0  0  0
2.02177e-05  0  0.113774  2.82619  0  0  0  0  0  0  0  15.8898  0  0  0
2.20773e-05  0  0.108895  2.8128  0  0  0  0  0  0  0  15.8694  0  0  0
2.4108e-05  0  0.103916  2.79914  0  0  0  0  0  0  0  15.8487  0  0  0
2.63254e-05  0  0.0988353  2.7852  0  0  0  0  0  0  0  15.8275  0  0  0
2.87468e-05  0  0.0936503  2.77099  0  0  0  0  0  0  0  15.8059  0  0  0
3.13908e-05  0  0.0883598  2.75649  0  0  0  0  0  0  0  15.7839  0  0  0
3.42779e-05  0  0.0829619  2.7417  0  0  0  0  0  0  0  15.7615  0  0  0
3.74305e-05  0  0.077455  2.72662  0  0  0  0  0  0  0  15.7386  0  0  0
4.0873e-05  0  0.0718365  2.71124  0  0  0  0  0  0  0  15.7152  0  0  0
4.4632e-05  0  0.0661048  2.69557  0  0  0  0  0  0  0  15.6914  0  0  0
4.87366e-05  0  0.0602589  2.67958  0  0  0  0  0  0  0  15.6672  0  0  0
5.32186e-05  0  0.0542957  2.66329  0  0  0  0  0  0  0  15.6425  0  0  0
5.81127e-05  0  0.0482142  2.64669  0  0  0  0  0  0  0  15.6173  0  0  0
6.34566e-05  0  0.0420112  2.62976  0  0  0  0  0  0  0  15.5916  0  0  0
6.92917e-05  0  0.0356867  2.61252  0  0  0  0  0  0  0  15.5654  0  0  0
7.56631e-05  0  0.0292361  2.59495  0  0  0  0  0  0  0  15.5388  0  0  0
8.26202e-05  0  0.0226594  2.57706  0  0  0  0  0  0  0  15.5117  0  0  0
9.02165e-05  0  0.0159539  2.55884  0  0  0  0  0  0  0  15.484  0  0  0
9.85109e-05  0  0.00911711  2.54027  0  0  0  0  0  0  0  15.4559  0  0  0
0.000107567  0  0.00214743  2.52137  0  0  0  0  0  0  0  15.4272  0  0  0
0.000117456  0  -0.00495773  2.50213  0  0  0  0  0  0  0  15.398  0  0  0
0.000128253  0  -0.0121999  2.48255  0  0  0  0  0  0  0  15.3684  0  0  0
0.000140041  0  -0.0195812  2.46261  0  0  0  0  0  0  0  15.3382  0  0  0
0.000152912  0  -0.0271048  2.44233  0  0  0  0  0  0  0  15.3074  0  0  0
0.000166965  0  -0.0347726  2.4217  0  0  0  0  0  0  0  15.2762  0  0  0
0.000182307  0  -0.0425863  2.40072  0  0  0  0  0  0  0  15.2444  0  0  0
0.000199058  0  -0.0505485  2.37939  0  0  0  0  0  0  0  15.2122  0  0  0
0.000217347  0  -0.0586617  2.35771  0  0  0  0  0  0  0  15.1793  0  0  0
0.000237312  0  -0.0669296  2.33567  0  0  0  0  0  0  0  15.146  0  0  0
0.00025911  0  -0.0753522  2.31328  0  0  0  0  0  0  0  15.1122  0  0  0
0.000282906  0  -0.0839331  2.29055  0  0  0  0  0  0  0  15.0778  0  0  0
0.000308883  0  -0.0926754  2.26746  0  0  0  0  0  0  0  15.0429  0  0  0
0.00033724  0  -0.101581  2.24404  0  0  0  0  0  0  0  15.0076  0  0  0
0.000368196  0  -0.110653  2.22028  0  0  0  0  0  0  0  14.9717  0  0  0
0.000401985  0  -0.119892  2.19619  0  0  0  0  0  0  0  14.9354  0  0  0
0.000438868  0  -0.129303  2.17177  0  0  0  0  0  0  0  14.8986  0  0  0
0.000479125  0  -0.138889  2.14704  0  0  0  0  0  0  0  14.8613  0  0  0
0.000523063  0  -0.14865  2.12201  0  0  0  0  0  0  0  14.8237  0  0  0
0.000571017  0  -0.158591  2.09669  0  0  0  0  0  0  0  14.7856  0  0  0
0.000623351  0  -0.168714  2.0711  0  0  0  0  0  0  0  14.7471  0  0  0
0.000680461  0  -0.179022  2.04525  0  0  0  0  0  0  0  14.7083  0  0  0
0.000742781  0  -0.189518  2.01917  0  0  0  0  0  0  0  14.6693  0  0  0
0.000810781  0  -0.200204  1.99289  0  0  0  0  0  0  0  14.6299  0  0  0
0.000884973  0  -0.211084  1.96642  0  0  0  0  0  0  0  14.5903  0  0  0
0.000965915  0  -0.222159  1.93981  0  0  0  0  0  0  0  14.5506  0  0  0
0.00105421  0  -0.233434  1.91309  0  0  0  0  0  0  0  14.5108  0  0  0
0.00115053  0  -0.24491  1.88631  0  0  0  0  0  0  0  14.471  0  0  0
0.00125558  0  -0.256591  1.85952  0  0  0  0  0  0  0  14.4312  0  0  0
0.00137014  0  -0.268479  1.83277  0  0  0  0  0  0  0  14.3916  0  0  0
0.00149506  0  -0.280576  1.80613  0  0  0  0  0  0  0  14.3523  0  0  0
0.00163126  0  -0.292886  1.77966  0  0  0  0  0  0  0  14.3134  0  0  0
0.00177974  0  -0.30541  1.75346  0  0  0  0  0  0  0  14.275  0  0  0
0.00194158  0  -0.318151  1.72761  0  0  0  0  0  0  0  14.2373  0  0  0
0.00211795  0  -0.331111  1.70223  0  0  0  0  0  0  0  14.2005  0  0  0
0.00231012  0  -0.34429  1.67742  0  0  0  0  0  0  0  14.1647  0  0  0
0.00251947  0  -0.357693  1.65332  0  0  0  0  0  0  0  14.1302  0  0  0
0.00274748  0  -0.371319  1.63007  0  0  0  0  0  0  0  14.0972  0  0  0
0.00299576  0  -0.385169  1.60783  0  0  0  0  0  0  0  14.066  0  0  0
0.00326605  0  -0.399245  1.58679  0  0  0  0  0  0  0  14.0369  0  0  0
0.00356021  0  -0.413547  1.56713  0  0  0  0  0  0  0  14.0102  0  0  0
0.00388027  0  -0.428074  1.54908  0  0  0  0  0  0  0  13.9863  0  0  0
0.00422838  0  -0.442829  1.53287  0  0  0  0  0  0  0  13.9655  0  0  0
0.00460689  0  -0.45781  1.51877  0  0  0  0  0  0  0  13.9483  0  0  0
0.00501829  0  -0.473016  1.50705  0  0  0  0  0  0  0  13.9352  0  0  0
0.00546526  0  -0.488449  1.498  0  0  0  0  0  0  0  13.9266  0  0  0
0.00595067  0  -0.504108  1.49196  0  0  0  0  0  0  0  13.923  0  0  0
0.00647757  0  -0.519993  1.48924  0  0  0  0  0  0  0  13.9251  0  0  0
0.00704924  0  -0.536105  1.49022  0  0  0  0  0  0  0  13.9335  0  0  0
0.00766915  0  -0.552447  1.49526  0  0  0  0  0  0  0  13.9486  0  0  0
0.00834097  0  -0.569022  1.50473  0  0  0  0  0  0  0  13.9712  0  0  0
0.0090686  0  -0.585834  1.51901  0  0  0  0  0  0  0  14.0018  0  0  0
0.00985616  0  -0.602889  1.53847  0  0  0  0  0  0  0  14.0411  0  0  0
0.010708  0  -0.620193  1.56347  0  0  0  0  0  0  0  14.0896  0  0  0
0.0116286  0  -0.637751  1.59435  0  0  0  0  0  0  0  14.1479  0  0  0
0.0126229  0  -0.655564  1.6314  0  0  0  0  0  0  0  14.2164  0  0  0
0.0136956  0  -0.673614  1.67488  0  0  0  0  0  0  0  14.2954  0  0  0
0.0148521  0  -0.691852  1.72497  0  0  0  0  0  0  0  14.3848  0  0  0
0.0160977  0  -0.71016  1.78181  0  0  0  0  0  0  0  14.4844  0  0  0
0.0174377  0  -0.728287  1.8454  0  0  0  0  0  0  0  14.593  0  0  0
0.0188781  0  -0.745722  1.91567  0  0  0  0  0  0  0  14.7085  0  0  0
0.0204243  0  -0.761482  1.99244  0  0  0  0  0  0  0  14.8268  0  0  0
0.0220824  0  -0.773716  2.07541  0  0  0  0  0  0  0  14.9403  0  0  0
0.0238583  0  -0.779036  2.16419  0  0  0  0  0  0  0  15.0359  0  0  0
0.0257578  0  -0.771406  2.25832  0  0  0  0  0  0  0  15.0902  0  0  0
0.027787  0  -0.740441  2.35732  0  0  0  0  0  0  0  15.0643  0  0  0
0.0299516  0  -0.669139  2.46073  0  0  0  0  0  0  0  14.8948  0  0  0
0.0322576  0  -0.531809  2.56826  0  0  0  0  0  0  0  14.4868  0  0  0
0.0347104  0  -0.294699  2.67965  0  0  0  0  0  0  0  13.7162  0  0  0
0.0373157  0  0.0756221  2.79438  0  0  0  0  0  0  0  12.4598  0  0  0
0.0400785  0  0.591765  2.9109  0  0  0  0  0  0  0  10.6696  0  0  0
0.043004  0  1.2204  3.02557  0  0  0  0  0  0  0  8.46368  0  0  0
0.0460967  0  1.87893  3.13258  0  0  0  0  0  0  0  6.13799  0  0  0
0.0493609  0  2.47155  3.22516  0  0  0  0  0  0  0  4.03675  0  0  0
0.0528007  0  2.93627  3.2973  0  0  0  0  0  0  0  2.38212  0  0  0
0.0564196  0  3.26068  3.34427  0  0  0  0  0  0  0  1.21775  0  0  0
0.0602206  0  3.46532  3.36187  0  0  0  0  0  0  0  0.468805  0  0  0
0.0642064  0  3.58104  3.34558  0  0  0  0  0  0  0  0.0238224  0  0  0
0.0683793  0  3.63581  3.29001  0  0  0  0  0  0  0  0.0030936  0  0  0
0.072741  0  3.65055  3.18881  0  0  0  0  0  0  0  0.00298223  0  0  0
0.0772927  0  3.63964  3.0349  0  0  0  0  0  0  0  0.00295115  0  0  0
0.0820352  0  3.61249  2.82089  0  0  0  0  0  0  0  0.00296913  0  0  0
0.0869689  0  3.57518  2.53976  0  0  0  0  0  0  0  0.0030172  0  0  0
0.0920937  0  3.53158  2.18562  0  0  0  0  0  0  0  0.00308404  0  0  0
0.097409  0  3.48404  1.75481  0  0  0  0  0  0  0  0.00316279  0  0  0
0.102914  0  3.43382  1.2468  0  0  0  0  0  0  0  0.00324882  0  0  0
0.108607  0  3.38134  0.665126  0  0  0  0  0  0  0  0.0274388  0  0  0
0.114487  0  3.32636  0.0177182  0  0  0  0  0  0  0  0.1167  0  0  0
0.120552  0  3.26809  0.00941202  0  0  0  0  0  0  0  0.201485  0  0  0
0.126799  0  3.20542  0.00867321  0  0  0  0  0  0  0  0.277226  0  0  0
0.133226  0  3.13706  0.00791414  0  0  0  0  0  0  0  0.339274  0  0  0
0.13983  0  3.06181  0.0071527  0  0  0  0  0  0  0  0.38333  0  0  0
0.146608  0  2.97871  0.00640547  0  0  0  0  0  0  0  0.40593  0  0  0
0.153557  0  2.88717  0.00568637  0  0  0  0  0  0  0  0.404763  0  0  0
0.160674  0  2.78707  0.00500598  0  0  0  0  0  0  0  0.378873  0  0  0
0.167955  0  2.6787  0.00437138  0  0  0  0  0  0  0  0.32861  0  0  0
0.175396  0  2.56277  0.00378636  0  0  0  0  0  0  0  0.255486  0  0  0
0.182995  0  2.44027  0.00325203  0  0  0  0  0  0  0  0.161913  0  0  0
0.190747  0  2.31241  0.00276742  0  0  0  0  0  0  0  0.0509104  0  0  0
0.198649  0  2.18047  0.00233017  0  0  0  0  0  0  0  0.00323676  0  0  0
0.206698  0  2.04582  0.00193708  0  0  0  0  0  0  0  0.00310107  0  0  0
0.214888  0  1.90974  0.00158448  0  0  0  0  0  0  0  0.00295813  0  0  0
0.223217  0  1.77346  0.00126864  0  0  0  0  0  0  0  0.00281111  0  0  0
0.231682  0  1.6381  0.000985875  0  0  0  0  0  0  0  0.00266284  0  0  0
0.240277  0  1.50464  0.000732745  0  0  0  0  0  0  0  0.00251583  0  0  0
0.249001  0  1.37397  0.000506072  0  0  0  0  0  0  0  0.00237219  0  0  0
0.257849  0  1.24681  0.000302976  0  0  0  0  0  0  0  0.00223368  0  0  0
0.266818  0  1.12378  0.000120881  0  0  0  0  0  0  0  0.00210171  0  0  0
0.275904  0  1.0054  -4.25251e-05  0  0  0  0  0  0  0  0.00197733  0  0  0
0.285104  0  0.89206  -0.000189299  0  0  0  0  0  0  0  0.00186133  0  0  0
0.294416  0  0.784083  -0.000321266  0  0  0  0  0  0  0  0.00175424  0  0  0
0.303834  0  0.681709  -0.000440062  0  0  0  0  0  0  0  0.00165635  0  0  0
0.313358  0  0.58511  -0.000547145  0  0  0  0  0  0  0  0.00156778  0  0  0
0.322983  0  0.494401  -0.000643819  0  0  0  0  0  0  0  0.0014885  0  0  0
0.332707  0  0.409646  -0.000731253  0  0  0  0  0  0  0  0.00141835  0  0  0
0.342526  0  0.330872  -0.000810498  0  0  0  0  0  0  0  0.00135707  0  0  0
0.352439  0  0.258068  -0.0008825  0  0  0  0  0  0  0  0.00130435  0  0  0
0.362442  0  0.191191  -0.000948101  0  0  0  0  0  0  0  0.00125981  0  0  0
0.372533  0  0.130183  -0.00100807  0  0  0  0  0  0  0  0.00122305  0  0  0
0.382709  0  0.0749582  -0.00106307  0  0  0  0  0  0  0  0.00119365  0  0  0
0.392967  0  0.0254136  -0.00111373  0  0  0  0  0  0  0  0.00117117  0  0  0
0.403306  0  -0.0185628  -0.00116058  0  0  0  0  0  0  0  0.0011552  0  0  0
0.413723  0  -0.0571024  -0.00120412  0  0  0  0  0  0  0  0.00114531  0  0  0
0.424216  0  -0.0903463  -0.00124476  0  0  0  0  0  0  0  0.00114108  0  0  0
0.434783  0  -0.118441  -0.00128289  0  0  0  0  0  0  0  0.00114215  0  0  0
0.445422  0  -0.141549  -0.00131883  0  0  0  0  0  0  0  0.00114811  0  0  0
0.45613  0  -0.15984  -0.00135288  0  0  0  0  0  0  0  0.00115863  0  0  0
0.466905  0  -0.17349  -0.00138527  0  0  0  0  0  0  0  0.00117336  0  0  0
0.477747  0  -0.182685  -0.00141623  0  0  0  0  0  0  0  0.00119198  0  0  0
0.488653  0  -0.187619  -0.00144592  0  0  0  0  0  0  0  0.00121419  0  0  0
0.499621  0  -0.188493  -0.00147449  0  0  0  0  0  0  0  0.00123969  0  0  0
0.510649  0  -0.185517  -0.00150207  0  0  0  0  0  0  0  0.0012682  0  0  0
0.521736  0  -0.17891  -0.00152876  0  0  0  0  0  0  0  0.00129945  0  0  0
0.532881  0  -0.168894  -0.0015546  0  0  0  0  0  0  0  0.00133319  0  0  0
0.544082  0  -0.155702  -0.00157968  0  0  0  0  0  0  0  0.00136917  0  0  0
0.555337  0  -0.139569  -0.001604  0  0  0  0  0  0  0  0.00140714  0  0  0
0.566644  0  -0.120738  -0.00162759  0  0  0  0  0  0  0  0.00144686  0  0  0
0.578004  0  -0.0994582  -0.00165044  0  0  0  0  0  0  0  0.00148811  0  0  0
0.589413  0  -0.0759772  -0.00167254  0  0  0  0  0  0  0  0.00153064  0  0  0
0.600872  0  -0.0505506  -0.00169387  0  0  0  0  0  0  0  0.00157425  0  0  0
0.612378  0  -0.0234297  -0.00171437  0  0  0  0  0  0  0  0.0016187  0  0  0
0.62393  0  0.00513058  -0.00173401  0  0  0  0  0  0  0  0.00166379  0  0  0
0.635528  0  0.034879  -0.00175273  0  0  0  0  0  0  0  0.0017093  0  0  0
0.64717  0  0.0655701  -0.00177046  0  0  0  0  0  0  0  0.00175504  0  0  0
0.658855  0  0.0969583  -0.00178714  0  0  0  0  0  0  0  0.00180079  0  0  0
0.670582  0  0.128809  -0.00180267  0  0  0  0  0  0  0  0.00184638  0  0  0
0.68235  0  0.160894  -0.00181698  0  0  0  0  0  0  0  0.0018916  0  0  0
0.694158  0  0.192995  -0.00182999  0  0  0  0  0  0  0  0.00193628  0  0  0
0.706005  0  0.224901  -0.00184158  0  0  0  0  0  0  0  0.00198025  0  0  0
0.71789  0  0.256415  -0.00185167  0  0  0  0  0  0  0  0.00202332  0  0  0
0.729812  0  0.287348  -0.00186014  0  0  0  0  0  0  0  0.00206531  0  0  0
0.741771  0  0.317521  -0.00186685  0  0  0  0  0  0  0  0.00210606  0  0  0
0.753765  0  0.346766  -0.00187168  0  0  0  0  0  0  0  0.00214534  0  0  0
0.765793  0  0.374918  -0.00187447  0  0  0  0  0  0  0  0.00218296  0  0  0
0.777856  0  0.401814  -0.001875  0  0  0  0  0  0  0  0.00221864  0  0  0
0.789952  0  0.427292  -0.00187307  0  0  0  0  0  0  0  0.00225206  0  0  0
0.80208  0  0.451178  -0.00186835  0  0  0  0  0  0  0  0.00228282  0  0  0
0.814239  0  0.473276  -0.0018605  0  0  0  0  0  0  0  0.00231036  0  0  0
0.82643  0  0.493356  -0.00184901  0  0  0  0  0  0  0  0.00233397  0  0  0
0.838651  0  0.511133  -0.00183325  0  0  0  0  0  0  0  0.00235266  0  0  0
0.850901  0  0.526245  -0.00181238  0  0  0  0  0  0  0  0.00236506  0  0  0
0.863181  0  0.538212  -0.00178525  0  0  0  0  0  0  0  0.00236933  0  0  0
0.875488  0  0.546391  -0.00175034  0  0  0  0  0  0  0  0.00236291  0  0  0
0.887824  0  0.549922  -0.00170562  0  0  0  0  0  0  0  0.00234233  0  0  0
0.900186  0  0.547644  -0.00164834  0  0  0  0  0  0  0  0.00230288  0  0  0
0.912576  0  0.537998  -0.00157488  0  0  0  0  0  0  0  0.0022382  0  0  0
0.924991  0  0.518917  -0.00148043  0  0  0  0  0  0  0  0.00213986  0  0  0
0.937432  0  0.487698  -0.00135875  0  0  0  0  0  0  0  0.00199679  0  0  0
0.949897  0  0.440868  -0.00120188  0  0  0  0  0  0  0  0.00179483  0  0  0
0.962388  0  0.37411  -0.000999935  0  0  0  0  0  0  0  0.00151633  0  0  0
0.974902  0  0.282264  -0.000741155  0  0  0  0  0  0  0  0.00114021  0  0  0
0.987439  0  0.159535  -0.00041234  0  0  0  0  0  0  0  0.00064283  0  0  0
1  0  -0  0  0  0  0  0  0  0  0  0  0  0  0
