1e-05  0  5.44008  28.3005  0  0  0  0  0  0  0  -13.6689  0  0  0
1.09199e-05  0  5.44008  28.3005  0  0  0  0  0  0  0  -13.6689  0  0  0
1.19243e-05  0  5.44008  28.3005  0  0  0  0  0  0  0  -13.6689  0  0  0
1.30212e-05  0  5.44008  28.3005  0  0  0  0  0  0  0  -13.6689  0  0  0
1.4219e-05  0  5.44008  28.3005  0  0  0  0  0  0  0  -13.6689  0  0  0
1.55269e-05  0  5.44008  28.3005  0  0  0  0  0  0  0  -13.6689  0  0  0
1.69551e-05  0  5.44008  28.3005  0  0  0  0  0  0  0  -13.6689  0  0  0
1.85147e-05  0  5.44008  28.3005  0  0  0  0  0  0  0  -13.6689  0  0  0
2.02177e-05  0  5.44008  28.3005  0  0  0  0  0  0  0  -13.6689  0  0  0
2.20773e-05  0  5.44008  28.3005  0  0  0  0  0  0  0  -13.6689  0  0  0
2.4108e-05  0  5.44008  28.3005  0  0  0  0  0  0  0  -13.6689  0  0  0
2.63254e-05  0  5.44008  28.3005  0  0  0  0  0  0  0  -13.6689  0  0  0
2.87468e-05  0  5.44008  28.3005  0  0  0  0  0  0  0  -13.6689  0  0  0
3.13908e-05  0  5.44008  28.3005  0  0  0  0  0  0  0  -13.6689  0  0  0
3.42779e-05  0  5.44008  28.3005  0  0  0  0  0  0  0  -13.6689  0  0  0
3.74305e-05  0  5.44008  28.3005  0  0  0  0  0  0  0  -13.6689  0  0  0
4.0873e-05  0  5.44008  28.3005  0  0  0  0  0  0  0  -13.6689  0  0  0
4.4632e-05  0  5.44008  28.3005  0  0  0  0  0  0  0  -13.6689  0  0  0
4.87366e-05  0  5.44008  28.3005  0  0  0  0  0  0  0  -13.6689  0  0  0
5.32186e-05  0  5.44008  28.3005  0  0  0  0  0  0  0  -13.6689  0  0  0
5.81127e-05  0  5.44008  28.3005  0  0  0  0  0  0  0  -13.6689  0  0  0
6.34566e-05  0  5.44008  28.3005  0  0  0  0  0  0  0  -13.6689  0  0  0
6.92917e-05  0  5.44008  28.3005  0  0  0  0  0  0  0  -13.6689  0  0  0
7.56631e-05  0  5.44008  28.3005  0  0  0  0  0  0  0  -13.6689  0  0  0
8.26202e-05  0  5.44008  28.3005  0  0  0  0  0  0  0  -13.6689  0  0  0
9.02165e-05  0  5.44008  28.3005  0  0  0  0  0  0  0  -13.6689  0  0  0
9.85109e-05  0  5.44008  28.3005  0  0  0  0  0  0  0  -13.6689  0  0  0
0.000107567  0  5.44008  28.3005  0  0  0  0  0  0  0  -13.6689  0  0  0
0.000117456  0  5.44008  28.3005  0  0  0  0  0  0  0  -13.6689  0  0  0
0.000128253  0  5.44008  28.3005  0  0  0  0  0  0  0  -13.6689  0  0  0
0.000140041  0  5.44008  28.3005  0  0  0  0  0  0  0  -13.6689  0  0  0
0.000152912  0  5.44008  28.3005  0  0  0  0  0  0  0  -13.6689  0  0  0
0.000166965  0  5.44008  28.3005  0  0  0  0  0  0  0  -13.6689  0  0  0
0.000182307  0  5.44008  28.3005  0  0  0  0  0  0  0  -13.6689  0  0  0
0.000199058  0  5.44008  28.3005  0  0  0  0  0  0  0  -13.6689  0  0  0
0.000217347  0  5.44008  28.3005  0  0  0  0  0  0  0  -13.6689  0  0  0
0.000237312  0  5.44008  28.3005  0  0  0  0  0  0  0  -13.6689  0  0  0
0.00025911  0  5.44008  28.3005  0  0  0  0  0  0  0  -13.6689  0  0  0
0.000282906  0  5.44008  28.3005  0  0  0  0  0  0  0  -13.6689  0  0  0
0.000308883  0  5.44008  28.3005  0  0  0  0  0  0  0  -13.6689  0  0  0
0.00033724  0  5.44008  28.3005  0  0  0  0  0  0  0  -13.6689  0  0  0
0.000368196  0  5.44008  28.3005  0  0  0  0  0  0  0  -13.6689  0  0  0
0.000401985  0  5.44008  28.3005  0  0  0  0  0  0  0  -13.6689  0  0  0
0.000438868  0  5.44008  28.3005  0  0  0  0  0  0  0  -13.6689  0  0  0
0.000479125  0  5.44008  28.3005  0  0  0  0  0  0  0  -13.6689  0  0  0
0.000523063  0  5.44008  28.3005  0  0  0  0  0  0  0  -13.6689  0  0  0
0.000571017  0  5.44008  28.3005  0  0  0  0  0  0  0  -13.6689  0  0  0
0.000623351  0  5.44008  28.3005  0  0  0  0  0  0  0  -13.6689  0  0  0
0.000680461  0  5.44008  28.3005  0  0  0  0  0  0  0  -13.6689  0  0  0
0.000742781  0  5.44008  28.3005  0  0  0  0  0  0  0  -13.6689  0  0  0
0.000810781  0  5.44008  28.3005  0  0  0  0  0  0  0  -13.6689  0  0  0
0.000884973  0  5.44008  28.3005  0  0  0  0  0  0  0  -13.6689  0  0  0
0.000965915  0  5.44008  28.3005  0  0  0  0  0  0  0  -13.6689  0  0  0
0.00105421  0  5.44008  28.3005  0  0  0  0  0  0  0  -13.6689  0  0  0
0.00115053  0  5.44008  28.3005  0  0  0  0  0  0  0  -13.6689  0  0  0
0.00125558  0  5.44008  28.3005  0  0  0  0  0  0  0  -13.6689  0  0  0
0.00137014  0  5.44008  28.3005  0  0  0  0  0  0  0  -13.6689  0  0  0
0.00149506  0  5.44008  28.3005  0  0  0  0  0  0  0  -13.6689  0  0  0
0.00163126  0  5.44008  28.3005  0  0  0  0  0  0  0  -13.6689  0  0  0
0.00177974  0  5.44008  28.3005  0  0  0  0  0  0  0  -13.6689  0  0  0
0.00194158  0  5.44008  28.3005  0  0  0  0  0  0  0  -13.6689  0  0  0
0.00211795  0  5.44008  28.3005  0  0  0  0  0  0  0  -13.6689  0  0  0
0.00231012  0  5.44008  28.3005  0  0  0  0  0  0  0  -13.6689  0  0  0
0.00251947  0  5.44008  28.3005  0  0  0  0  0  0  0  -13.6689  0  0  0
0.00274748  0  5.44008  28.3005  0  0  0  0  0  0  0  -13.6689  0  0  0
0.00299576  0  5.44008  28.3005  0  0  0  0  0  0  0  -13.6689  0  0  0
0.00326605  0  5.43978  28.2966  0  0  0  0  0  0  0  -13.6672  0  0  0
0.00356021  0  5.37676  27.6101  0  0  0  0  0  0  0  -13.3136  0  0  0
0.00388027  0  3.30964  5.07005  0  0  0  0  0  0  0  -1.71566  0  0  0
0.00422838  0  2.9123  0.767203  0  0  0  0  0  0  0  0.513645  0  0  0
0.00460689  0  2.90992  0.767177  0  0  0  0  0  0  0  0.527077  0  0  0
0.00501829  0  2.9099  0.767177  0  0  0  0  0  0  0  0.527149  0  0  0
0.00546526  0  2.9099  0.767177  0  0  0  0  0  0  0  0.527149  0  0  0
0.00595067  0  2.9099  0.767177  0  0  0  0  0  0  0  0.527149  0  0  0
0.00647757  0  2.9099  0.767177  0  0  0  0  0  0  0  0.527149  0  0  0
0.00704924  0  2.9099  0.767177  0  0  0  0  0  0  0  0.527149  0  0  0
0.00766915  0  2.9099  0.767177  0  0  0  0  0  0  0  0.527149  0  0  0
0.00834097  0  2.9099  0.767177  0  0  0  0  0  0  0  0.527149  0  0  0
0.0090686  0  2.9099  0.767177  0  0  0  0  0  0  0  0.527149  0  0  0
0.00985616  0  2.9099  0.767177  0  0  0  0  0  0  0  0.527149  0  0  0
0.010708  0  2.9099  0.767177  0  0  0  0  0  0  0  0.527149  0  0  0
0.0116286  0  2.9099  0.767177  0  0  0  0  0  0  0  0.527149  0  0  0
0.0126229  0  2.9099  0.767177  0  0  0  0  0  0  0  0.527149  0  0  0
0.0136956  0  2.9099  0.767177  0  0  0  0  0  0  0  0.527149  0  0  0
0.0148521  0  2.9099  0.767177  0  0  0  0  0  0  0  0.527149  0  0  0
0.0160977  0  2.9099  0.767177  0  0  0  0  0  0  0  0.527149  0  0  0
0.0174377  0  2.9099  0.767177  0  0  0  0  0  0  0  0.527149  0  0  0
0.0188781  0  2.9099  0.767177  0  0  0  0  0  0  0  0.527149  0  0  0
0.0204243  0  2.9099  0.767177  0  0  0  0  0  0  0  0.527149  0  0  0
0.0220824  0  2.9099  0.767177  0  0  0  0  0  0  0  0.527149  0  0  0
0.0238583  0  2.9099  0.767177  0  0  0  0  0  0  0  0.527149  0  0  0
0.0257578  0  2.9099  0.767177  0  0  0  0  0  0  0  0.527149  0  0  0
0.027787  0  2.9099  0.767177  0  0  0  0  0  0  0  0.527149  0  0  0
0.0299516  0  2.9099  0.767177  0  0  0  0  0  0  0  0.527149  0  0  0
0.0322576  0  2.9099  0.767177  0  0  0  0  0  0  0  0.527149  0  0  0
0.0347104  0  2.9099  0.767177  0  0  0  0  0  0  0  0.527149  0  0  0
0.0373157  0  2.9099  0.767177  0  0  0  0  0  0  0  0.527149  0  0  0
0.0400785  0  2.9099  0.767177  0  0  0  0  0  0  0  0.527149  0  0  0
0.043004  0  2.9099  0.767177  0  0  0  0  0  0  0  0.527149  0  0  0
0.0460967  0  2.9099  0.767177  0  0  0  0  0  0  0  0.527149  0  0  0
0.0493609  0  2.9099  0.767177  0  0  0  0  0  0  0  0.527149  0  0  0
0.0528007  0  2.9099  0.767177  0  0  0  0  0  0  0  0.527149  0  0  0
0.0564196  0  2.9099  0.767177  0  0  0  0  0  0  0  0.527149  0  0  0
0.0602206  0  2.9099  0.767177  0  0  0  0  0  0  0  0.527149  0  0  0
0.0642064  0  2.9099  0.767177  0  0  0  0  0  0  0  0.527149  0  0  0
0.0683793  0  2.9099  0.767177  0  0  0  0  0  0  0  0.527149  0  0  0
0.072741  0  2.9099  0.767177  0  0  0  0  0  0  0  0.527149  0  0  0
0.0772927  0  2.9099  0.767177  0  0  0  0  0  0  0  0.527149  0  0  0
0.0820352  0  2.9099  0.767177  0  0  0  0  0  0  0  0.527153  0  0  0
0.0869689  0  2.9099  0.767177  0  0  0  0  0  0  0  0.527153  0  0  0
0.0920937  0  2.9099  0.767177  0  0  0  0  0  0  0  0.527153  0  0  0
0.097409  0  2.9099  0.767177  0  0  0  0  0  0  0  0.527153  0  0  0
0.102914  0  2.90989  0.767176  0  0  0  0  0  0  0  0.527161  0  0  0
0.108607  0  2.90989  0.767176  0  0  0  0  0  0  0  0.527176  0  0  0
0.114487  0  2.90987  0.767174  0  0  0  0  0  0  0  0.52721  0  0  0
0.120552  0  2.90984  0.767171  0  0  0  0  0  0  0  0.52729  0  0  0
0.126799  0  2.90977  0.767164  0  0  0  0  0  0  0  0.527458  0  0  0
0.133226  0  2.90961  0.767149  0  0  0  0  0  0  0  0.527817  0  0  0
0.13983  0  2.9093  0.767119  0  0  0  0  0  0  0  0.528553  0  0  0
0.146608  0  2.90867  0.767058  0  0  0  0  0  0  0  0.530022  0  0  0
0.153557  0  2.90746  0.76694  0  0  0  0  0  0  0  0.532867  0  0  0
0.160674  0  2.90516  0.766717  0  0  0  0  0  0  0  0.538239  0  0  0
0.167955  0  2.90095  0.766308  0  0  0  0  0  0  0  0.5481  0  0  0
0.175396  0  2.89398  0.765585  0  0  0  0  0  0  0  0.562637  0  0  0
0.182995  0  4.00464  10.1073  0  0  0  0  0  0  0  -5.71148  0  0  0
0.190747  0  5.38801  23.3011  0  0  0  0  0  0  0  -13.5449  0  0  0
0.198649  0  5.35281  19.8308  0  0  0  0  0  0  0  -13.4646  0  0  0
0.206698  0  5.29619  14.3361  0  0  0  0  0  0  0  -13.3321  0  0  0
0.214888  0  5.20999  5.97148  0  0  0  0  0  0  0  -13.1303  0  0  0
0.223217  0  5.0842  0.76023  0  0  0  0  0  0  0  -12.836  0  0  0
0.231682  0  4.90936  0.743262  0  0  0  0  0  0  0  -12.4268  0  0  0
0.240277  0  4.67955  0.720961  0  0  0  0  0  0  0  -11.8889  0  0  0
0.249001  0  4.39591  0.693435  0  0  0  0  0  0  0  -11.2251  0  0  0
0.257849  0  4.06891  0.661702  0  0  0  0  0  0  0  -10.4597  0  0  0
0.266818  0  3.7175  0.6276  0  0  0  0  0  0  0  -9.6373  0  0  0
0.275904  0  3.36479  0.593372  0  0  0  0  0  0  0  -8.81181  0  0  0
0.285104  0  3.03211  0.561088  0  0  0  0  0  0  0  -8.0332  0  0  0
0.294416  0  2.73458  0.532214  0  0  0  0  0  0  0  -7.33684  0  0  0
0.303834  0  2.47956  0.507466  0  0  0  0  0  0  0  -6.74  0  0  0
0.313358  0  2.26789  0.486925  0  0  0  0  0  0  0  -6.2446  0  0  0
0.322983  0  2.09611  0.470255  0  0  0  0  0  0  0  -5.84258  0  0  0
0.332707  0  1.95876  0.456926  0  0  0  0  0  0  0  -5.5211  0  0  0
0.342526  0  1.84985  0.446357  0  0  0  0  0  0  0  -5.2662  0  0  0
0.352439  0  1.76382  0.438008  0  0  0  0  0  0  0  -5.06486  0  0  0
0.362442  0  0.25629  24.4449  0  0  0  0  0  0  0  0.347874  0  0  0
0.372533  0  0.202561  19.2308  0  0  0  0  0  0  0  0.473625  0  0  0
0.382709  0  0.15991  15.0919  0  0  0  0  0  0  0  0.573441  0  0  0
0.392967  0  0.125911  11.7924  0  0  0  0  0  0  0  0.653015  0  0  0
0.403306  0  0.0986799  9.14986  0  0  0  0  0  0  0  0.716747  0  0  0
0.413723  0  0.0767697  7.02362  0  0  0  0  0  0  0  0.768028  0  0  0
0.424216  0  0.0590683  5.30582  0  0  0  0  0  0  0  0.80946  0  0  0
0.434783  0  0.0447184  3.91326  0  0  0  0  0  0  0  0.84304  0  0  0
0.445422  0  0.0330609  2.78197  0  0  0  0  0  0  0  0.870327  0  0  0
0.45613  0  0.0329134  1.86261  0  0  0  0  0  0  0  0.892498  0  0  0
0.466905  0  0.0329058  1.11685  0  0  0  0  0  0  0  0.91048  0  0  0
0.477747  0  0.0328996  0.76698  0  0  0  0  0  0  0  0.924995  0  0  0
0.488653  0  0.0328946  0.766499  0  0  0  0  0  0  0  0.936592  0  0  0
0.499621  0  0.0328907  0.766122  0  0  0  0  0  0  0  0.945698  0  0  0
0.510649  0  0.0328877  0.765834  0  0  0  0  0  0  0  0.952644  0  0  0
0.521736  0  0.0328856  0.765625  0  0  0  0  0  0  0  0.95768  0  0  0
0.532881  0  0.0328842  0.765488  0  0  0  0  0  0  0  0.960995  0  0  0
0.544082  0  0.0328834  0.765416  0  0  0  0  0  0  0  0.962708  0  0  0
0.555337  0  0.0328834  0.765408  0  0  0  0  0  0  0  0.962917  0  0  0
0.566644  0  0.0328839  0.76546  0  0  0  0  0  0  0  0.961666  0  0  0
0.578004  0  0.032885  0.765572  0  0  0  0  0  0  0  0.958958  0  0  0
0.589413  0  0.0328868  0.765746  0  0  0  0  0  0  0  0.954765  0  0  0
0.600872  0  0.0328893  0.765983  0  0  0  0  0  0  0  0.949032  0  0  0
0.612378  0  0.0328924  0.766289  0  0  0  0  0  0  0  0.941662  0  0  0
0.62393  0  0.0328963  0.766668  0  0  0  0  0  0  0  0.932518  0  0  0
0.635528  0  0.0329011  0.767128  0  0  0  0  0  0  0  0.921429  0  0  0
0.64717  0  0.0329067  1.21267  0  0  0  0  0  0  0  0.908173  0  0  0
0.658855  0  0.0329135  1.86321  0  0  0  0  0  0  0  0.892483  0  0  0
0.670582  0  0.0329213  2.62819  0  0  0  0  0  0  0  0.874031  0  0  0
0.68235  0  0.0407077  3.52404  0  0  0  0  0  0  0  0.852428  0  0  0
0.694158  0  0.0514884  4.57024  0  0  0  0  0  0  0  0.827198  0  0  0
0.706005  0  0.064059  5.79013  0  0  0  0  0  0  0  0.797775  0  0  0
0.71789  0  0.0787059  7.21152  0  0  0  0  0  0  0  0.763496  0  0  0
0.729812  0  0.0957666  8.86714  0  0  0  0  0  0  0  0.723568  0  0  0
0.741771  0  0.115641  10.7958  0  0  0  0  0  0  0  0.677052  0  0  0
0.753765  0  0.138799  13.0431  0  0  0  0  0  0  0  0.622852  0  0  0
0.765793  0  0.16579  15.6625  0  0  0  0  0  0  0  0.559681  0  0  0
0.777856  0  0.197255  18.7159  0  0  0  0  0  0  0  0.486046  0  0  0
0.789952  0  -0.155394  -18.4713  0  0  0  0  0  0  0  45.3939  0  0  0
0.80208  0  -0.155352  -18.4672  0  0  0  0  0  0  0  45.2939  0  0  0
0.814239  0  -0.155302  -18.4623  0  0  0  0  0  0  0  45.1774  0  0  0
0.82643  0  -0.155244  -18.4567  0  0  0  0  0  0  0  45.042  0  0  0
0.838651  0  -0.155177  -18.4502  0  0  0  0  0  0  0  44.885  0  0  0
0.850901  0  -0.155099  -18.4427  0  0  0  0  0  0  0  44.7033  0  0  0
0.863181  0  -0.15501  -18.434  0  0  0  0  0  0  0  44.4941  0  0  0
0.875488  0  -0.154907  -18.4241  0  0  0  0  0  0  0  44.2546  0  0  0
0.887824  0  -0.154791  -18.4128  0  0  0  0  0  0  0  43.982  0  0  0
0.900186  0  -0.15466  -18.4  0  0  0  0  0  0  0  43.6747  0  0  0
0.912576  0  -0.154513  -18.3858  0  0  0  0  0  0  0  43.3315  0  0  0
0.924991  0  -0.154351  -18.3701  0  0  0  0  0  0  0  42.953  0  0  0
0.937432  0  -0.154176  -18.353  0  0  0  0  0  0  0  42.5414  0  0  0
0.949897  0  -0.10545  -17.8541  0  0  0  0  0  0  0  16.8854  0  0  0
0.962388  0  -0.105252  -17.8349  0  0  0  0  0  0  0  16.422  0  0  0
0.974902  0  -0.000410226  -0.0398098  0  0  0  0  0  0  0  0.960102  0  0  0
0.987439  0  -0.000203948  -0.0197918  0  0  0  0  0  0  0  0.477325  0  0  0
1  0  0  0  0  0  0  0  0  0  0  0  0  0  0
