1e-05  0  0.584221  2.28465  0  0  0  0  0  0  0  7.80818  0  0  0
1.09199e-05  0  0.584214  2.28466  0  0  0  0  0  0  0  7.80812  0  0  0
1.19243e-05  0  0.584208  2.28467  0  0  0  0  0  0  0  7.80807  0  0  0
1.30212e-05  0  0.584203  2.28467  0  0  0  0  0  0  0  7.80801  0  0  0
1.4219e-05  0  0.584198  2.28468  0  0  0  0  0  0  0  7.80794  0  0  0
1.55269e-05  0  0.584193  2.28469  0  0  0  0  0  0  0  7.80787  0  0  0
1.69551e-05  0  0.584189  2.28471  0  0  0  0  0  0  0  7.80779  0  0  0
1.85147e-05  0  0.584186  2.28472  0  0  0  0  0  0  0  7.80771  0  0  0
2.02177e-05  0  0.584185  2.28474  0  0  0  0  0  0  0  7.80762  0  0  0
2.20773e-05  0  0.584184  2.28476  0  0  0  0  0  0  0  7.80752  0  0  0
2.4108e-05  0  0.584185  2.28478  0  0  0  0  0  0  0  7.80741  0  0  0
2.63254e-05  0  0.584187  2.28481  0  0  0  0  0  0  0  7.8073  0  0  0
2.87468e-05  0  0.584192  2.28484  0  0  0  0  0  0  0  7.80718  0  0  0
3.13908e-05  0  0.584199  2.28488  0  0  0  0  0  0  0  7.80704  0  0  0
3.42779e-05  0  0.584208  2.28492  0  0  0  0  0  0  0  7.80689  0  0  0
3.74305e-05  0  0.584221  2.28496  0  0  0  0  0  0  0  7.80674  0  0  0
4.0873e-05  0  0.584237  2.28502  0  0  0  0  0  0  0  7.80656  0  0  0
4.4632e-05  0  0.584257  2.28508  0  0  0  0  0  0  0  7.80638  0  0  0
4.87366e-05  0  0.584282  2.28515  0  0  0  0  0  0  0  7.80617  0  0  0
5.32186e-05  0  0.584312  2.28522  0  0  0  0  0  0  0  7.80595  0  0  0
5.81127e-05  0  0.584348  2.28531  0  0  0  0  0  0  0  7.80571  0  0  0
6.34566e-05  0  0.584391  2.28541  0  0  0  0  0  0  0  7.80545  0  0  0
6.92917e-05  0  0.584442  2.28552  0  0  0  0  0  0  0  7.80517  0  0  0
7.56631e-05  0  0.584502  2.28564  0  0  0  0  0  0  0  7.80486  0  0  0
8.26202e-05  0  0.584571  2.28579  0  0  0  0  0  0  0  7.80452  0  0  0
9.02165e-05  0  0.584652  2.28594  0  0  0  0  0  0  0  7.80415  0  0  0
9.85109e-05  0  0.584745  2.28612  0  0  0  0  0  0  0  7.80375  0  0  0
0.000107567  0  0.584853  2.28632  0  0  0  0  0  0  0  7.80331  0  0  0
0.000117456  0  0.584977  2.28655  0  0  0  0  0  0  0  7.80283  0  0  0
0.000128253  0  0.585119  2.2868  0  0  0  0  0  0  0  7.80231  0  0  0
0.000140041  0  0.585281  2.28708  0  0  0  0  0  0  0  7.80174  0  0  0
0.000152912  0  0.585467  2.2874  0  0  0  0  0  0  0  7.80111  0  0  0
0.000166965  0  0.585678  2.28776  0  0  0  0  0  0  0  7.80043  0  0  0
0.000182307  0  0.585918  2.28816  0  0  0  0  0  0  0  7.79968  0  0  0
0.000199058  0  0.58619  2.2886  0  0  0  0  0  0  0  7.79887  0  0  0
0.000217347  0  0.586499  2.2891  0  0  0  0  0  0  0  7.79797  0  0  0
0.000237312  0  0.586848  2.28966  0  0  0  0  0  0  0  7.79699  0  0  0
0.00025911  0  0.587243  2.29028  0  0  0  0  0  0  0  7.79592  0  0  0
0.000282906  0  0.587689  2.29098  0  0  0  0  0  0  0  7.79474  0  0  0
0.000308883  0  0.588192  2.29175  0  0  0  0  0  0  0  7.79345  0  0  0
0.00033724  0  0.588758  2.29262  0  0  0  0  0  0  0  7.79204  0  0  0
0.000368196  0  0.589395  2.29359  0  0  0  0  0  0  0  7.79048  0  0  0
0.000401985  0  0.590111  2.29466  0  0  0  0  0  0  0  7.78878  0  0  0
0.000438868  0  0.590917  2.29587  0  0  0  0  0  0  0  7.78691  0  0  0
0.000479125  0  0.59182  2.29721  0  0  0  0  0  0  0  7.78486  0  0  0
0.000523063  0  0.592833  2.2987  0  0  0  0  0  0  0  7.78261  0  0  0
0.000571017  0  0.593968  2.30036  0  0  0  0  0  0  0  7.78013  0  0  0
0.000623351  0  0.59524  2.30221  0  0  0  0  0  0  0  7.77741  0  0  0
0.000680461  0  0.596662  2.30427  0  0  0  0  0  0  0  7.77443  0  0  0
0.000742781  0  0.598254  2.30657  0  0  0  0  0  0  0  7.77114  0  0  0
0.000810781  0  0.600032  2.30912  0  0  0  0  0  0  0  7.76753  0  0  0
0.000884973  0  0.602018  2.31195  0  0  0  0  0  0  0  7.76357  0  0  0
0.000965915  0  0.604235  2.3151  0  0  0  0  0  0  0  7.7592  0  0  0
0.00105421  0  0.606708  2.3186  0  0  0  0  0  0  0  7.75441  0  0  0
0.00115053  0  0.609464  2.32248  0  0  0  0  0  0  0  7.74913  0  0  0
0.00125558  0  0.612533  2.32679  0  0  0  0  0  0  0  7.74334  0  0  0
0.00137014  0  0.61595  2.33157  0  0  0  0  0  0  0  7.73696  0  0  0
0.00149506  0  0.619752  2.33687  0  0  0  0  0  0  0  7.72995  0  0  0
0.00163126  0  0.623977  2.34274  0  0  0  0  0  0  0  7.72225  0  0  0
0.00177974  0  0.62867  2.34924  0  0  0  0  0  0  0  7.71378  0  0  0
0.00194158  0  0.633878  2.35643  0  0  0  0  0  0  0  7.70448  0  0  0
0.00211795  0  0.639654  2.36438  0  0  0  0  0  0  0  7.69426  0  0  0
0.00231012  0  0.646054  2.37316  0  0  0  0  0  0  0  7.68304  0  0  0
0.00251947  0  0.653139  2.38285  0  0  0  0  0  0  0  7.67071  0  0  0
0.00274748  0  0.660974  2.39354  0  0  0  0  0  0  0  7.65719  0  0  0
0.00299576  0  0.669632  2.40531  0  0  0  0  0  0  0  7.64236  0  0  0
0.00326605  0  0.679187  2.41826  0  0  0  0  0  0  0  7.6261  0  0  0
0.00356021  0  0.689721  2.43248  0  0  0  0  0  0  0  7.60829  0  0  0
0.00388027  0  0.70132  2.44809  0  0  0  0  0  0  0  7.58878  0  0  0
0.00422838  0  0.714076  2.46518  0  0  0  0  0  0  0  7.56744  0  0  0
0.00460689  0  0.728085  2.48387  0  0  0  0  0  0  0  7.54411  0  0  0
0.00501829  0  0.743447  2.50427  0  0  0  0  0  0  0  7.51862  0  0  0
0.00546526  0  0.760269  2.52647  0  0  0  0  0  0  0  7.49079  0  0  0
0.00595067  0  0.778659  2.55059  0  0  0  0  0  0  0  7.46044  0  0  0
0.00647757  0  0.79873  2.5767  0  0  0  0  0  0  0  7.42738  0  0  0
0.00704924  0  0.820596  2.6049  0  0  0  0  0  0  0  7.39138  0  0  0
0.00766915  0  0.844376  2.63524  0  0  0  0  0  0  0  7.35223  0  0  0
0.00834097  0  0.870188  2.66775  0  0  0  0  0  0  0  7.30967  0  0  0
0.0090686  0  0.898152  2.70244  0  0  0  0  0  0  0  7.26346  0  0  0
0.00985616  0  0.92839  2.73924  0  0  0  0  0  0  0  7.21329  0  0  0
0.010708  0  0.961026  2.77808  0  0  0  0  0  0  0  7.15886  0  0  0
0.0116286  0  0.996185  2.81876  0  0  0  0  0  0  0  7.09982  0  0  0
0.0126229  0  1.034  2.86105  0  0  0  0  0  0  0  7.03576  0  0  0
0.0136956  0  1.0746  2.90459  0  0  0  0  0  0  0  6.96622  0  0  0
0.0148521  0  1.11813  2.94889  0  0  0  0  0  0  0  6.89067  0  0  0
0.0160977  0  1.16476  2.99336  0  0  0  0  0  0  0  6.80849  0  0  0
0.0174377  0  1.21466  3.03723  0  0  0  0  0  0  0  6.71893  0  0  0
0.0188781  0  1.26804  3.07955  0  0  0  0  0  0  0  6.62114  0  0  0
0.0204243  0  1.32513  3.11921  0  0  0  0  0  0  0  6.51412  0  0  0
0.0220824  0  1.38619  3.15489  0  0  0  0  0  0  0  6.39671  0  0  0
0.0238583  0  1.4515  3.18511  0  0  0  0  0  0  0  6.26762  0  0  0
0.0257578  0  1.52139  3.20821  0  0  0  0  0  0  0  6.12548  0  0  0
0.027787  0  1.59614  3.22244  0  0  0  0  0  0  0  5.96882  0  0  0
0.0299516  0  1.67602  3.22605  0  0  0  0  0  0  0  5.79627  0  0  0
0.0322576  0  1.76122  3.21734  0  0  0  0  0  0  0  5.60662  0  0  0
0.0347104  0  1.85177  3.19489  0  0  0  0  0  0  0  5.39906  0  0  0
0.0373157  0  1.9475  3.15764  0  0  0  0  0  0  0  5.17336  0  0  0
0.0400785  0  2.04792  3.10512  0  0  0  0  0  0  0  4.93004  0  0  0
0.043004  0  2.15224  3.03751  0  0  0  0  0  0  0  4.67061  0  0  0
0.0460967  0  2.25929  2.95578  0  0  0  0  0  0  0  4.39755  0  0  0
0.0493609  0  2.36756  2.8616  0  0  0  0  0  0  0  4.11432  0  0  0
0.0528007  0  2.47525  2.75723  0  0  0  0  0  0  0  3.82515  0  0  0
0.0564196  0  2.58041  2.64531  0  0  0  0  0  0  0  3.53474  0  0  0
0.0602206  0  2.68105  2.52859  0  0  0  0  0  0  0  3.24786  0  0  0
0.0642064  0  2.77528  2.40964  0  0  0  0  0  0  0  2.96897  0  0  0
0.0683793  0  2.86145  2.29064  0  0  0  0  0  0  0  2.70192  0  0  0
0.072741  0  2.93817  2.17321  0  0  0  0  0  0  0  2.4497  0  0  0
0.0772927  0  3.00439  2.05833  0  0  0  0  0  0  0  2.21439  0  0  0
0.0820352  0  3.05936  1.94641  0  0  0  0  0  0  0  1.99716  0  0  0
0.0869689  0  3.10264  1.83731  0  0  0  0  0  0  0  1.79836  0  0  0
0.0920937  0  3.13399  1.73045  0  0  0  0  0  0  0  1.61773  0  0  0
0.097409  0  3.15336  1.62499  0  0  0  0  0  0  0  1.45448  0  0  0
0.102914  0  3.1608  1.51988  0  0  0  0  0  0  0  1.30753  0  0  0
0.108607  0  3.15649  1.41399  0  0  0  0  0  0  0  1.17558  0  0  0
0.114487  0  3.14063  1.3062  0  0  0  0  0  0  0  1.05725  0  0  0
0.120552  0  3.11347  1.19544  0  0  0  0  0  0  0  0.951156  0  0  0
0.126799  0  3.07529  1.08075  0  0  0  0  0  0  0  0.855961  0  0  0
0.133226  0  3.02641  0.961321  0  0  0  0  0  0  0  0.770403  0  0  0
0.13983  0  2.96719  0.836509  0  0  0  0  0  0  0  0.693324  0  0  0
0.146608  0  2.89804  0.705848  0  0  0  0  0  0  0  0.623679  0  0  0
0.153557  0  2.81944  0.569067  0  0  0  0  0  0  0  0.560542  0  0  0
0.160674  0  2.73194  0.426087  0  0  0  0  0  0  0  0.503101  0  0  0
0.167955  0  2.63618  0.277029  0  0  0  0  0  0  0  0.45066  0  0  0
0.175396  0  2.53287  0.1222  0  0  0  0  0  0  0  0.402629  0  0  0
0.182995  0  2.42285  0.00386606  0  0  0  0  0  0  0  0.358517  0  0  0
0.190747  0  2.30701  0.00370132  0  0  0  0  0  0  0  0.317926  0  0  0
0.198649  0  2.18633  0.00353272  0  0  0  0  0  0  0  0.280539  0  0  0
0.206698  0  2.06188  0.0033612  0  0  0  0  0  0  0  0.246109  0  0  0
0.214888  0  1.93472  0.00318774  0  0  0  0  0  0  0  0.214447  0  0  0
0.223217  0  1.80598  0.00301341  0  0  0  0  0  0  0  0.185411  0  0  0
0.231682  0  1.67674  0.00283929  0  0  0  0  0  0  0  0.158894  0  0  0
0.240277  0  1.54809  0.00266645  0  0  0  0  0  0  0  0.134811  0  0  0
0.249001  0  1.42103  0.00249593  0  0  0  0  0  0  0  0.113088  0  0  0
0.257849  0  1.29649  0.00232872  0  0  0  0  0  0  0  0.0936532  0  0  0
0.266818  0  1.1753  0.00216571  0  0  0  0  0  0  0  0.0764328  0  0  0
0.275904  0  1.05819  0.00200768  0  0  0  0  0  0  0  0.0613416  0  0  0
0.285104  0  0.945762  0.00185532  0  0  0  0  0  0  0  0.0482827  0  0  0
0.294416  0  0.838495  0.00170916  0  0  0  0  0  0  0  0.0371446  0  0  0
0.303834  0  0.736748  0.00156966  0  0  0  0  0  0  0  0.027803  0  0  0
0.313358  0  0.640768  0.00143711  0  0  0  0  0  0  0  0.0201228  0  0  0
0.322983  0  0.55069  0.00131171  0  0  0  0  0  0  0  0.0139592  0  0  0
0.332707  0  0.466559  0.00119355  0  0  0  0  0  0  0  0.00916194  0  0  0
0.342526  0  0.388331  0.00108263  0  0  0  0  0  0  0  0.00557894  0  0  0
0.352439  0  0.315898  0.000978876  0  0  0  0  0  0  0  0.00305898  0  0  0
0.362442  0  0.249089  0.000882129  0  0  0  0  0  0  0  0.00145499  0  0  0
0.372533  0  0.187694  0.000792184  0  0  0  0  0  0  0  0.000626612  0  0  0
0.382709  0  0.131465  0.000708791  0  0  0  0  0  0  0  0.000441222  0  0  0
0.392967  0  0.0801326  0.000631668  0  0  0  0  0  0  0  0.000777146  0  0  0
0.403306  0  0.033413  0.000560508  0  0  0  0  0  0  0  0.00152273  0  0  0
0.413723  0  0.000115395  0.000494989  0  0  0  0  0  0  0  0.00257779  0  0  0
0.424216  0  7.70273e-05  0.000434784  0  0  0  0  0  0  0  0.00385406  0  0  0
0.434783  0  4.24025e-05  0.000379565  0  0  0  0  0  0  0  0.00527237  0  0  0
0.445422  0  1.12421e-05  0.000329004  0  0  0  0  0  0  0  0.00676718  0  0  0
0.45613  0  -1.67218e-05  0.000282785  0  0  0  0  0  0  0  0.00828025  0  0  0
0.466905  0  -4.17453e-05  0.000240601  0  0  0  0  0  0  0  0.00976321  0  0  0
0.477747  0  -6.40678e-05  0.000202158  0  0  0  0  0  0  0  0.0111759  0  0  0
0.488653  0  -8.39148e-05  0.000167178  0  0  0  0  0  0  0  0.0124854  0  0  0
0.499621  0  -0.000101496  0.000135397  0  0  0  0  0  0  0  0.0136656  0  0  0
0.510649  0  -0.000117005  0.000106567  0  0  0  0  0  0  0  0.0146954  0  0  0
0.521736  0  -0.000130621  8.04579e-05  0  0  0  0  0  0  0  0.0155589  0  0  0
0.532881  0  -0.000142508  5.68538e-05  0  0  0  0  0  0  0  0.0162439  0  0  0
0.544082  0  -0.000152816  3.5556e-05  0  0  0  0  0  0  0  0.0167422  0  0  0
0.555337  0  -0.000161681  1.63803e-05  0  0  0  0  0  0  0  0.0170477  0  0  0
0.566644  0  -0.000169228  -8.41916e-07  0  0  0  0  0  0  0  0.0171577  0  0  0
0.578004  0  -0.000175567  -1.62665e-05  0  0  0  0  0  0  0  0.0170696  0  0  0
0.589413  0  -0.0001808  -3.0037e-05  0  0  0  0  0  0  0  0.0167839  0  0  0
0.600872  0  -0.000185019  -4.2282e-05  0  0  0  0  0  0  0  0.0163013  0  0  0
0.612378  0  -0.000188304  -5.31212e-05  0  0  0  0  0  0  0  0.0156232  0  0  0
0.62393  0  -0.000190729  -6.26626e-05  0  0  0  0  0  0  0  0.0147531  0  0  0
0.635528  0  -0.000192359  -7.10045e-05  0  0  0  0  0  0  0  0.0136924  0  0  0
0.64717  0  -0.00019325  -7.82348e-05  0  0  0  0  0  0  0  0.012444  0  0  0
0.658855  0  -0.000193456  -8.44346e-05  0  0  0  0  0  0  0  0.011011  0  0  0
0.670582  0  -0.000193019  -8.9678e-05  0  0  0  0  0  0  0  0.0093958  0  0  0
0.68235  0  -0.000191979  -9.40282e-05  0  0  0  0  0  0  0  0.00760071  0  0  0
0.694158  0  -0.000190372  -9.75463e-05  0  0  0  0  0  0  0  0.00562783  0  0  0
0.706005  0  -0.000188226  -0.000100283  0  0  0  0  0  0  0  0.00347902  0  0  0
0.71789  0  -0.000185568  -0.000102288  0  0  0  0  0  0  0  0.00115567  0  0  0
0.729812  0  -0.000182418  -0.000103602  0  0  0  0  0  0  0  0.000103627  0  0  0
0.741771  0  -0.000178795  -0.000104262  0  0  0  0  0  0  0  0.000100956  0  0  0
0.753765  0  -0.000174713  -0.000104303  0  0  0  0  0  0  0  9.81119e-05  0  0  0
0.765793  0  -0.000170185  -0.000103754  0  0  0  0  0  0  0  9.5093e-05  0  0  0
0.777856  0  -0.00016522  -0.000102639  0  0  0  0  0  0  0  9.18984e-05  0  0  0
0.789952  0  -0.000159824  -0.000100982  0  0  0  0  0  0  0  8.85267e-05  0  0  0
0.80208  0  -0.000154002  -9.88026e-05  0  0  0  0  0  0  0  8.49758e-05  0  0  0
0.814239  0  -0.000147756  -9.61162e-05  0  0  0  0  0  0  0  8.12424e-05  0  0  0
0.82643  0  -0.000141087  -9.29381e-05  0  0  0  0  0  0  0  7.73233e-05  0  0  0
0.838651  0  -0.000133993  -8.92794e-05  0  0  0  0  0  0  0  7.32152e-05  0  0  0
0.850901  0  -0.000126471  -8.51494e-05  0  0  0  0  0  0  0  6.89131e-05  0  0  0
0.863181  0  -0.000118517  -8.05566e-05  0  0  0  0  0  0  0  6.4413e-05  0  0  0
0.875488  0  -0.000110124  -7.55051e-05  0  0  0  0  0  0  0  5.97087e-05  0  0  0
0.887824  0  -0.000101286  -6.99996e-05  0  0  0  0  0  0  0  5.47945e-05  0  0  0
0.900186  0  -9.19949e-05  -6.40429e-05  0  0  0  0  0  0  0  4.96656e-05  0  0  0
0.912576  0  -8.22397e-05  -5.76349e-05  0  0  0  0  0  0  0  4.43139e-05  0  0  0
0.924991  0  -7.20108e-05  -5.07771e-05  0  0  0  0  0  0  0  3.87327e-05  0  0  0
0.937432  0  -6.12972e-05  -4.34662e-05  0  0  0  0  0  0  0  3.29155e-05  0  0  0
0.949897  0  -5.0086e-05  -3.57009e-05  0  0  0  0  0  0  0  2.68535e-05  0  0  0
0.962388  0  -3.83645e-05  -2.74768e-05  0  0  0  0  0  0  0  2.05396e-05  0  0  0
0.974902  0  -2.61192e-05  -1.87885e-05  0  0  0  0  0  0  0  1.3965e-05  0  0  0
0.987439  0  -1.33359e-05  -9.63174e-06  0  0  0  0  0  0  0  7.12159e-06  0  0  0
1  0  0  0  0  0  0  0  0  0  0  0  0  0  0
