1e-05  0  -31.1603  -0.000891067  0  0  0  0  0  0  0  92.9065  0  0  0
1.09199e-05  0  -31.1603  -0.000890657  0  0  0  0  0  0  0  92.9064  0  0  0
1.19243e-05  0  -31.1603  -0.000890192  0  0  0  0  0  0  0  92.9063  0  0  0
1.30212e-05  0  -31.1603  -0.000889678  0  0  0  0  0  0  0  92.9062  0  0  0
1.4219e-05  0  -31.1603  -0.000889104  0  0  0  0  0  0  0  92.9061  0  0  0
1.55269e-05  0  -31.1603  -0.000888452  0  0  0  0  0  0  0  92.906  0  0  0
1.69551e-05  0  -31.1603  -0.00088774  0  0  0  0  0  0  0  92.9058  0  0  0
1.85147e-05  0  -31.1603  -0.000886936  0  0  0  0  0  0  0  92.9056  0  0  0
2.02177e-05  0  -31.1603  -0.000886045  0  0  0  0  0  0  0  92.9055  0  0  0
2.20773e-05  0  -31.1603  -0.000885047  0  0  0  0  0  0  0  92.9052  0  0  0
2.4108e-05  0  -31.1603  -0.000883937  0  0  0  0  0  0  0  92.905  0  0  0
2.63254e-05  0  -31.1603  -0.000882693  0  0  0  0  0  0  0  92.9047  0  0  0
2.87468e-05  0  -31.1603  -0.000881303  0  0  0  0  0  0  0  92.9044  0  0  0
3.13908e-05  0  -31.1603  -0.000879757  0  0  0  0  0  0  0  92.9041  0  0  0
3.42779e-05  0  -31.1603  -0.000878025  0  0  0  0  0  0  0  92.9037  0  0  0
3.74305e-05  0  -31.1603  -0.000876099  0  0  0  0  0  0  0  92.9033  0  0  0
4.0873e-05  0  -31.1603  -0.000873942  0  0  0  0  0  0  0  92.9029  0  0  0
4.4632e-05  0  -31.1603  -0.000871535  0  0  0  0  0  0  0  92.9024  0  0  0
4.87366e-05  0  -31.1603  -0.000868857  0  0  0  0  0  0  0  92.9018  0  0  0
5.32186e-05  0  -31.1603  -0.000865858  0  0  0  0  0  0  0  92.9012  0  0  0
5.81127e-05  0  -31.1603  -0.00086252  0  0  0  0  0  0  0  92.9005  0  0  0
6.34566e-05  0  -31.1603  -0.000858795  0  0  0  0  0  0  0  92.8997  0  0  0
6.92917e-05  0  -31.1603  -0.00085463  0  0  0  0  0  0  0  92.8988  0  0  0
7.56631e-05  0  -31.1603  -0.000849981  0  0  0  0  0  0  0  92.8978  0  0  0
8.26202e-05  0  -31.1603  -0.000844806  0  0  0  0  0  0  0  92.8967  0  0  0
9.02165e-05  0  -31.1603  -0.000839021  0  0  0  0  0  0  0  92.8955  0  0  0
9.85109e-05  0  -31.1603  -0.00083258  0  0  0  0  0  0  0  92.8941  0  0  0
0.000107567  0  -31.1603  -0.00082539  0  0  0  0  0  0  0  92.8926  0  0  0
0.000117456  0  -31.1603  -0.000817366  0  0  0  0  0  0  0  92.8909  0  0  0
0.000128253  0  -31.1603  -0.000808422  0  0  0  0  0  0  0  92.889  0  0  0
0.000140041  0  -31.1603  -0.000798441  0  0  0  0  0  0  0  92.8868  0  0  0
0.000152912  0  -31.1603  -0.000787318  0  0  0  0  0  0  0  92.8845  0  0  0
0.000166965  0  -31.1603  -0.000774913  0  0  0  0  0  0  0  92.8818  0  0  0
0.000182307  0  -31.1603  -0.000761088  0  0  0  0  0  0  0  92.8789  0  0  0
0.000199058  0  -31.1603  -0.000745669  0  0  0  0  0  0  0  92.8756  0  0  0
0.000217347  0  -31.1603  -0.000728477  0  0  0  0  0  0  0  92.872  0  0  0
0.000237312  0  -31.1603  -0.000709314  0  0  0  0  0  0  0  92.868  0  0  0
0.00025911  0  -31.1603  -0.000687934  0  0  0  0  0  0  0  92.8635  0  0  0
0.000282906  0  -31.1603  -0.00066407  0  0  0  0  0  0  0  92.8586  0  0  0
0.000308883  0  -31.1602  -0.000637379  0  0  0  0  0  0  0  92.8532  0  0  0
0.00033724  0  -31.1602  -0.000607464  0  0  0  0  0  0  0  92.8473  0  0  0
0.000368196  0  -31.1602  -0.000573795  0  0  0  0  0  0  0  92.8411  0  0  0
0.000401985  0  -31.1602  -0.000535611  0  0  0  0  0  0  0  92.8347  0  0  0
0.000438868  0  -31.1602  -0.000491817  0  0  0  0  0  0  0  92.8286  0  0  0
0.000479125  0  -31.1602  -0.000440657  0  0  0  0  0  0  0  92.8236  0  0  0
0.000523063  0  -31.1602  -0.000379272  0  0  0  0  0  0  0  92.8214  0  0  0
0.000571017  0  -31.1601  -0.000302758  0  0  0  0  0  0  0  92.825  0  0  0
0.000623351  0  -31.1601  -0.000202533  0  0  0  0  0  0  0  92.8402  0  0  0
0.000680461  0  -31.16  -6.34864e-05  0  0  0  0  0  0  0  92.8773  0  0  0
0.000742781  0  -31.1598  0.000141092  0  0  0  0  0  0  0  92.9552  0  0  0
0.000810781  0  -31.1596  0.00045789  0  0  0  0  0  0  0  93.1069  0  0  0
0.000884973  0  -31.1592  0.000966363  0  0  0  0  0  0  0  93.3895  0  0  0
0.000965915  0  -31.1584  0.00179451  0  0  0  0  0  0  0  93.895  0  0  0
0.00105421  0  -31.1572  0.00312771  0  0  0  0  0  0  0  94.757  0  0  0
0.00115053  0  -31.1554  0.00518137  0  0  0  0  0  0  0  96.1311  0  0  0
0.00125558  0  -31.1527  0.00809178  0  0  0  0  0  0  0  98.1151  0  0  0
0.00137014  0  -31.1493  0.0117314  0  0  0  0  0  0  0  100.615  0  0  0
0.00149506  0  -31.1457  0.015619  0  0  0  0  0  0  0  103.281  0  0  0
0.00163126  0  -31.1424  0.019135  0  0  0  0  0  0  0  105.662  0  0  0
0.00177974  0  -29.1722  0.0218848  0  0  0  0  0  0  0  107.468  0  0  0
0.00194158  0  -27.4531  0.0238271  0  0  0  0  0  0  0  108.667  0  0  0
0.00211795  0  -26.3505  0.025134  0  0  0  0  0  0  0  109.377  0  0  0
0.00231012  0  -25.66  0.0260192  0  0  0  0  0  0  0  109.743  0  0  0
0.00251947  0  -25.2156  0.0266551  0  0  0  0  0  0  0  109.869  0  0  0
0.00274748  0  -24.9008  0.0271611  0  0  0  0  0  0  0  109.798  0  0  0
0.00299576  0  -24.6319  0.0276184  0  0  0  0  0  0  0  109.508  0  0  0
0.00326605  0  -24.3354  0.0280927  0  0  0  0  0  0  0  108.877  0  0  0
0.00356021  0  -23.9207  0.0286569  0  0  0  0  0  0  0  107.634  0  0  0
0.00388027  0  -23.247  0.0294182  0  0  0  0  0  0  0  105.247  0  0  0
0.00422838  0  -22.0884  0.0305457  0  0  0  0  0  0  0  100.803  0  0  0
0.00460689  0  -20.138  0.0322677  0  0  0  0  0  0  0  93.0357  0  0  0
0.00501829  0  -17.1489  0.0347652  0  0  0  0  0  0  0  80.9175  0  0  0
0.00546526  0  -13.2654  0.0379215  0  0  0  0  0  0  0  65.0514  0  0  0
0.00595067  0  -9.2036  0.0411854  0  0  0  0  0  0  0  48.4264  0  0  0
0.00647757  0  -5.80137  0.0439125  0  0  0  0  0  0  0  34.5367  0  0  0
0.00704924  0  -3.4072  0.0458273  0  0  0  0  0  0  0  24.8306  0  0  0
0.00766915  0  -1.87438  0.0470291  0  0  0  0  0  0  0  18.687  0  0  0
0.00834097  0  -0.900549  0.693609  0  0  0  0  0  0  0  14.8354  0  0  0
0.0090686  0  -0.237974  1.091  0  0  0  0  0  0  0  12.2364  0  0  0
0.00985616  0  0.266415  1.29602  0  0  0  0  0  0  0  10.251  0  0  0
0.010708  0  0.693894  1.38219  0  0  0  0  0  0  0  8.54617  0  0  0
0.0116286  0  1.08196  1.39901  0  0  0  0  0  0  0  6.97796  0  0  0
0.0126229  0  1.44405  1.38401  0  0  0  0  0  0  0  5.50691  0  0  0
0.0136956  0  1.78181  1.36697  0  0  0  0  0  0  0  4.14376  0  0  0
0.0148521  0  2.09253  1.36995  0  0  0  0  0  0  0  2.91473  0  0  0
0.0160977  0  2.37324  1.40643  0  0  0  0  0  0  0  1.84173  0  0  0
0.0174377  0  2.62262  1.48152  0  0  0  0  0  0  0  0.933619  0  0  0
0.0188781  0  2.84137  1.59344  0  0  0  0  0  0  0  0.185558  0  0  0
0.0204243  0  3.03174  1.7358  0  0  0  0  0  0  0  -0.417412  0  0  0
0.0220824  0  3.19685  1.89988  0  0  0  0  0  0  0  -0.89567  0  0  0
0.0238583  0  3.34005  2.07642  0  0  0  0  0  0  0  -1.27097  0  0  0
0.0257578  0  3.46457  2.25673  0  0  0  0  0  0  0  -1.56376  0  0  0
0.027787  0  3.57321  2.43324  0  0  0  0  0  0  0  -1.79186  0  0  0
0.0299516  0  3.66834  2.59971  0  0  0  0  0  0  0  -1.96993  0  0  0
0.0322576  0  3.75187  2.75107  0  0  0  0  0  0  0  -2.10965  0  0  0
0.0347104  0  3.82532  2.88331  0  0  0  0  0  0  0  -2.13314  0  0  0
0.0373157  0  3.88988  2.99323  0  0  0  0  0  0  0  -2.13323  0  0  0
0.0400785  0  3.94645  3.07821  0  0  0  0  0  0  0  -2.1333  0  0  0
0.043004  0  3.99576  3.13603  0  0  0  0  0  0  0  -2.13336  0  0  0
0.0460967  0  4.03833  3.16469  0  0  0  0  0  0  0  -2.13341  0  0  0
0.0493609  0  4.07457  3.16229  0  0  0  0  0  0  0  -2.13344  0  0  0
0.0528007  0  4.10477  3.1269  0  0  0  0  0  0  0  -2.13347  0  0  0
0.0564196  0  4.12913  3.05647  0  0  0  0  0  0  0  -2.1335  0  0  0
0.0602206  0  4.14779  2.94875  0  0  0  0  0  0  0  -2.13352  0  0  0
0.0642064  0  4.16081  2.80126  0  0  0  0  0  0  0  -2.13353  0  0  0
0.0683793  0  4.16818  2.6112  0  0  0  0  0  0  0  -2.13354  0  0  0
0.072741  0  4.16985  2.37545  0  0  0  0  0  0  0  -2.13355  0  0  0
0.0772927  0  4.16571  2.09054  0  0  0  0  0  0  0  -2.13355  0  0  0
0.0820352  0  4.15559  1.75261  0  0  0  0  0  0  0  -2.13355  0  0  0
0.0869689  0  4.13931  1.35748  0  0  0  0  0  0  0  -2.13354  0  0  0
0.0920937  0  4.1166  0.90059  0  0  0  0  0  0  0  -2.13353  0  0  0
0.097409  0  4.0872  0.377098  0  0  0  0  0  0  0  -2.13351  0  0  0
0.102914  0  4.05077  0.0468257  0  0  0  0  0  0  0  -2.13349  0  0  0
0.108607  0  4.007  0.0461536  0  0  0  0  0  0  0  -2.13346  0  0  0
0.114487  0  3.95552  0.0453992  0  0  0  0  0  0  0  -2.13343  0  0  0
0.120552  0  3.896  0.0445575  0  0  0  0  0  0  0  -2.1334  0  0  0
0.126799  0  3.82809  0.0436235  0  0  0  0  0  0  0  -2.13336  0  0  0
0.133226  0  3.75152  0.0425928  0  0  0  0  0  0  0  -2.13331  0  0  0
0.13983  0  3.66603  0.041462  0  0  0  0  0  0  0  -2.13326  0  0  0
0.146608  0  3.57148  0.0402283  0  0  0  0  0  0  0  -2.1332  0  0  0
0.153557  0  3.46782  0.0388906  0  0  0  0  0  0  0  -2.13314  0  0  0
0.160674  0  3.35511  0.0374493  0  0  0  0  0  0  0  -2.13307  0  0  0
0.167955  0  3.2336  0.0359066  0  0  0  0  0  0  0  -2.0692  0  0  0
0.175396  0  3.10368  0.034267  0  0  0  0  0  0  0  -1.9888  0  0  0
0.182995  0  2.96593  0.0325371  0  0  0  0  0  0  0  -1.90345  0  0  0
0.190747  0  2.82114  0.030726  0  0  0  0  0  0  0  -1.81363  0  0  0
0.198649  0  2.67028  0.028845  0  0  0  0  0  0  0  -1.71996  0  0  0
0.206698  0  2.51446  0.0269077  0  0  0  0  0  0  0  -1.62315  0  0  0
0.214888  0  2.355  0.0249293  0  0  0  0  0  0  0  -1.524  0  0  0
0.223217  0  2.19327  0.0229265  0  0  0  0  0  0  0  -1.42341  0  0  0
0.231682  0  2.03076  0.0209169  0  0  0  0  0  0  0  -1.32228  0  0  0
0.240277  0  1.86895  0.0189185  0  0  0  0  0  0  0  -1.22156  0  0  0
0.249001  0  1.7093  0.0169486  0  0  0  0  0  0  0  -1.12216  0  0  0
0.257849  0  1.55319  0.015024  0  0  0  0  0  0  0  -1.02495  0  0  0
0.266818  0  1.40188  0.0131598  0  0  0  0  0  0  0  -0.930713  0  0  0
0.275904  0  1.25648  0.0113694  0  0  0  0  0  0  0  -0.840152  0  0  0
0.285104  0  1.1179  0.00966386  0  0  0  0  0  0  0  -0.753834  0  0  0
0.294416  0  0.986882  0.00805225  0  0  0  0  0  0  0  -0.672219  0  0  0
0.303834  0  0.863951  0.00654115  0  0  0  0  0  0  0  -0.595638  0  0  0
0.313358  0  0.749452  0.005135  0  0  0  0  0  0  0  -0.524315  0  0  0
0.322983  0  0.643558  0.00383632  0  0  0  0  0  0  0  -0.458343  0  0  0
0.332707  0  0.546282  0.0026459  0  0  0  0  0  0  0  -0.397739  0  0  0
0.342526  0  0.457523  0.00156321  0  0  0  0  0  0  0  -0.342427  0  0  0
0.352439  0  0.377068  0.000586692  0  0  0  0  0  0  0  -0.292278  0  0  0
0.362442  0  0.304642  -0.000285868  0  0  0  0  0  0  0  -0.247103  0  0  0
0.372533  0  0.239917  -0.00105708  0  0  0  0  0  0  0  -0.206699  0  0  0
0.382709  0  0.182527  -0.00172967  0  0  0  0  0  0  0  -0.170822  0  0  0
0.392967  0  0.132109  -0.0023063  0  0  0  0  0  0  0  -0.139233  0  0  0
0.403306  0  0.0882929  -0.00278945  0  0  0  0  0  0  0  -0.111696  0  0  0
0.413723  0  0.0507188  -0.00318136  0  0  0  0  0  0  0  -0.0879712  0  0  0
0.424216  0  0.019046  -0.00348409  0  0  0  0  0  0  0  -0.0678294  0  0  0
0.434783  0  -0.00704889  -0.00369959  0  0  0  0  0  0  0  -0.05106  0  0  0
0.445422  0  -0.0278893  -0.00382991  0  0  0  0  0  0  0  -0.0374498  0  0  0
0.45613  0  -0.0437815  -0.00387733  0  0  0  0  0  0  0  -0.0267935  0  0  0
0.466905  0  -0.0550346  -0.00384463  0  0  0  0  0  0  0  -0.0188999  0  0  0
0.477747  0  -0.061969  -0.00373528  0  0  0  0  0  0  0  -0.0135632  0  0  0
0.488653  0  -0.0649139  -0.00355358  0  0  0  0  0  0  0  -0.0105741  0  0  0
0.499621  0  -0.0642185  -0.00330487  0  0  0  0  0  0  0  -0.00972652  0  0  0
0.510649  0  -0.0602547  -0.00299541  0  0  0  0  0  0  0  -0.0107973  0  0  0
0.521736  0  -0.053409  -0.00263248  0  0  0  0  0  0  0  -0.0135496  0  0  0
0.532881  0  -0.0440906  -0.00222407  0  0  0  0  0  0  0  -0.0177617  0  0  0
0.544082  0  -0.0327088  -0.00177886  0  0  0  0  0  0  0  -0.0231843  0  0  0
0.555337  0  -0.0196756  -0.00130577  0  0  0  0  0  0  0  -0.0295882  0  0  0
0.566644  0  -0.00540043  -0.000813812  0  0  0  0  0  0  0  -0.0367405  0  0  0
0.578004  0  0.00973623  -0.000311743  0  0  0  0  0  0  0  -0.0444274  0  0  0
0.589413  0  0.0253651  0.000192117  0  0  0  0  0  0  0  -0.0524395  0  0  0
0.600872  0  0.0411658  0.000690196  0  0  0  0  0  0  0  -0.0605965  0  0  0
0.612378  0  0.0568347  0.00117562  0  0  0  0  0  0  0  -0.0687342  0  0  0
0.62393  0  0.0721231  0.00164251  0  0  0  0  0  0  0  -0.0767016  0  0  0
0.635528  0  0.0868104  0.00208583  0  0  0  0  0  0  0  -0.0843873  0  0  0
0.64717  0  0.100716  0.00250145  0  0  0  0  0  0  0  -0.0916784  0  0  0
0.658855  0  0.113689  0.00288614  0  0  0  0  0  0  0  -0.0985017  0  0  0
0.670582  0  0.125627  0.00323733  0  0  0  0  0  0  0  -0.104788  0  0  0
0.68235  0  0.136427  0.0035532  0  0  0  0  0  0  0  -0.110484  0  0  0
0.694158  0  0.146023  0.00383245  0  0  0  0  0  0  0  -0.115551  0  0  0
0.706005  0  0.154386  0.0040743  0  0  0  0  0  0  0  -0.119967  0  0  0
0.71789  0  0.161469  0.00427831  0  0  0  0  0  0  0  -0.123713  0  0  0
0.729812  0  0.167262  0.00444435  0  0  0  0  0  0  0  -0.126778  0  0  0
0.741771  0  0.171763  0.00457259  0  0  0  0  0  0  0  -0.129153  0  0  0
0.753765  0  0.174963  0.00466333  0  0  0  0  0  0  0  -0.130836  0  0  0
0.765793  0  0.176883  0.00471702  0  0  0  0  0  0  0  -0.131838  0  0  0
0.777856  0  0.177522  0.00473425  0  0  0  0  0  0  0  -0.132154  0  0  0
0.789952  0  0.176909  0.00471565  0  0  0  0  0  0  0  -0.131794  0  0  0
0.80208  0  0.175052  0.00466195  0  0  0  0  0  0  0  -0.130763  0  0  0
0.814239  0  0.171987  0.00457399  0  0  0  0  0  0  0  -0.129064  0  0  0
0.82643  0  0.167725  0.00445259  0  0  0  0  0  0  0  -0.126707  0  0  0
0.838651  0  0.162305  0.00429875  0  0  0  0  0  0  0  -0.1237  0  0  0
0.850901  0  0.155757  0.00411347  0  0  0  0  0  0  0  -0.12004  0  0  0
0.863181  0  0.148107  0.00389791  0  0  0  0  0  0  0  -0.115725  0  0  0
0.875488  0  0.139398  0.00365333  0  0  0  0  0  0  0  -0.110745  0  0  0
0.887824  0  0.129665  0.00338113  0  0  0  0  0  0  0  -0.105081  0  0  0
0.900186  0  0.118944  0.00308286  0  0  0  0  0  0  0  -0.0986934  0  0  0
0.912576  0  0.107276  0.00276026  0  0  0  0  0  0  0  -0.0915263  0  0  0
0.924991  0  0.094695  0.00241518  0  0  0  0  0  0  0  -0.0834725  0  0  0
0.937432  0  0.0812297  0.00204972  0  0  0  0  0  0  0  -0.0743854  0  0  0
0.949897  0  0.0668886  0.00166611  0  0  0  0  0  0  0  -0.0640323  0  0  0
0.962388  0  0.0516747  0.00126674  0  0  0  0  0  0  0  -0.0520699  0  0  0
0.974902  0  0.0355364  0.000854176  0  0  0  0  0  0  0  -0.0379775  0  0  0
0.987439  0  0.0183735  0.000431024  0  0  0  0  0  0  0  -0.0209942  0  0  0
1  0  0  0  0  0  0  0  0  0  0  0  0  0  0
