1e-05  0  5.8459e-06  10.7755  0  0  0  0  0  0  0  7.44079  0  0  0
1.09199e-05  0  5.84917e-06  10.7725  0  0  0  0  0  0  0  7.44348  0  0  0
1.19243e-05  0  5.85263e-06  10.7692  0  0  0  0  0  0  0  7.44641  0  0  0
1.30212e-05  0  5.85627e-06  10.7657  0  0  0  0  0  0  0  7.44955  0  0  0
1.4219e-05  0  5.86013e-06  10.762  0  0  0  0  0  0  0  7.45294  0  0  0
1.55269e-05  0  5.86421e-06  10.7581  0  0  0  0  0  0  0  7.45654  0  0  0
1.69551e-05  0  5.86854e-06  10.7538  0  0  0  0  0  0  0  7.4604  0  0  0
1.85147e-05  0  5.87311e-06  10.7494  0  0  0  0  0  0  0  7.46451  0  0  0
2.02177e-05  0  5.87797e-06  10.7446  0  0  0  0  0  0  0  7.46888  0  0  0
2.20773e-05  0  5.88311e-06  10.7396  0  0  0  0  0  0  0  7.47353  0  0  0
2.4108e-05  0  5.88856e-06  10.7342  0  0  0  0  0  0  0  7.47847  0  0  0
2.63254e-05  0  5.89434e-06  10.7286  0  0  0  0  0  0  0  7.48371  0  0  0
2.87468e-05  0  5.90046e-06  10.7225  0  0  0  0  0  0  0  7.48927  0  0  0
3.13908e-05  0  5.90696e-06  10.7162  0  0  0  0  0  0  0  7.49516  0  0  0
3.42779e-05  0  5.91384e-06  10.7094  0  0  0  0  0  0  0  7.50142  0  0  0
3.74305e-05  0  5.92115e-06  10.7022  0  0  0  0  0  0  0  7.50805  0  0  0
4.0873e-05  0  5.92889e-06  10.6946  0  0  0  0  0  0  0  7.51509  0  0  0
4.4632e-05  0  5.9371e-06  10.6866  0  0  0  0  0  0  0  7.52254  0  0  0
4.87366e-05  0  5.9458e-06  10.678  0  0  0  0  0  0  0  7.53044  0  0  0
5.32186e-05  0  5.95502e-06  10.669  0  0  0  0  0  0  0  7.5388  0  0  0
5.81127e-05  0  5.9648e-06  10.6594  0  0  0  0  0  0  0  7.54767  0  0  0
6.34566e-05  0  5.97517e-06  10.6492  0  0  0  0  0  0  0  7.55706  0  0  0
6.92917e-05  0  5.98616e-06  10.6385  0  0  0  0  0  0  0  7.567  0  0  0
7.56631e-05  0  5.9978e-06  10.6271  0  0  0  0  0  0  0  7.57754  0  0  0
8.26202e-05  0  6.01015e-06  10.6151  0  0  0  0  0  0  0  7.58869  0  0  0
9.02165e-05  0  6.02323e-06  10.6023  0  0  0  0  0  0  0  7.6005  0  0  0
9.85109e-05  0  6.03709e-06  10.5888  0  0  0  0  0  0  0  7.61299  0  0  0
0.000107567  0  6.05178e-06  10.5745  0  0  0  0  0  0  0  7.62621  0  0  0
0.000117456  0  6.06734e-06  10.5594  0  0  0  0  0  0  0  7.64021  0  0  0
0.000128253  0  6.08383e-06  10.5434  0  0  0  0  0  0  0  7.65501  0  0  0
0.000140041  0  6.1013e-06  10.5264  0  0  0  0  0  0  0  7.67068  0  0  0
0.000152912  0  6.11979e-06  10.5085  0  0  0  0  0  0  0  7.68724  0  0  0
0.000166965  0  6.13938e-06  10.4896  0  0  0  0  0  0  0  7.70476  0  0  0
0.000182307  0  6.16013e-06  10.4696  0  0  0  0  0  0  0  7.72327  0  0  0
0.000199058  0  6.18209e-06  10.4484  0  0  0  0  0  0  0  7.74284  0  0  0
0.000217347  0  6.20535e-06  10.4261  0  0  0  0  0  0  0  7.76353  0  0  0
0.000237312  0  6.22996e-06  10.4025  0  0  0  0  0  0  0  7.78537  0  0  0
0.00025911  0  6.25601e-06  10.3775  0  0  0  0  0  0  0  7.80844  0  0  0
0.000282906  0  6.28357e-06  10.3512  0  0  0  0  0  0  0  7.8328  0  0  0
0.000308883  0  6.31273e-06  10.3234  0  0  0  0  0  0  0  7.85852  0  0  0
0.00033724  0  6.34358e-06  10.2941  0  0  0  0  0  0  0  7.88565  0  0  0
0.000368196  0  6.3762e-06  10.2631  0  0  0  0  0  0  0  7.91427  0  0  0
0.000401985  0  6.41069e-06  10.2305  0  0  0  0  0  0  0  7.94446  0  0  0
0.000438868  0  6.44716e-06  10.1961  0  0  0  0  0  0  0  7.97627  0  0  0
0.000479125  0  6.4857e-06  10.1598  0  0  0  0  0  0  0  8.0098  0  0  0
0.000523063  0  6.52642e-06  10.1216  0  0  0  0  0  0  0  8.04511  0  0  0
0.000571017  0  6.56943e-06  10.0814  0  0  0  0  0  0  0  8.0823  0  0  0
0.000623351  0  6.61486e-06  10.0391  0  0  0  0  0  0  0  8.12142  0  0  0
0.000680461  0  6.66281e-06  9.99455  0  0  0  0  0  0  0  8.16259  0  0  0
0.000742781  0  6.71343e-06  9.94772  0  0  0  0  0  0  0  8.20586  0  0  0
0.000810781  0  6.76684e-06  9.89851  0  0  0  0  0  0  0  8.25134  0  0  0
0.000884973  0  6.82316e-06  9.84682  0  0  0  0  0  0  0  8.2991  0  0  0
0.000965915  0  6.88255e-06  9.79255  0  0  0  0  0  0  0  8.34925  0  0  0
0.00105421  0  6.94514e-06  9.7356  0  0  0  0  0  0  0  8.40184  0  0  0
0.00115053  0  7.01108e-06  9.6759  0  0  0  0  0  0  0  8.45699  0  0  0
0.00125558  0  7.08051e-06  9.61333  0  0  0  0  0  0  0  8.51476  0  0  0
0.00137014  0  7.1536e-06  9.54779  0  0  0  0  0  0  0  8.57525  0  0  0
0.00149506  0  7.23049e-06  9.4792  0  0  0  0  0  0  0  8.63854  0  0  0
0.00163126  0  7.31135e-06  9.40748  0  0  0  0  0  0  0  8.70472  0  0  0
0.00177974  0  7.39633e-06  9.33252  0  0  0  0  0  0  0  8.77384  0  0  0
0.00194158  0  7.48558e-06  9.25426  0  0  0  0  0  0  0  8.84599  0  0  0
0.00211795  0  7.57929e-06  9.17259  0  0  0  0  0  0  0  8.92124  0  0  0
0.00231012  0  7.67759e-06  9.08746  0  0  0  0  0  0  0  8.99965  0  0  0
0.00251947  0  7.78066e-06  8.99879  0  0  0  0  0  0  0  9.08126  0  0  0
0.00274748  0  7.88865e-06  8.90652  0  0  0  0  0  0  0  9.16615  0  0  0
0.00299576  0  8.00171e-06  8.8106  0  0  0  0  0  0  0  9.25433  0  0  0
0.00326605  0  8.12e-06  8.71098  0  0  0  0  0  0  0  9.34586  0  0  0
0.00356021  0  8.24365e-06  8.6076  0  0  0  0  0  0  0  9.44074  0  0  0
0.00388027  0  8.37282e-06  8.50046  0  0  0  0  0  0  0  9.53898  0  0  0
0.00422838  0  8.50762e-06  8.38951  0  0  0  0  0  0  0  9.64059  0  0  0
0.00460689  0  8.64818e-06  8.27478  0  0  0  0  0  0  0  9.74555  0  0  0
0.00501829  0  8.79461e-06  8.15625  0  0  0  0  0  0  0  9.85383  0  0  0
0.00546526  0  8.94702e-06  8.03394  0  0  0  0  0  0  0  9.96538  0  0  0
0.00595067  0  9.10548e-06  7.90789  0  0  0  0  0  0  0  10.0801  0  0  0
0.00647757  0  9.27007e-06  7.77813  0  0  0  0  0  0  0  10.198  0  0  0
0.00704924  0  9.44086e-06  7.64473  0  0  0  0  0  0  0  10.3189  0  0  0
0.00766915  0  9.61787e-06  7.50775  0  0  0  0  0  0  0  10.4428  0  0  0
0.00834097  0  9.80113e-06  7.36728  0  0  0  0  0  0  0  10.5694  0  0  0
0.0090686  0  9.99066e-06  7.22343  0  0  0  0  0  0  0  10.6986  0  0  0
0.00985616  0  1.01864e-05  7.07631  0  0  0  0  0  0  0  10.8302  0  0  0
0.010708  0  1.03884e-05  6.92604  0  0  0  0  0  0  0  10.964  0  0  0
0.0116286  0  1.05965e-05  6.77276  0  0  0  0  0  0  0  11.0999  0  0  0
0.0126229  0  1.08108e-05  6.61662  0  0  0  0  0  0  0  11.2374  0  0  0
0.0136956  0  1.1031e-05  6.4578  0  0  0  0  0  0  0  11.3763  0  0  0
0.0148521  0  1.12571e-05  6.29646  0  0  0  0  0  0  0  11.5164  0  0  0
0.0160977  0  1.14889e-05  6.13278  0  0  0  0  0  0  0  11.6572  0  0  0
0.0174377  0  1.17264e-05  5.96696  0  0  0  0  0  0  0  11.7983  0  0  0
0.0188781  0  1.19694e-05  5.79918  0  0  0  0  0  0  0  11.9394  0  0  0
0.0204243  0  1.22177e-05  5.62962  0  0  0  0  0  0  0  12.0801  0  0  0
0.0220824  0  1.24712e-05  5.45853  0  0  0  0  0  0  0  12.2197  0  0  0
0.0238583  0  1.27297e-05  5.28605  0  0  0  0  0  0  0  12.3579  0  0  0
0.0257578  0  1.2993e-05  5.1124  0  0  0  0  0  0  0  12.494  0  0  0
0.027787  0  1.3261e-05  4.93776  0  0  0  0  0  0  0  12.6274  0  0  0
0.0299516  0  1.35336e-05  4.76231  0  0  0  0  0  0  0  12.7575  0  0  0
0.0322576  0  1.38106e-05  4.58622  0  0  0  0  0  0  0  12.8835  0  0  0
0.0347104  0  1.4092e-05  4.40965  0  0  0  0  0  0  0  13.0048  0  0  0
0.0373157  0  1.43777e-05  4.23271  0  0  0  0  0  0  0  13.1205  0  0  0
0.0400785  0  1.46678e-05  4.05558  0  0  0  0  0  0  0  13.2298  0  0  0
0.043004  0  1.49623e-05  3.87834  0  0  0  0  0  0  0  13.3317  0  0  0
0.0460967  0  1.52612e-05  3.7011  0  0  0  0  0  0  0  13.4252  0  0  0
0.0493609  0  1.55648e-05  3.52396  0  0  0  0  0  0  0  13.5094  0  0  0
0.0528007  0  1.58733e-05  3.34702  0  0  0  0  0  0  0  13.583  0  0  0
0.0564196  0  1.6187e-05  3.17036  0  0  0  0  0  0  0  13.6449  0  0  0
0.0602206  0  1.65061e-05  2.99409  0  0  0  0  0  0  0  13.6939  0  0  0
0.0642064  0  1.68312e-05  2.81837  0  0  0  0  0  0  0  13.7287  0  0  0
0.0683793  0  1.71626e-05  2.64341  0  0  0  0  0  0  0  13.7478  0  0  0
0.072741  0  1.75007e-05  2.46952  0  0  0  0  0  0  0  13.75  0  0  0
0.0772927  0  1.78458e-05  2.29715  0  0  0  0  0  0  0  13.7338  0  0  0
0.0820352  0  1.81982e-05  2.12696  0  0  0  0  0  0  0  13.6979  0  0  0
0.0869689  0  1.85576e-05  1.95988  0  0  0  0  0  0  0  13.6408  0  0  0
0.0920937  0  1.89236e-05  1.79721  0  0  0  0  0  0  0  13.5614  0  0  0
0.097409  0  1.9295e-05  1.64075  0  0  0  0  0  0  0  13.4587  0  0  0
0.102914  0  1.96701e-05  1.49284  0  0  0  0  0  0  0  13.3317  0  0  0
0.108607  0  2.0046e-05  1.35655  0  0  0  0  0  0  0  13.18  0  0  0
0.114487  0  2.04186e-05  1.23564  0  0  0  0  0  0  0  13.0035  0  0  0
0.120552  0  2.07826e-05  1.13461  0  0  0  0  0  0  0  12.8024  0  0  0
0.126799  0  2.11318e-05  1.05853  0  0  0  0  0  0  0  12.5774  0  0  0
0.133226  0  2.1459e-05  1.01263  0  0  0  0  0  0  0  12.3297  0  0  0
0.13983  0  2.17573e-05  1.00178  0  0  0  0  0  0  0  12.0605  0  0  0
0.146608  0  2.20211e-05  1.02954  0  0  0  0  0  0  0  11.7715  0  0  0
0.153557  0  2.22477e-05  1.09713  0  0  0  0  0  0  0  11.4635  0  0  0
0.160674  0  2.24391e-05  1.20229  0  0  0  0  0  0  0  11.1373  0  0  0
0.167955  0  2.26031e-05  1.33851  0  0  0  0  0  0  0  10.7923  0  0  0
0.175396  0  2.27538e-05  1.49474  0  0  0  0  0  0  0  10.4275  0  0  0
0.182995  0  2.29106e-05  1.65623  0  0  0  0  0  0  0  10.0409  0  0  0
0.190747  0  2.30956e-05  1.80617  0  0  0  0  0  0  0  9.63053  0  0  0
0.198649  0  2.33308e-05  1.92801  0  0  0  0  0  0  0  9.19478  0  0  0
0.206698  0  2.3634e-05  2.00789  0  0  0  0  0  0  0  8.73342  0  0  0
0.214888  0  2.40169e-05  2.03644  0  0  0  0  0  0  0  8.24793  0  0  0
0.223217  0  2.44838e-05  2.00961  0  0  0  0  0  0  0  7.74165  0  0  0
0.231682  0  2.50313e-05  1.9285  0  0  0  0  0  0  0  7.21957  0  0  0
0.240277  0  2.565e-05  1.7984  0  0  0  0  0  0  0  6.68789  0  0  0
0.249001  0  2.63259e-05  1.62745  0  0  0  0  0  0  0  6.15343  0  0  0
0.257849  0  2.70424e-05  1.42525  0  0  0  0  0  0  0  5.62304  0  0  0
0.266818  0  2.77818e-05  1.20174  0  0  0  0  0  0  0  5.10319  0  0  0
0.275904  0  2.85269e-05  0.966354  0  0  0  0  0  0  0  4.59958  0  0  0
0.285104  0  2.9262e-05  0.727478  0  0  0  0  0  0  0  4.11703  0  0  0
0.294416  0  2.9973e-05  0.492226  0  0  0  0  0  0  0  3.65929  0  0  0
0.303834  0  3.06483e-05  0.266327  0  0  0  0  0  0  0  3.22914  0  0  0
0.313358  0  3.12786e-05  0.0542297  0  0  0  0  0  0  0  2.82844  0  0  0
0.322983  0  3.18567e-05  -0.140823  0  0  0  0  0  0  0  2.4582  0  0  0
0.332707  0  3.23778e-05  -0.316612  0  0  0  0  0  0  0  2.11872  0  0  0
0.342526  0  3.28387e-05  -0.471794  0  0  0  0  0  0  0  1.80971  0  0  0
0.352439  0  3.32382e-05  -0.605751  0  0  0  0  0  0  0  1.53041  0  0  0
0.362442  0  3.35763e-05  -0.718391  0  0  0  0  0  0  0  1.27968  0  0  0
0.372533  0  3.38542e-05  -0.810143  0  0  0  0  0  0  0  1.05613  0  0  0
0.382709  0  3.40741e-05  -0.881775  0  0  0  0  0  0  0  0.85815  0  0  0
0.392967  0  3.4239e-05  -0.934326  0  0  0  0  0  0  0  0.684055  0  0  0
0.403306  0  3.43525e-05  -0.969017  0  0  0  0  0  0  0  0.53204  0  0  0
0.413723  0  3.44186e-05  -0.987244  0  0  0  0  0  0  0  0.400322  0  0  0
0.424216  0  3.44416e-05  -0.990517  0  0  0  0  0  0  0  0.28709  0  0  0
0.434783  0  3.4426e-05  -0.980339  0  0  0  0  0  0  0  0.190613  0  0  0
0.445422  0  3.43765e-05  -0.958336  0  0  0  0  0  0  0  0.109188  0  0  0
0.45613  0  3.42977e-05  -0.926056  0  0  0  0  0  0  0  0.0411911  0  0  0
0.466905  0  3.41941e-05  -0.885101  0  0  0  0  0  0  0  -0.0148926  0  0  0
0.477747  0  3.40701e-05  -0.836967  0  0  0  0  0  0  0  -0.0605316  0  0  0
0.488653  0  3.393e-05  -0.783104  0  0  0  0  0  0  0  -0.0970459  0  0  0
0.499621  0  3.37777e-05  -0.724922  0  0  0  0  0  0  0  -0.125687  0  0  0
0.510649  0  3.36168e-05  -0.663681  0  0  0  0  0  0  0  -0.147598  0  0  0
0.521736  0  3.34507e-05  -0.600571  0  0  0  0  0  0  0  -0.163811  0  0  0
0.532881  0  3.32824e-05  -0.536674  0  0  0  0  0  0  0  -0.175266  0  0  0
0.544082  0  3.31144e-05  -0.472916  0  0  0  0  0  0  0  -0.1828  0  0  0
0.555337  0  3.29492e-05  -0.410149  0  0  0  0  0  0  0  -0.18716  0  0  0
0.566644  0  3.27884e-05  -0.34906  0  0  0  0  0  0  0  -0.188984  0  0  0
0.578004  0  3.26338e-05  -0.290215  0  0  0  0  0  0  0  -0.188839  0  0  0
0.589413  0  3.24865e-05  -0.2341  0  0  0  0  0  0  0  -0.187222  0  0  0
0.600872  0  3.23474e-05  -0.181038  0  0  0  0  0  0  0  -0.184521  0  0  0
0.612378  0  3.22172e-05  -0.131287  0  0  0  0  0  0  0  -0.181084  0  0  0
0.62393  0  3.20961e-05  -0.0849915  0  0  0  0  0  0  0  -0.177185  0  0  0
0.635528  0  3.19845e-05  -0.0422211  0  0  0  0  0  0  0  -0.173054  0  0  0
0.64717  0  3.18821e-05  -0.00299072  0  0  0  0  0  0  0  -0.168861  0  0  0
0.658855  0  3.17889e-05  0.0327911  0  0  0  0  0  0  0  -0.164742  0  0  0
0.670582  0  3.17046e-05  0.0652008  0  0  0  0  0  0  0  -0.160789  0  0  0
0.68235  0  3.16287e-05  0.0943909  0  0  0  0  0  0  0  -0.157082  0  0  0
0.694158  0  3.15608e-05  0.120552  0  0  0  0  0  0  0  -0.153664  0  0  0
0.706005  0  3.15003e-05  0.143852  0  0  0  0  0  0  0  -0.150551  0  0  0
0.71789  0  3.14468e-05  0.16452  0  0  0  0  0  0  0  -0.147758  0  0  0
0.729812  0  3.13995e-05  0.182739  0  0  0  0  0  0  0  -0.145294  0  0  0
0.741771  0  3.13581e-05  0.198753  0  0  0  0  0  0  0  -0.143135  0  0  0
0.753765  0  3.13219e-05  0.212738  0  0  0  0  0  0  0  -0.141277  0  0  0
0.765793  0  3.12904e-05  0.224922  0  0  0  0  0  0  0  -0.139687  0  0  0
0.777856  0  3.12631e-05  0.235458  0  0  0  0  0  0  0  -0.138348  0  0  0
0.789952  0  3.12396e-05  0.24456  0  0  0  0  0  0  0  -0.137234  0  0  0
0.80208  0  3.12194e-05  0.25238  0  0  0  0  0  0  0  -0.136318  0  0  0
0.814239  0  3.12022e-05  0.259064  0  0  0  0  0  0  0  -0.13559  0  0  0
0.82643  0  3.11875e-05  0.264748  0  0  0  0  0  0  0  -0.135006  0  0  0
0.838651  0  3.1175e-05  0.269577  0  0  0  0  0  0  0  -0.134556  0  0  0
0.850901  0  3.11645e-05  0.273643  0  0  0  0  0  0  0  -0.134212  0  0  0
0.863181  0  3.11556e-05  0.277039  0  0  0  0  0  0  0  -0.133961  0  0  0
0.875488  0  3.11482e-05  0.279839  0  0  0  0  0  0  0  -0.133766  0  0  0
0.887824  0  3.11421e-05  0.282074  0  0  0  0  0  0  0  -0.133598  0  0  0
0.900186  0  3.11371e-05  0.283722  0  0  0  0  0  0  0  -0.133404  0  0  0
0.912576  0  3.11331e-05  0.284622  0  0  0  0  0  0  0  -0.133064  0  0  0
0.924991  0  3.11301e-05  0.284386  0  0  0  0  0  0  0  -0.132366  0  0  0
0.937432  0  3.11283e-05  0.282051  0  0  0  0  0  0  0  -0.130848  0  0  0
0.949897  0  3.11281e-05  0.275574  0  0  0  0  0  0  0  -0.127537  0  0  0
0.962388  0  3.11308e-05  0.260475  0  0  0  0  0  0  0  -0.120338  0  0  0
0.974902  0  3.11392e-05  0.227112  0  0  0  0  0  0  0  -0.104805  0  0  0
0.987439  0  3.11591e-05  0.154915  0  0  0  0  0  0  0  -0.0714302  0  0  0
1  0  3.12032e-05  0  0  0  0  0  0  0  0  0  0  0  0
