1e-05  0  4.70957e-06  9.53416  0  0  0  0  0  0  0  6.47071  0  0  0
1.09199e-05  0  4.84896e-06  9.50275  0  0  0  0  0  0  0  6.51826  0  0  0
1.19243e-05  0  4.99085e-06  9.47124  0  0  0  0  0  0  0  6.56597  0  0  0
1.30212e-05  0  5.13525e-06  9.43963  0  0  0  0  0  0  0  6.61383  0  0  0
1.4219e-05  0  5.28218e-06  9.40792  0  0  0  0  0  0  0  6.66184  0  0  0
1.55269e-05  0  5.43164e-06  9.37611  0  0  0  0  0  0  0  6.71  0  0  0
1.69551e-05  0  5.58364e-06  9.34421  0  0  0  0  0  0  0  6.7583  0  0  0
1.85147e-05  0  5.7382e-06  9.31221  0  0  0  0  0  0  0  6.80675  0  0  0
2.02177e-05  0  5.89533e-06  9.28012  0  0  0  0  0  0  0  6.85533  0  0  0
2.20773e-05  0  6.05503e-06  9.24794  0  0  0  0  0  0  0  6.90406  0  0  0
2.4108e-05  0  6.21732e-06  9.21567  0  0  0  0  0  0  0  6.95292  0  0  0
2.63254e-05  0  6.38223e-06  9.18331  0  0  0  0  0  0  0  7.00191  0  0  0
2.87468e-05  0  6.54973e-06  9.15086  0  0  0  0  0  0  0  7.05104  0  0  0
3.13908e-05  0  6.71988e-06  9.11832  0  0  0  0  0  0  0  7.1003  0  0  0
3.42779e-05  0  6.89264e-06  9.0857  0  0  0  0  0  0  0  7.14969  0  0  0
3.74305e-05  0  7.06807e-06  9.053  0  0  0  0  0  0  0  7.1992  0  0  0
4.0873e-05  0  7.24614e-06  9.02021  0  0  0  0  0  0  0  7.24885  0  0  0
4.4632e-05  0  7.4269e-06  8.98734  0  0  0  0  0  0  0  7.29861  0  0  0
4.87366e-05  0  7.61035e-06  8.95439  0  0  0  0  0  0  0  7.3485  0  0  0
5.32186e-05  0  7.79648e-06  8.92136  0  0  0  0  0  0  0  7.39852  0  0  0
5.81127e-05  0  7.98534e-06  8.88824  0  0  0  0  0  0  0  7.44866  0  0  0
6.34566e-05  0  8.17692e-06  8.85504  0  0  0  0  0  0  0  7.49892  0  0  0
6.92917e-05  0  8.37126e-06  8.82177  0  0  0  0  0  0  0  7.5493  0  0  0
7.56631e-05  0  8.56837e-06  8.78841  0  0  0  0  0  0  0  7.59981  0  0  0
8.26202e-05  0  8.76826e-06  8.75496  0  0  0  0  0  0  0  7.65044  0  0  0
9.02165e-05  0  8.97097e-06  8.72144  0  0  0  0  0  0  0  7.7012  0  0  0
9.85109e-05  0  9.1765e-06  8.68783  0  0  0  0  0  0  0  7.75209  0  0  0
0.000107567  0  9.3849e-06  8.65413  0  0  0  0  0  0  0  7.8031  0  0  0
0.000117456  0  9.5962e-06  8.62035  0  0  0  0  0  0  0  7.85425  0  0  0
0.000128253  0  9.81042e-06  8.58648  0  0  0  0  0  0  0  7.90554  0  0  0
0.000140041  0  1.00276e-05  8.55251  0  0  0  0  0  0  0  7.95696  0  0  0
0.000152912  0  1.02478e-05  8.51845  0  0  0  0  0  0  0  8.00854  0  0  0
0.000166965  0  1.0471e-05  8.48429  0  0  0  0  0  0  0  8.06026  0  0  0
0.000182307  0  1.06973e-05  8.45002  0  0  0  0  0  0  0  8.11214  0  0  0
0.000199058  0  1.09268e-05  8.41565  0  0  0  0  0  0  0  8.16418  0  0  0
0.000217347  0  1.11595e-05  8.38116  0  0  0  0  0  0  0  8.2164  0  0  0
0.000237312  0  1.13955e-05  8.34655  0  0  0  0  0  0  0  8.2688  0  0  0
0.00025911  0  1.16348e-05  8.31182  0  0  0  0  0  0  0  8.3214  0  0  0
0.000282906  0  1.18776e-05  8.27695  0  0  0  0  0  0  0  8.3742  0  0  0
0.000308883  0  1.21238e-05  8.24193  0  0  0  0  0  0  0  8.42721  0  0  0
0.00033724  0  1.23738e-05  8.20676  0  0  0  0  0  0  0  8.48046  0  0  0
0.000368196  0  1.26274e-05  8.17143  0  0  0  0  0  0  0  8.53396  0  0  0
0.000401985  0  1.2885e-05  8.13592  0  0  0  0  0  0  0  8.58773  0  0  0
0.000438868  0  1.31465e-05  8.10021  0  0  0  0  0  0  0  8.64179  0  0  0
0.000479125  0  1.34122e-05  8.06431  0  0  0  0  0  0  0  8.69616  0  0  0
0.000523063  0  1.36822e-05  8.02818  0  0  0  0  0  0  0  8.75086  0  0  0
0.000571017  0  1.39567e-05  7.99181  0  0  0  0  0  0  0  8.80593  0  0  0
0.000623351  0  1.4236e-05  7.95519  0  0  0  0  0  0  0  8.86139  0  0  0
0.000680461  0  1.45202e-05  7.91829  0  0  0  0  0  0  0  8.91727  0  0  0
0.000742781  0  1.48096e-05  7.88108  0  0  0  0  0  0  0  8.97362  0  0  0
0.000810781  0  1.51045e-05  7.84354  0  0  0  0  0  0  0  9.03046  0  0  0
0.000884973  0  1.54051e-05  7.80565  0  0  0  0  0  0  0  9.08785  0  0  0
0.000965915  0  1.57119e-05  7.76738  0  0  0  0  0  0  0  9.14582  0  0  0
0.00105421  0  1.60251e-05  7.72868  0  0  0  0  0  0  0  9.20444  0  0  0
0.00115053  0  1.63452e-05  7.68953  0  0  0  0  0  0  0  9.26374  0  0  0
0.00125558  0  1.66726e-05  7.64988  0  0  0  0  0  0  0  9.3238  0  0  0
0.00137014  0  1.70078e-05  7.6097  0  0  0  0  0  0  0  9.38467  0  0  0
0.00149506  0  1.73513e-05  7.56894  0  0  0  0  0  0  0  9.44644  0  0  0
0.00163126  0  1.77038e-05  7.52754  0  0  0  0  0  0  0  9.50916  0  0  0
0.00177974  0  1.80658e-05  7.48547  0  0  0  0  0  0  0  9.57292  0  0  0
0.00194158  0  1.8438e-05  7.44266  0  0  0  0  0  0  0  9.63782  0  0  0
0.00211795  0  1.88212e-05  7.39904  0  0  0  0  0  0  0  9.70393  0  0  0
0.00231012  0  1.92163e-05  7.35457  0  0  0  0  0  0  0  9.77137  0  0  0
0.00251947  0  1.96241e-05  7.30916  0  0  0  0  0  0  0  9.84024  0  0  0
0.00274748  0  2.00456e-05  7.26274  0  0  0  0  0  0  0  9.91066  0  0  0
0.00299576  0  2.04818e-05  7.21524  0  0  0  0  0  0  0  9.98274  0  0  0
0.00326605  0  2.0934e-05  7.16657  0  0  0  0  0  0  0  10.0566  0  0  0
0.00356021  0  2.14034e-05  7.11665  0  0  0  0  0  0  0  10.1324  0  0  0
0.00388027  0  2.18913e-05  7.06539  0  0  0  0  0  0  0  10.2103  0  0  0
0.00422838  0  2.23992e-05  7.01268  0  0  0  0  0  0  0  10.2904  0  0  0
0.00460689  0  2.29287e-05  6.95843  0  0  0  0  0  0  0  10.3729  0  0  0
0.00501829  0  2.34814e-05  6.90255  0  0  0  0  0  0  0  10.4579  0  0  0
0.00546526  0  2.40593e-05  6.84492  0  0  0  0  0  0  0  10.5457  0  0  0
0.00595067  0  2.46642e-05  6.78544  0  0  0  0  0  0  0  10.6363  0  0  0
0.00647757  0  2.52982e-05  6.724  0  0  0  0  0  0  0  10.73  0  0  0
0.00704924  0  2.59636e-05  6.6605  0  0  0  0  0  0  0  10.827  0  0  0
0.00766915  0  2.66628e-05  6.59483  0  0  0  0  0  0  0  10.9273  0  0  0
0.00834097  0  2.73982e-05  6.52689  0  0  0  0  0  0  0  11.0312  0  0  0
0.0090686  0  2.81726e-05  6.45659  0  0  0  0  0  0  0  11.1388  0  0  0
0.00985616  0  2.8989e-05  6.38384  0  0  0  0  0  0  0  11.2503  0  0  0
0.010708  0  2.98504e-05  6.30857  0  0  0  0  0  0  0  11.3658  0  0  0
0.0116286  0  3.07604e-05  6.23069  0  0  0  0  0  0  0  11.4854  0  0  0
0.0126229  0  3.17228e-05  6.15016  0  0  0  0  0  0  0  11.6091  0  0  0
0.0136956  0  3.27423e-05  6.06693  0  0  0  0  0  0  0  11.7371  0  0  0
0.0148521  0  3.3824e-05  5.98097  0  0  0  0  0  0  0  11.8693  0  0  0
0.0160977  0  3.49746e-05  5.89222  0  0  0  0  0  0  0  12.0055  0  0  0
0.0174377  0  3.62023e-05  5.80067  0  0  0  0  0  0  0  12.1457  0  0  0
0.0188781  0  3.75182e-05  5.70626  0  0  0  0  0  0  0  12.2896  0  0  0
0.0204243  0  3.89367e-05  5.60888  0  0  0  0  0  0  0  12.4369  0  0  0
0.0220824  0  4.04779e-05  5.50839  0  0  0  0  0  0  0  12.5871  0  0  0
0.0238583  0  4.21688e-05  5.40454  0  0  0  0  0  0  0  12.7396  0  0  0
0.0257578  0  4.40471e-05  5.2969  0  0  0  0  0  0  0  12.8937  0  0  0
0.027787  0  4.61642e-05  5.18487  0  0  0  0  0  0  0  13.0483  0  0  0
0.0299516  0  4.85902e-05  5.06757  0  0  0  0  0  0  0  13.2023  0  0  0
0.0322576  0  5.14199e-05  4.94375  0  0  0  0  0  0  0  13.3543  0  0  0
0.0347104  0  5.47797e-05  4.81181  0  0  0  0  0  0  0  13.5027  0  0  0
0.0373157  0  5.88356e-05  4.66966  0  0  0  0  0  0  0  13.6456  0  0  0
0.0400785  0  6.38012e-05  4.51485  0  0  0  0  0  0  0  13.7808  0  0  0
0.043004  0  6.99456e-05  4.34457  0  0  0  0  0  0  0  13.9059  0  0  0
0.0460967  0  7.75972e-05  4.15597  0  0  0  0  0  0  0  14.0185  0  0  0
0.0493609  0  8.7141e-05  3.94641  0  0  0  0  0  0  0  14.1162  0  0  0
0.0528007  0  9.90045e-05  3.71407  0  0  0  0  0  0  0  14.1967  0  0  0
0.0564196  0  0.000113628  3.45843  0  0  0  0  0  0  0  14.2579  0  0  0
0.0602206  0  0.000131415  3.18086  0  0  0  0  0  0  0  14.2986  0  0  0
0.0642064  0  0.000152666  2.88505  0  0  0  0  0  0  0  14.3179  0  0  0
0.0683793  0  0.000177515  2.57707  0  0  0  0  0  0  0  14.3159  0  0  0
0.072741  0  0.000205868  2.26503  0  0  0  0  0  0  0  14.293  0  0  0
0.0772927  0  0.000237388  1.95846  0  0  0  0  0  0  0  14.2504  0  0  0
0.0820352  0  0.000271516  1.66729  0  0  0  0  0  0  0  14.1893  0  0  0
0.0869689  0  0.000307541  1.40097  0  0  0  0  0  0  0  14.1107  0  0  0
0.0920937  0  0.000344693  1.16762  0  0  0  0  0  0  0  14.0154  0  0  0
0.097409  0  0.000382242  0.973492  0  0  0  0  0  0  0  13.9037  0  0  0
0.102914  0  0.000419564  0.822809  0  0  0  0  0  0  0  13.7753  0  0  0
0.108607  0  0.000456194  0.717775  0  0  0  0  0  0  0  13.6296  0  0  0
0.114487  0  0.000491833  0.658789  0  0  0  0  0  0  0  13.4654  0  0  0
0.120552  0  0.000526334  0.644695  0  0  0  0  0  0  0  13.2813  0  0  0
0.126799  0  0.000559679  0.673044  0  0  0  0  0  0  0  13.0758  0  0  0
0.133226  0  0.000591939  0.740255  0  0  0  0  0  0  0  12.8471  0  0  0
0.13983  0  0.000623242  0.841764  0  0  0  0  0  0  0  12.5937  0  0  0
0.146608  0  0.00065374  0.972118  0  0  0  0  0  0  0  12.3142  0  0  0
0.153557  0  0.000683586  1.12501  0  0  0  0  0  0  0  12.0074  0  0  0
0.160674  0  0.000712911  1.2933  0  0  0  0  0  0  0  11.6726  0  0  0
0.167955  0  0.00074181  1.46917  0  0  0  0  0  0  0  11.3094  0  0  0
0.175396  0  0.00077033  1.6442  0  0  0  0  0  0  0  10.9178  0  0  0
0.182995  0  0.000798468  1.80961  0  0  0  0  0  0  0  10.4986  0  0  0
0.190747  0  0.000826163  1.95652  0  0  0  0  0  0  0  10.053  0  0  0
0.198649  0  0.000853299  2.07636  0  0  0  0  0  0  0  9.58279  0  0  0
0.206698  0  0.000879711  2.16126  0  0  0  0  0  0  0  9.09056  0  0  0
0.214888  0  0.00090519  2.20454  0  0  0  0  0  0  0  8.57937  0  0  0
0.223217  0  0.000929493  2.20109  0  0  0  0  0  0  0  8.05284  0  0  0
0.231682  0  0.000952353  2.14782  0  0  0  0  0  0  0  7.51512  0  0  0
0.240277  0  0.00097349  2.04383  0  0  0  0  0  0  0  6.97072  0  0  0
0.249001  0  0.000992621  1.89059  0  0  0  0  0  0  0  6.42447  0  0  0
0.257849  0  0.00100947  1.69187  0  0  0  0  0  0  0  5.88133  0  0  0
0.266818  0  0.00102378  1.45349  0  0  0  0  0  0  0  5.34628  0  0  0
0.275904  0  0.00103531  1.18299  0  0  0  0  0  0  0  4.82414  0  0  0
0.285104  0  0.00104386  0.889111  0  0  0  0  0  0  0  4.31944  0  0  0
0.294416  0  0.00104923  0.581316  0  0  0  0  0  0  0  3.83626  0  0  0
0.303834  0  0.0010513  0.269215  0  0  0  0  0  0  0  3.37812  0  0  0
0.313358  0  0.00104994  -0.0379162  0  0  0  0  0  0  0  2.94792  0  0  0
0.322983  0  0.00104509  -0.331543  0  0  0  0  0  0  0  2.54785  0  0  0
0.332707  0  0.00103673  -0.604202  0  0  0  0  0  0  0  2.17943  0  0  0
0.342526  0  0.00102487  -0.849688  0  0  0  0  0  0  0  1.84346  0  0  0
0.352439  0  0.00100957  -1.06317  0  0  0  0  0  0  0  1.54013  0  0  0
0.362442  0  0.000990959  -1.24123  0  0  0  0  0  0  0  1.26905  0  0  0
0.372533  0  0.000969222  -1.3818  0  0  0  0  0  0  0  1.02933  0  0  0
0.382709  0  0.0009446  -1.4841  0  0  0  0  0  0  0  0.81966  0  0  0
0.392967  0  0.000917406  -1.54855  0  0  0  0  0  0  0  0.638407  0  0  0
0.403306  0  0.000888016  -1.57659  0  0  0  0  0  0  0  0.483648  0  0  0
0.413723  0  0.000856864  -1.57063  0  0  0  0  0  0  0  0.353264  0  0  0
0.424216  0  0.000824438  -1.53381  0  0  0  0  0  0  0  0.244991  0  0  0
0.434783  0  0.000791256  -1.46994  0  0  0  0  0  0  0  0.156479  0  0  0
0.445422  0  0.000757854  -1.38327  0  0  0  0  0  0  0  0.0853443  0  0  0
0.45613  0  0.00072476  -1.27835  0  0  0  0  0  0  0  0.0292263  0  0  0
0.466905  0  0.00069247  -1.15982  0  0  0  0  0  0  0  -0.0141659  0  0  0
0.477747  0  0.00066143  -1.03225  0  0  0  0  0  0  0  -0.0470009  0  0  0
0.488653  0  0.000632015  -0.899944  0  0  0  0  0  0  0  -0.0712776  0  0  0
0.499621  0  0.000604518  -0.766806  0  0  0  0  0  0  0  -0.0888004  0  0  0
0.510649  0  0.000579147  -0.636227  0  0  0  0  0  0  0  -0.101141  0  0  0
0.521736  0  0.000556021  -0.510992  0  0  0  0  0  0  0  -0.109631  0  0  0
0.532881  0  0.000535184  -0.393276  0  0  0  0  0  0  0  -0.11536  0  0  0
0.544082  0  0.000516611  -0.284636  0  0  0  0  0  0  0  -0.119192  0  0  0
0.555337  0  0.00050022  -0.186062  0  0  0  0  0  0  0  -0.121778  0  0  0
0.566644  0  0.000485891  -0.098053  0  0  0  0  0  0  0  -0.123579  0  0  0
0.578004  0  0.000473473  -0.0206795  0  0  0  0  0  0  0  -0.124912  0  0  0
0.589413  0  0.000462802  0.046299  0  0  0  0  0  0  0  -0.125967  0  0  0
0.600872  0  0.000453703  0.103371  0  0  0  0  0  0  0  -0.126839  0  0  0
0.612378  0  0.000446006  0.151186  0  0  0  0  0  0  0  -0.127562  0  0  0
0.62393  0  0.000439544  0.190496  0  0  0  0  0  0  0  -0.128115  0  0  0
0.635528  0  0.000434162  0.222094  0  0  0  0  0  0  0  -0.128462  0  0  0
0.64717  0  0.000429717  0.246775  0  0  0  0  0  0  0  -0.128546  0  0  0
0.658855  0  0.00042608  0.265324  0  0  0  0  0  0  0  -0.128311  0  0  0
0.670582  0  0.000423134  0.278471  0  0  0  0  0  0  0  -0.127707  0  0  0
0.68235  0  0.000420778  0.286903  0  0  0  0  0  0  0  -0.126682  0  0  0
0.694158  0  0.000418921  0.291239  0  0  0  0  0  0  0  -0.12521  0  0  0
0.706005  0  0.000417487  0.292044  0  0  0  0  0  0  0  -0.123272  0  0  0
0.71789  0  0.000416407  0.289824  0  0  0  0  0  0  0  -0.120853  0  0  0
0.729812  0  0.000415625  0.285023  0  0  0  0  0  0  0  -0.11796  0  0  0
0.741771  0  0.00041509  0.27804  0  0  0  0  0  0  0  -0.114605  0  0  0
0.753765  0  0.000414762  0.269226  0  0  0  0  0  0  0  -0.110811  0  0  0
0.765793  0  0.000414603  0.258894  0  0  0  0  0  0  0  -0.106604  0  0  0
0.777856  0  0.000414584  0.247314  0  0  0  0  0  0  0  -0.10202  0  0  0
0.789952  0  0.00041468  0.234718  0  0  0  0  0  0  0  -0.0971012  0  0  0
0.80208  0  0.000414868  0.221331  0  0  0  0  0  0  0  -0.0918827  0  0  0
0.814239  0  0.00041513  0.207333  0  0  0  0  0  0  0  -0.0864105  0  0  0
0.82643  0  0.000415452  0.192884  0  0  0  0  0  0  0  -0.0807285  0  0  0
0.838651  0  0.000415819  0.178135  0  0  0  0  0  0  0  -0.0748806  0  0  0
0.850901  0  0.000416221  0.163212  0  0  0  0  0  0  0  -0.0689106  0  0  0
0.863181  0  0.000416649  0.148232  0  0  0  0  0  0  0  -0.0628567  0  0  0
0.875488  0  0.000417095  0.133284  0  0  0  0  0  0  0  -0.056757  0  0  0
0.887824  0  0.000417551  0.118458  0  0  0  0  0  0  0  -0.0506535  0  0  0
0.900186  0  0.000418013  0.103834  0  0  0  0  0  0  0  -0.0445766  0  0  0
0.912576  0  0.000418477  0.0894718  0  0  0  0  0  0  0  -0.0385571  0  0  0
0.924991  0  0.000418937  0.0754299  0  0  0  0  0  0  0  -0.0326233  0  0  0
0.937432  0  0.000419391  0.0617523  0  0  0  0  0  0  0  -0.0267982  0  0  0
0.949897  0  0.000419837  0.0484829  0  0  0  0  0  0  0  -0.0211067  0  0  0
0.962388  0  0.000420271  0.0356464  0  0  0  0  0  0  0  -0.0155659  0  0  0
0.974902  0  0.000420693  0.0232735  0  0  0  0  0  0  0  -0.0101929  0  0  0
0.987439  0  0.000421101  0.0113907  0  0  0  0  0  0  0  -0.00500107  0  0  0
1  0  0.000421494  0  0  0  0  0  0  0  0  0  0  0  0
