1e-05  0  1.88394e-06  -0.135808  0  0  0  0  0  0  0  3.77898  0  0  0
1.09199e-05  0  1.88395e-06  -0.131952  0  0  0  0  0  0  0  3.78112  0  0  0
1.19243e-05  0  1.88396e-06  -0.12771  0  0  0  0  0  0  0  3.78348  0  0  0
1.30212e-05  0  1.88397e-06  -0.123046  0  0  0  0  0  0  0  3.78608  0  0  0
1.4219e-05  0  1.88398e-06  -0.117921  0  0  0  0  0  0  0  3.78893  0  0  0
1.55269e-05  0  1.88399e-06  -0.112293  0  0  0  0  0  0  0  3.79206  0  0  0
1.69551e-05  0  1.884e-06  -0.106105  0  0  0  0  0  0  0  3.79551  0  0  0
1.85147e-05  0  1.88401e-06  -0.0993056  0  0  0  0  0  0  0  3.7993  0  0  0
2.02177e-05  0  1.88402e-06  -0.0918365  0  0  0  0  0  0  0  3.80346  0  0  0
2.20773e-05  0  1.88404e-06  -0.083631  0  0  0  0  0  0  0  3.80804  0  0  0
2.4108e-05  0  1.88406e-06  -0.0746188  0  0  0  0  0  0  0  3.81307  0  0  0
2.63254e-05  0  1.88407e-06  -0.0647216  0  0  0  0  0  0  0  3.8186  0  0  0
2.87468e-05  0  1.88409e-06  -0.0538516  0  0  0  0  0  0  0  3.82467  0  0  0
3.13908e-05  0  1.88412e-06  -0.0419192  0  0  0  0  0  0  0  3.83134  0  0  0
3.42779e-05  0  1.88414e-06  -0.0288157  0  0  0  0  0  0  0  3.83867  0  0  0
3.74305e-05  0  1.88417e-06  -0.014442  0  0  0  0  0  0  0  3.84672  0  0  0
4.0873e-05  0  1.8842e-06  0.00133562  0  0  0  0  0  0  0  3.85556  0  0  0
4.4632e-05  0  1.88423e-06  0.018641  0  0  0  0  0  0  0  3.86526  0  0  0
4.87366e-05  0  1.88426e-06  0.0376248  0  0  0  0  0  0  0  3.87592  0  0  0
5.32186e-05  0  1.8843e-06  0.058434  0  0  0  0  0  0  0  3.88761  0  0  0
5.81127e-05  0  1.88435e-06  0.0812516  0  0  0  0  0  0  0  3.90043  0  0  0
6.34566e-05  0  1.88439e-06  0.106255  0  0  0  0  0  0  0  3.91451  0  0  0
6.92917e-05  0  1.88445e-06  0.133645  0  0  0  0  0  0  0  3.92994  0  0  0
7.56631e-05  0  1.8845e-06  0.163639  0  0  0  0  0  0  0  3.94686  0  0  0
8.26202e-05  0  1.88457e-06  0.196467  0  0  0  0  0  0  0  3.9654  0  0  0
9.02165e-05  0  1.88464e-06  0.232392  0  0  0  0  0  0  0  3.98572  0  0  0
9.85109e-05  0  1.88471e-06  0.271677  0  0  0  0  0  0  0  4.00797  0  0  0
0.000107567  0  1.8848e-06  0.314621  0  0  0  0  0  0  0  4.03232  0  0  0
0.000117456  0  1.88489e-06  0.361531  0  0  0  0  0  0  0  4.05898  0  0  0
0.000128253  0  1.88499e-06  0.412745  0  0  0  0  0  0  0  4.08813  0  0  0
0.000140041  0  1.8851e-06  0.468619  0  0  0  0  0  0  0  4.11999  0  0  0
0.000152912  0  1.88523e-06  0.529534  0  0  0  0  0  0  0  4.1548  0  0  0
0.000166965  0  1.88536e-06  0.595885  0  0  0  0  0  0  0  4.1928  0  0  0
0.000182307  0  1.88551e-06  0.668089  0  0  0  0  0  0  0  4.23426  0  0  0
0.000199058  0  1.88568e-06  0.746599  0  0  0  0  0  0  0  4.27946  0  0  0
0.000217347  0  1.88585e-06  0.831866  0  0  0  0  0  0  0  4.32868  0  0  0
0.000237312  0  1.88605e-06  0.924359  0  0  0  0  0  0  0  4.38224  0  0  0
0.00025911  0  1.88627e-06  1.02457  0  0  0  0  0  0  0  4.44046  0  0  0
0.000282906  0  1.88651e-06  1.13298  0  0  0  0  0  0  0  4.50368  0  0  0
0.000308883  0  1.88677e-06  1.25008  0  0  0  0  0  0  0  4.57225  0  0  0
0.00033724  0  1.88705e-06  1.37636  0  0  0  0  0  0  0  4.64651  0  0  0
0.000368196  0  1.88736e-06  1.51228  0  0  0  0  0  0  0  4.72683  0  0  0
0.000401985  0  1.88771e-06  1.65829  0  0  0  0  0  0  0  4.81357  0  0  0
0.000438868  0  1.88808e-06  1.81477  0  0  0  0  0  0  0  4.90708  0  0  0
0.000479125  0  1.88849e-06  1.98207  0  0  0  0  0  0  0  5.00769  0  0  0
0.000523063  0  1.88894e-06  2.16046  0  0  0  0  0  0  0  5.11576  0  0  0
0.000571017  0  1.88942e-06  2.35011  0  0  0  0  0  0  0  5.23156  0  0  0
0.000623351  0  1.88996e-06  2.55107  0  0  0  0  0  0  0  5.35537  0  0  0
0.000680461  0  1.89054e-06  2.76325  0  0  0  0  0  0  0  5.48741  0  0  0
0.000742781  0  1.89117e-06  2.9864  0  0  0  0  0  0  0  5.62783  0  0  0
0.000810781  0  1.89186e-06  3.22006  0  0  0  0  0  0  0  5.77675  0  0  0
0.000884973  0  1.89261e-06  3.46355  0  0  0  0  0  0  0  5.93417  0  0  0
0.000965915  0  1.89343e-06  3.71592  0  0  0  0  0  0  0  6.10001  0  0  0
0.00105421  0  1.89432e-06  3.97596  0  0  0  0  0  0  0  6.27408  0  0  0
0.00115053  0  1.89528e-06  4.24213  0  0  0  0  0  0  0  6.4561  0  0  0
0.00125558  0  1.89632e-06  4.51256  0  0  0  0  0  0  0  6.64562  0  0  0
0.00137014  0  1.89745e-06  4.78507  0  0  0  0  0  0  0  6.84208  0  0  0
0.00149506  0  1.89867e-06  5.05711  0  0  0  0  0  0  0  7.04477  0  0  0
0.00163126  0  1.89998e-06  5.32583  0  0  0  0  0  0  0  7.25285  0  0  0
0.00177974  0  1.9014e-06  5.58808  0  0  0  0  0  0  0  7.46534  0  0  0
0.00194158  0  1.90292e-06  5.84046  0  0  0  0  0  0  0  7.68113  0  0  0
0.00211795  0  1.90455e-06  6.07941  0  0  0  0  0  0  0  7.899  0  0  0
0.00231012  0  1.9063e-06  6.30132  0  0  0  0  0  0  0  8.11765  0  0  0
0.00251947  0  1.90817e-06  6.50263  0  0  0  0  0  0  0  8.33574  0  0  0
0.00274748  0  1.91015e-06  6.67999  0  0  0  0  0  0  0  8.55189  0  0  0
0.00299576  0  1.91225e-06  6.83039  0  0  0  0  0  0  0  8.76477  0  0  0
0.00326605  0  1.91446e-06  6.95141  0  0  0  0  0  0  0  8.97312  0  0  0
0.00356021  0  1.91679e-06  7.04128  0  0  0  0  0  0  0  9.17579  0  0  0
0.00388027  0  1.91921e-06  7.0991  0  0  0  0  0  0  0  9.37181  0  0  0
0.00422838  0  1.92172e-06  7.12492  0  0  0  0  0  0  0  9.5604  0  0  0
0.00460689  0  1.9243e-06  7.11978  0  0  0  0  0  0  0  9.74101  0  0  0
0.00501829  0  1.92693e-06  7.08576  0  0  0  0  0  0  0  9.91334  0  0  0
0.00546526  0  1.92961e-06  7.02578  0  0  0  0  0  0  0  10.0773  0  0  0
0.00595067  0  1.93229e-06  6.94357  0  0  0  0  0  0  0  10.2331  0  0  0
0.00647757  0  1.93497e-06  6.8434  0  0  0  0  0  0  0  10.3811  0  0  0
0.00704924  0  1.93762e-06  6.72981  0  0  0  0  0  0  0  10.5218  0  0  0
0.00766915  0  1.94021e-06  6.60735  0  0  0  0  0  0  0  10.6558  0  0  0
0.00834097  0  1.94272e-06  6.48036  0  0  0  0  0  0  0  10.7839  0  0  0
0.0090686  0  1.94515e-06  6.35266  0  0  0  0  0  0  0  10.9068  0  0  0
0.00985616  0  1.94747e-06  6.22745  0  0  0  0  0  0  0  11.0253  0  0  0
0.010708  0  1.94968e-06  6.10711  0  0  0  0  0  0  0  11.14  0  0  0
0.0116286  0  1.95177e-06  5.99322  0  0  0  0  0  0  0  11.2519  0  0  0
0.0126229  0  1.95372e-06  5.8865  0  0  0  0  0  0  0  11.3615  0  0  0
0.0136956  0  1.95556e-06  5.78689  0  0  0  0  0  0  0  11.4696  0  0  0
0.0148521  0  1.95727e-06  5.69361  0  0  0  0  0  0  0  11.5769  0  0  0
0.0160977  0  1.95887e-06  5.60531  0  0  0  0  0  0  0  11.684  0  0  0
0.0174377  0  1.96035e-06  5.52015  0  0  0  0  0  0  0  11.7917  0  0  0
0.0188781  0  1.96174e-06  5.43596  0  0  0  0  0  0  0  11.9007  0  0  0
0.0204243  0  1.96304e-06  5.35034  0  0  0  0  0  0  0  12.0118  0  0  0
0.0220824  0  1.96426e-06  5.26081  0  0  0  0  0  0  0  12.1255  0  0  0
0.0238583  0  1.96541e-06  5.16497  0  0  0  0  0  0  0  12.2425  0  0  0
0.0257578  0  1.9665e-06  5.06053  0  0  0  0  0  0  0  12.3634  0  0  0
0.027787  0  1.96755e-06  4.94555  0  0  0  0  0  0  0  12.4885  0  0  0
0.0299516  0  1.96855e-06  4.81848  0  0  0  0  0  0  0  12.618  0  0  0
0.0322576  0  1.96951e-06  4.67826  0  0  0  0  0  0  0  12.7515  0  0  0
0.0347104  0  1.97045e-06  4.52446  0  0  0  0  0  0  0  12.8888  0  0  0
0.0373157  0  1.97136e-06  4.3573  0  0  0  0  0  0  0  13.0289  0  0  0
0.0400785  0  1.97224e-06  4.17769  0  0  0  0  0  0  0  13.1705  0  0  0
0.043004  0  1.97308e-06  3.98725  0  0  0  0  0  0  0  13.3118  0  0  0
0.0460967  0  1.97389e-06  3.78824  0  0  0  0  0  0  0  13.4508  0  0  0
0.0493609  0  1.97466e-06  3.58346  0  0  0  0  0  0  0  13.5849  0  0  0
0.0528007  0  1.97538e-06  3.3762  0  0  0  0  0  0  0  13.7114  0  0  0
0.0564196  0  1.97604e-06  3.16996  0  0  0  0  0  0  0  13.8271  0  0  0
0.0602206  0  1.97662e-06  2.96837  0  0  0  0  0  0  0  13.9292  0  0  0
0.0642064  0  1.97713e-06  2.77493  0  0  0  0  0  0  0  14.0144  0  0  0
0.0683793  0  1.97754e-06  2.59287  0  0  0  0  0  0  0  14.0799  0  0  0
0.072741  0  1.97785e-06  2.42488  0  0  0  0  0  0  0  14.123  0  0  0
0.0772927  0  1.97806e-06  2.27305  0  0  0  0  0  0  0  14.1414  0  0  0
0.0820352  0  1.97815e-06  2.13867  0  0  0  0  0  0  0  14.1333  0  0  0
0.0869689  0  1.97813e-06  2.02217  0  0  0  0  0  0  0  14.0972  0  0  0
0.0920937  0  1.97799e-06  1.92309  0  0  0  0  0  0  0  14.0322  0  0  0
0.097409  0  1.97774e-06  1.84005  0  0  0  0  0  0  0  13.9381  0  0  0
0.102914  0  1.97738e-06  1.77089  0  0  0  0  0  0  0  13.8149  0  0  0
0.108607  0  1.97693e-06  1.71272  0  0  0  0  0  0  0  13.6631  0  0  0
0.114487  0  1.9764e-06  1.66217  0  0  0  0  0  0  0  13.4838  0  0  0
0.120552  0  1.97582e-06  1.61565  0  0  0  0  0  0  0  13.2779  0  0  0
0.126799  0  1.97521e-06  1.56971  0  0  0  0  0  0  0  13.0469  0  0  0
0.133226  0  1.97462e-06  1.52144  0  0  0  0  0  0  0  12.7918  0  0  0
0.13983  0  1.97412e-06  1.46898  0  0  0  0  0  0  0  12.5139  0  0  0
0.146608  0  1.97376e-06  1.41201  0  0  0  0  0  0  0  12.2138  0  0  0
0.153557  0  1.97366e-06  1.35225  0  0  0  0  0  0  0  11.8919  0  0  0
0.160674  0  1.97391e-06  1.29379  0  0  0  0  0  0  0  11.5479  0  0  0
0.167955  0  1.97467e-06  1.24313  0  0  0  0  0  0  0  11.1811  0  0  0
0.175396  0  1.97606e-06  1.20864  0  0  0  0  0  0  0  10.7902  0  0  0
0.182995  0  1.97824e-06  1.19932  0  0  0  0  0  0  0  10.3739  0  0  0
0.190747  0  1.98132e-06  1.22278  0  0  0  0  0  0  0  9.93122  0  0  0
0.198649  0  1.98535e-06  1.28249  0  0  0  0  0  0  0  9.4618  0  0  0
0.206698  0  1.9903e-06  1.37528  0  0  0  0  0  0  0  8.96682  0  0  0
0.214888  0  1.99601e-06  1.48975  0  0  0  0  0  0  0  8.44918  0  0  0
0.223217  0  2.00226e-06  1.60701  0  0  0  0  0  0  0  7.91358  0  0  0
0.231682  0  2.00871e-06  1.70351  0  0  0  0  0  0  0  7.36609  0  0  0
0.240277  0  2.01503e-06  1.75572  0  0  0  0  0  0  0  6.81341  0  0  0
0.249001  0  2.02093e-06  1.74459  0  0  0  0  0  0  0  6.26221  0  0  0
0.257849  0  2.02617e-06  1.65877  0  0  0  0  0  0  0  5.7185  0  0  0
0.266818  0  2.03062e-06  1.49562  0  0  0  0  0  0  0  5.18737  0  0  0
0.275904  0  2.03422e-06  1.26038  0  0  0  0  0  0  0  4.67302  0  0  0
0.285104  0  2.03696e-06  0.964288  0  0  0  0  0  0  0  4.17891  0  0  0
0.294416  0  2.03886e-06  0.622341  0  0  0  0  0  0  0  3.70789  0  0  0
0.303834  0  2.03998e-06  0.251332  0  0  0  0  0  0  0  3.2624  0  0  0
0.313358  0  2.04034e-06  -0.131662  0  0  0  0  0  0  0  2.84452  0  0  0
0.322983  0  2.03995e-06  -0.510269  0  0  0  0  0  0  0  2.45594  0  0  0
0.332707  0  2.03882e-06  -0.869411  0  0  0  0  0  0  0  2.09799  0  0  0
0.342526  0  2.03691e-06  -1.19565  0  0  0  0  0  0  0  1.77161  0  0  0
0.352439  0  2.03416e-06  -1.47735  0  0  0  0  0  0  0  1.47731  0  0  0
0.362442  0  2.03051e-06  -1.70487  0  0  0  0  0  0  0  1.21516  0  0  0
0.372533  0  2.0259e-06  -1.87087  0  0  0  0  0  0  0  0.984718  0  0  0
0.382709  0  2.02028e-06  -1.97075  0  0  0  0  0  0  0  0.785074  0  0  0
0.392967  0  2.01366e-06  -2.00318  0  0  0  0  0  0  0  0.614735  0  0  0
0.403306  0  2.00613e-06  -1.97067  0  0  0  0  0  0  0  0.471624  0  0  0
0.413723  0  1.99785e-06  -1.87972  0  0  0  0  0  0  0  0.353106  0  0  0
0.424216  0  1.98906e-06  -1.74056  0  0  0  0  0  0  0  0.25605  0  0  0
0.434783  0  1.98007e-06  -1.56615  0  0  0  0  0  0  0  0.177017  0  0  0
0.445422  0  1.97121e-06  -1.3706  0  0  0  0  0  0  0  0.112513  0  0  0
0.45613  0  1.96278e-06  -1.16739  0  0  0  0  0  0  0  0.0592556  0  0  0
0.466905  0  1.95502e-06  -0.967947  0  0  0  0  0  0  0  0.0143929  0  0  0
0.477747  0  1.9481e-06  -0.780657  0  0  0  0  0  0  0  -0.0243454  0  0  0
0.488653  0  1.94208e-06  -0.61074  0  0  0  0  0  0  0  -0.0586357  0  0  0
0.499621  0  1.93696e-06  -0.460583  0  0  0  0  0  0  0  -0.0896225  0  0  0
0.510649  0  1.9327e-06  -0.330435  0  0  0  0  0  0  0  -0.118006  0  0  0
0.521736  0  1.92921e-06  -0.219142  0  0  0  0  0  0  0  -0.144175  0  0  0
0.532881  0  1.92639e-06  -0.124796  0  0  0  0  0  0  0  -0.168312  0  0  0
0.544082  0  1.92413e-06  -0.0452185  0  0  0  0  0  0  0  -0.190458  0  0  0
0.555337  0  1.92234e-06  0.0217409  0  0  0  0  0  0  0  -0.210604  0  0  0
0.566644  0  1.92093e-06  0.0780249  0  0  0  0  0  0  0  -0.228685  0  0  0
0.578004  0  1.91982e-06  0.125289  0  0  0  0  0  0  0  -0.244661  0  0  0
0.589413  0  1.91895e-06  0.164901  0  0  0  0  0  0  0  -0.258474  0  0  0
0.600872  0  1.91828e-06  0.197954  0  0  0  0  0  0  0  -0.270094  0  0  0
0.612378  0  1.91775e-06  0.225331  0  0  0  0  0  0  0  -0.279505  0  0  0
0.62393  0  1.91734e-06  0.247706  0  0  0  0  0  0  0  -0.286722  0  0  0
0.635528  0  1.91701e-06  0.265635  0  0  0  0  0  0  0  -0.291773  0  0  0
0.64717  0  1.91675e-06  0.279552  0  0  0  0  0  0  0  -0.29471  0  0  0
0.658855  0  1.91653e-06  0.28983  0  0  0  0  0  0  0  -0.29561  0  0  0
0.670582  0  1.91635e-06  0.296781  0  0  0  0  0  0  0  -0.29455  0  0  0
0.68235  0  1.9162e-06  0.300685  0  0  0  0  0  0  0  -0.291643  0  0  0
0.694158  0  1.91607e-06  0.301806  0  0  0  0  0  0  0  -0.28702  0  0  0
0.706005  0  1.91594e-06  0.30039  0  0  0  0  0  0  0  -0.280802  0  0  0
0.71789  0  1.91583e-06  0.296679  0  0  0  0  0  0  0  -0.273142  0  0  0
0.729812  0  1.91571e-06  0.290913  0  0  0  0  0  0  0  -0.264185  0  0  0
0.741771  0  1.9156e-06  0.283323  0  0  0  0  0  0  0  -0.254095  0  0  0
0.753765  0  1.9155e-06  0.274138  0  0  0  0  0  0  0  -0.243029  0  0  0
0.765793  0  1.91539e-06  0.26359  0  0  0  0  0  0  0  -0.23115  0  0  0
0.777856  0  1.91528e-06  0.251888  0  0  0  0  0  0  0  -0.218603  0  0  0
0.789952  0  1.91516e-06  0.239242  0  0  0  0  0  0  0  -0.205549  0  0  0
0.80208  0  1.91505e-06  0.225848  0  0  0  0  0  0  0  -0.192125  0  0  0
0.814239  0  1.91494e-06  0.211884  0  0  0  0  0  0  0  -0.178476  0  0  0
0.82643  0  1.91482e-06  0.197523  0  0  0  0  0  0  0  -0.164717  0  0  0
0.838651  0  1.91471e-06  0.182903  0  0  0  0  0  0  0  -0.150965  0  0  0
0.850901  0  1.91459e-06  0.168159  0  0  0  0  0  0  0  -0.137321  0  0  0
0.863181  0  1.91447e-06  0.153399  0  0  0  0  0  0  0  -0.123873  0  0  0
0.875488  0  1.91436e-06  0.138702  0  0  0  0  0  0  0  -0.110691  0  0  0
0.887824  0  1.91424e-06  0.124139  0  0  0  0  0  0  0  -0.0978432  0  0  0
0.900186  0  1.91412e-06  0.109758  0  0  0  0  0  0  0  -0.0853653  0  0  0
0.912576  0  1.914e-06  0.0955787  0  0  0  0  0  0  0  -0.0732975  0  0  0
0.924991  0  1.91388e-06  0.0816078  0  0  0  0  0  0  0  -0.061657  0  0  0
0.937432  0  1.91376e-06  0.0678306  0  0  0  0  0  0  0  -0.0504494  0  0  0
0.949897  0  1.91364e-06  0.054214  0  0  0  0  0  0  0  -0.0396614  0  0  0
0.962388  0  1.91351e-06  0.0407028  0  0  0  0  0  0  0  -0.029274  0  0  0
0.974902  0  1.91338e-06  0.0272274  0  0  0  0  0  0  0  -0.0192451  0  0  0
0.987439  0  1.91325e-06  0.0136948  0  0  0  0  0  0  0  -0.00951576  0  0  0
1  0  1.91311e-06  0  0  0  0  0  0  0  0  0  0  0  0
