1e-05  0  0.000519976  7.95212  0  0  0  0  0  0  0  8.07903  0  0  0
1.09199e-05  0  0.000519942  7.94962  0  0  0  0  0  0  0  8.08161  0  0  0
1.19243e-05  0  0.000519905  7.94699  0  0  0  0  0  0  0  8.08432  0  0  0
1.30212e-05  0  0.000519867  7.9442  0  0  0  0  0  0  0  8.08719  0  0  0
1.4219e-05  0  0.000519826  7.94126  0  0  0  0  0  0  0  8.09022  0  0  0
1.55269e-05  0  0.000519783  7.93815  0  0  0  0  0  0  0  8.09343  0  0  0
1.69551e-05  0  0.000519738  7.93486  0  0  0  0  0  0  0  8.09681  0  0  0
1.85147e-05  0  0.00051969  7.93139  0  0  0  0  0  0  0  8.10039  0  0  0
2.02177e-05  0  0.00051964  7.92773  0  0  0  0  0  0  0  8.10417  0  0  0
2.20773e-05  0  0.000519586  7.92385  0  0  0  0  0  0  0  8.10816  0  0  0
2.4108e-05  0  0.00051953  7.91976  0  0  0  0  0  0  0  8.11237  0  0  0
2.63254e-05  0  0.00051947  7.91544  0  0  0  0  0  0  0  8.11683  0  0  0
2.87468e-05  0  0.000519407  7.91088  0  0  0  0  0  0  0  8.12153  0  0  0
3.13908e-05  0  0.00051934  7.90606  0  0  0  0  0  0  0  8.1265  0  0  0
3.42779e-05  0  0.00051927  7.90097  0  0  0  0  0  0  0  8.13174  0  0  0
3.74305e-05  0  0.000519196  7.89559  0  0  0  0  0  0  0  8.13728  0  0  0
4.0873e-05  0  0.000519118  7.88991  0  0  0  0  0  0  0  8.14313  0  0  0
4.4632e-05  0  0.000519035  7.88392  0  0  0  0  0  0  0  8.14931  0  0  0
4.87366e-05  0  0.000518948  7.87759  0  0  0  0  0  0  0  8.15583  0  0  0
5.32186e-05  0  0.000518855  7.87091  0  0  0  0  0  0  0  8.16271  0  0  0
5.81127e-05  0  0.000518758  7.86386  0  0  0  0  0  0  0  8.16998  0  0  0
6.34566e-05  0  0.000518655  7.85642  0  0  0  0  0  0  0  8.17765  0  0  0
6.92917e-05  0  0.000518547  7.84856  0  0  0  0  0  0  0  8.18574  0  0  0
7.56631e-05  0  0.000518433  7.84027  0  0  0  0  0  0  0  8.19429  0  0  0
8.26202e-05  0  0.000518312  7.83152  0  0  0  0  0  0  0  8.2033  0  0  0
9.02165e-05  0  0.000518185  7.82229  0  0  0  0  0  0  0  8.21282  0  0  0
9.85109e-05  0  0.000518051  7.81256  0  0  0  0  0  0  0  8.22285  0  0  0
0.000107567  0  0.000517909  7.80228  0  0  0  0  0  0  0  8.23344  0  0  0
0.000117456  0  0.00051776  7.79145  0  0  0  0  0  0  0  8.2446  0  0  0
0.000128253  0  0.000517602  7.78003  0  0  0  0  0  0  0  8.25638  0  0  0
0.000140041  0  0.000517437  7.76798  0  0  0  0  0  0  0  8.26879  0  0  0
0.000152912  0  0.000517262  7.75528  0  0  0  0  0  0  0  8.28188  0  0  0
0.000166965  0  0.000517077  7.74189  0  0  0  0  0  0  0  8.29568  0  0  0
0.000182307  0  0.000516883  7.72779  0  0  0  0  0  0  0  8.31022  0  0  0
0.000199058  0  0.000516678  7.71292  0  0  0  0  0  0  0  8.32555  0  0  0
0.000217347  0  0.000516463  7.69726  0  0  0  0  0  0  0  8.34169  0  0  0
0.000237312  0  0.000516236  7.68076  0  0  0  0  0  0  0  8.35869  0  0  0
0.00025911  0  0.000515997  7.66339  0  0  0  0  0  0  0  8.3766  0  0  0
0.000282906  0  0.000515746  7.6451  0  0  0  0  0  0  0  8.39545  0  0  0
0.000308883  0  0.000515481  7.62584  0  0  0  0  0  0  0  8.4153  0  0  0
0.00033724  0  0.000515203  7.60558  0  0  0  0  0  0  0  8.43618  0  0  0
0.000368196  0  0.00051491  7.58427  0  0  0  0  0  0  0  8.45816  0  0  0
0.000401985  0  0.000514602  7.56185  0  0  0  0  0  0  0  8.48127  0  0  0
0.000438868  0  0.000514279  7.53827  0  0  0  0  0  0  0  8.50557  0  0  0
0.000479125  0  0.000513939  7.51349  0  0  0  0  0  0  0  8.53111  0  0  0
0.000523063  0  0.000513582  7.48745  0  0  0  0  0  0  0  8.55795  0  0  0
0.000571017  0  0.000513207  7.4601  0  0  0  0  0  0  0  8.58615  0  0  0
0.000623351  0  0.000512814  7.43137  0  0  0  0  0  0  0  8.61576  0  0  0
0.000680461  0  0.000512401  7.40122  0  0  0  0  0  0  0  8.64684  0  0  0
0.000742781  0  0.000511968  7.36958  0  0  0  0  0  0  0  8.67945  0  0  0
0.000810781  0  0.000511515  7.3364  0  0  0  0  0  0  0  8.71365  0  0  0
0.000884973  0  0.00051104  7.30161  0  0  0  0  0  0  0  8.74951  0  0  0
0.000965915  0  0.000510542  7.26516  0  0  0  0  0  0  0  8.78708  0  0  0
0.00105421  0  0.000510021  7.22697  0  0  0  0  0  0  0  8.82644  0  0  0
0.00115053  0  0.000509476  7.187  0  0  0  0  0  0  0  8.86763  0  0  0
0.00125558  0  0.000508906  7.14518  0  0  0  0  0  0  0  8.91073  0  0  0
0.00137014  0  0.000508311  7.10144  0  0  0  0  0  0  0  8.9558  0  0  0
0.00149506  0  0.00050769  7.05574  0  0  0  0  0  0  0  9.00291  0  0  0
0.00163126  0  0.000507041  7.008  0  0  0  0  0  0  0  9.0521  0  0  0
0.00177974  0  0.000506365  6.95817  0  0  0  0  0  0  0  9.10344  0  0  0
0.00194158  0  0.000505661  6.90619  0  0  0  0  0  0  0  9.15699  0  0  0
0.00211795  0  0.000504928  6.85201  0  0  0  0  0  0  0  9.2128  0  0  0
0.00231012  0  0.000504165  6.79558  0  0  0  0  0  0  0  9.27093  0  0  0
0.00251947  0  0.000503372  6.73685  0  0  0  0  0  0  0  9.33141  0  0  0
0.00274748  0  0.000502549  6.67578  0  0  0  0  0  0  0  9.3943  0  0  0
0.00299576  0  0.000501694  6.61233  0  0  0  0  0  0  0  9.45964  0  0  0
0.00326605  0  0.000500809  6.54645  0  0  0  0  0  0  0  9.52746  0  0  0
0.00356021  0  0.000499892  6.47813  0  0  0  0  0  0  0  9.59778  0  0  0
0.00388027  0  0.000498944  6.40733  0  0  0  0  0  0  0  9.67063  0  0  0
0.00422838  0  0.000497965  6.33405  0  0  0  0  0  0  0  9.74603  0  0  0
0.00460689  0  0.000496954  6.25827  0  0  0  0  0  0  0  9.82397  0  0  0
0.00501829  0  0.000495912  6.17999  0  0  0  0  0  0  0  9.90446  0  0  0
0.00546526  0  0.00049484  6.09923  0  0  0  0  0  0  0  9.98748  0  0  0
0.00595067  0  0.000493737  6.01598  0  0  0  0  0  0  0  10.073  0  0  0
0.00647757  0  0.000492605  5.93029  0  0  0  0  0  0  0  10.161  0  0  0
0.00704924  0  0.000491445  5.84219  0  0  0  0  0  0  0  10.2515  0  0  0
0.00766915  0  0.000490257  5.75173  0  0  0  0  0  0  0  10.3443  0  0  0
0.00834097  0  0.000489042  5.65895  0  0  0  0  0  0  0  10.4395  0  0  0
0.0090686  0  0.000487803  5.56394  0  0  0  0  0  0  0  10.5369  0  0  0
0.00985616  0  0.00048654  5.46676  0  0  0  0  0  0  0  10.6364  0  0  0
0.010708  0  0.000485255  5.36751  0  0  0  0  0  0  0  10.738  0  0  0
0.0116286  0  0.00048395  5.2663  0  0  0  0  0  0  0  10.8415  0  0  0
0.0126229  0  0.000482627  5.16322  0  0  0  0  0  0  0  10.9468  0  0  0
0.0136956  0  0.000481289  5.05841  0  0  0  0  0  0  0  11.0538  0  0  0
0.0148521  0  0.000479937  4.952  0  0  0  0  0  0  0  11.1623  0  0  0
0.0160977  0  0.000478573  4.84412  0  0  0  0  0  0  0  11.2721  0  0  0
0.0174377  0  0.000477202  4.73492  0  0  0  0  0  0  0  11.3831  0  0  0
0.0188781  0  0.000475824  4.62457  0  0  0  0  0  0  0  11.4951  0  0  0
0.0204243  0  0.000474444  4.51323  0  0  0  0  0  0  0  11.6079  0  0  0
0.0220824  0  0.000473064  4.40106  0  0  0  0  0  0  0  11.7213  0  0  0
0.0238583  0  0.000471686  4.28825  0  0  0  0  0  0  0  11.835  0  0  0
0.0257578  0  0.000470316  4.17497  0  0  0  0  0  0  0  11.9489  0  0  0
0.027787  0  0.000468954  4.06141  0  0  0  0  0  0  0  12.0627  0  0  0
0.0299516  0  0.000467606  3.94776  0  0  0  0  0  0  0  12.1761  0  0  0
0.0322576  0  0.000466274  3.8342  0  0  0  0  0  0  0  12.2888  0  0  0
0.0347104  0  0.000464962  3.72095  0  0  0  0  0  0  0  12.4005  0  0  0
0.0373157  0  0.000463675  3.6082  0  0  0  0  0  0  0  12.5108  0  0  0
0.0400785  0  0.000462417  3.49616  0  0  0  0  0  0  0  12.6194  0  0  0
0.043004  0  0.000461193  3.38506  0  0  0  0  0  0  0  12.7258  0  0  0
0.0460967  0  0.000460009  3.27513  0  0  0  0  0  0  0  12.8294  0  0  0
0.0493609  0  0.000458872  3.16662  0  0  0  0  0  0  0  12.9296  0  0  0
0.0528007  0  0.000457789  3.05981  0  0  0  0  0  0  0  13.0256  0  0  0
0.0564196  0  0.00045677  2.95499  0  0  0  0  0  0  0  13.1164  0  0  0
0.0602206  0  0.000455824  2.85249  0  0  0  0  0  0  0  13.2011  0  0  0
0.0642064  0  0.000454966  2.75269  0  0  0  0  0  0  0  13.2783  0  0  0
0.0683793  0  0.000454208  2.656  0  0  0  0  0  0  0  13.3464  0  0  0
0.072741  0  0.000453569  2.56287  0  0  0  0  0  0  0  13.4037  0  0  0
0.0772927  0  0.000453066  2.47381  0  0  0  0  0  0  0  13.4481  0  0  0
0.0820352  0  0.000452721  2.38934  0  0  0  0  0  0  0  13.4772  0  0  0
0.0869689  0  0.000452557  2.31004  0  0  0  0  0  0  0  13.4884  0  0  0
0.0920937  0  0.000452596  2.23647  0  0  0  0  0  0  0  13.4788  0  0  0
0.097409  0  0.000452861  2.16916  0  0  0  0  0  0  0  13.4453  0  0  0
0.102914  0  0.000453371  2.10857  0  0  0  0  0  0  0  13.3849  0  0  0
0.108607  0  0.000454141  2.05505  0  0  0  0  0  0  0  13.2945  0  0  0
0.114487  0  0.000455179  2.0087  0  0  0  0  0  0  0  13.1714  0  0  0
0.120552  0  0.000456481  1.96941  0  0  0  0  0  0  0  13.0133  0  0  0
0.126799  0  0.000458028  1.93667  0  0  0  0  0  0  0  12.8185  0  0  0
0.133226  0  0.000459786  1.90962  0  0  0  0  0  0  0  12.5861  0  0  0
0.13983  0  0.000461703  1.88697  0  0  0  0  0  0  0  12.3162  0  0  0
0.146608  0  0.000463709  1.86699  0  0  0  0  0  0  0  12.0098  0  0  0
0.153557  0  0.000465716  1.84758  0  0  0  0  0  0  0  11.6689  0  0  0
0.160674  0  0.000467623  1.82636  0  0  0  0  0  0  0  11.2961  0  0  0
0.167955  0  0.000469324  1.8008  0  0  0  0  0  0  0  10.8945  0  0  0
0.175396  0  0.000470707  1.76833  0  0  0  0  0  0  0  10.4676  0  0  0
0.182995  0  0.000471669  1.72655  0  0  0  0  0  0  0  10.0188  0  0  0
0.190747  0  0.000472118  1.67338  0  0  0  0  0  0  0  9.55162  0  0  0
0.198649  0  0.000471981  1.60719  0  0  0  0  0  0  0  9.06922  0  0  0
0.206698  0  0.000471208  1.5269  0  0  0  0  0  0  0  8.5746  0  0  0
0.214888  0  0.000469779  1.43212  0  0  0  0  0  0  0  8.07065  0  0  0
0.223217  0  0.000467698  1.32313  0  0  0  0  0  0  0  7.56026  0  0  0
0.231682  0  0.000465002  1.2009  0  0  0  0  0  0  0  7.04643  0  0  0
0.240277  0  0.000461749  1.06704  0  0  0  0  0  0  0  6.53236  0  0  0
0.249001  0  0.000458021  0.923739  0  0  0  0  0  0  0  6.02151  0  0  0
0.257849  0  0.000453916  0.773592  0  0  0  0  0  0  0  5.51757  0  0  0
0.266818  0  0.000449542  0.619487  0  0  0  0  0  0  0  5.02435  0  0  0
0.275904  0  0.000445009  0.46443  0  0  0  0  0  0  0  4.54566  0  0  0
0.285104  0  0.000440427  0.311381  0  0  0  0  0  0  0  4.08512  0  0  0
0.294416  0  0.000435894  0.16311  0  0  0  0  0  0  0  3.646  0  0  0
0.303834  0  0.000431501  0.0220704  0  0  0  0  0  0  0  3.23106  0  0  0
0.313358  0  0.000427319  -0.109681  0  0  0  0  0  0  0  2.84248  0  0  0
0.322983  0  0.000423406  -0.230534  0  0  0  0  0  0  0  2.48173  0  0  0
0.332707  0  0.000419804  -0.339337  0  0  0  0  0  0  0  2.14965  0  0  0
0.342526  0  0.000416539  -0.435385  0  0  0  0  0  0  0  1.84641  0  0  0
0.352439  0  0.000413624  -0.518373  0  0  0  0  0  0  0  1.57162  0  0  0
0.362442  0  0.000411062  -0.58834  0  0  0  0  0  0  0  1.32443  0  0  0
0.372533  0  0.000408844  -0.645617  0  0  0  0  0  0  0  1.1036  0  0  0
0.382709  0  0.000406957  -0.690754  0  0  0  0  0  0  0  0.907631  0  0  0
0.392967  0  0.000405383  -0.724472  0  0  0  0  0  0  0  0.734831  0  0  0
0.403306  0  0.000404099  -0.747601  0  0  0  0  0  0  0  0.58341  0  0  0
0.413723  0  0.000403081  -0.761036  0  0  0  0  0  0  0  0.451546  0  0  0
0.424216  0  0.000402304  -0.765712  0  0  0  0  0  0  0  0.337437  0  0  0
0.434783  0  0.000401744  -0.762558  0  0  0  0  0  0  0  0.239336  0  0  0
0.445422  0  0.000401376  -0.752491  0  0  0  0  0  0  0  0.155587  0  0  0
0.45613  0  0.000401177  -0.73639  0  0  0  0  0  0  0  0.0846319  0  0  0
0.466905  0  0.000401127  -0.715088  0  0  0  0  0  0  0  0.0250368  0  0  0
0.477747  0  0.000401204  -0.68937  0  0  0  0  0  0  0  -0.0245247  0  0  0
0.488653  0  0.00040139  -0.659962  0  0  0  0  0  0  0  -0.0652504  0  0  0
0.499621  0  0.000401668  -0.627531  0  0  0  0  0  0  0  -0.0982323  0  0  0
0.510649  0  0.000402023  -0.592692  0  0  0  0  0  0  0  -0.124451  0  0  0
0.521736  0  0.000402441  -0.556003  0  0  0  0  0  0  0  -0.144775  0  0  0
0.532881  0  0.000402909  -0.517964  0  0  0  0  0  0  0  -0.159998  0  0  0
0.544082  0  0.000403417  -0.479031  0  0  0  0  0  0  0  -0.170808  0  0  0
0.555337  0  0.000403955  -0.439611  0  0  0  0  0  0  0  -0.177827  0  0  0
0.566644  0  0.000404513  -0.400067  0  0  0  0  0  0  0  -0.181601  0  0  0
0.578004  0  0.000405085  -0.360722  0  0  0  0  0  0  0  -0.182616  0  0  0
0.589413  0  0.000405663  -0.321861  0  0  0  0  0  0  0  -0.181296  0  0  0
0.600872  0  0.00040624  -0.283735  0  0  0  0  0  0  0  -0.178021  0  0  0
0.612378  0  0.000406813  -0.246566  0  0  0  0  0  0  0  -0.173119  0  0  0
0.62393  0  0.000407377  -0.210546  0  0  0  0  0  0  0  -0.166883  0  0  0
0.635528  0  0.000407927  -0.175843  0  0  0  0  0  0  0  -0.159568  0  0  0
0.64717  0  0.00040846  -0.142599  0  0  0  0  0  0  0  -0.1514  0  0  0
0.658855  0  0.000408973  -0.110941  0  0  0  0  0  0  0  -0.142579  0  0  0
0.670582  0  0.000409464  -0.0809693  0  0  0  0  0  0  0  -0.133273  0  0  0
0.68235  0  0.00040993  -0.0527735  0  0  0  0  0  0  0  -0.123638  0  0  0
0.694158  0  0.00041037  -0.0264292  0  0  0  0  0  0  0  -0.11381  0  0  0
0.706005  0  0.000410783  -0.00199175  0  0  0  0  0  0  0  -0.103899  0  0  0
0.71789  0  0.000411166  0.0204897  0  0  0  0  0  0  0  -0.0940161  0  0  0
0.729812  0  0.00041152  0.0409799  0  0  0  0  0  0  0  -0.0842443  0  0  0
0.741771  0  0.000411842  0.0594516  0  0  0  0  0  0  0  -0.0746708  0  0  0
0.753765  0  0.000412133  0.0758882  0  0  0  0  0  0  0  -0.0653577  0  0  0
0.765793  0  0.000412391  0.0902791  0  0  0  0  0  0  0  -0.0563736  0  0  0
0.777856  0  0.000412618  0.102622  0  0  0  0  0  0  0  -0.047771  0  0  0
0.789952  0  0.000412811  0.112921  0  0  0  0  0  0  0  -0.0396004  0  0  0
0.80208  0  0.000412971  0.121184  0  0  0  0  0  0  0  -0.0319066  0  0  0
0.814239  0  0.000413098  0.127425  0  0  0  0  0  0  0  -0.0247278  0  0  0
0.82643  0  0.000413192  0.131666  0  0  0  0  0  0  0  -0.0180993  0  0  0
0.838651  0  0.000413252  0.133924  0  0  0  0  0  0  0  -0.0120583  0  0  0
0.850901  0  0.000413279  0.134236  0  0  0  0  0  0  0  -0.00663185  0  0  0
0.863181  0  0.000413273  0.132625  0  0  0  0  0  0  0  -0.00185299  0  0  0
0.875488  0  0.000413232  0.129128  0  0  0  0  0  0  0  0.00225163  0  0  0
0.887824  0  0.000413158  0.123782  0  0  0  0  0  0  0  0.0056529  0  0  0
0.900186  0  0.000413051  0.116628  0  0  0  0  0  0  0  0.00832748  0  0  0
0.912576  0  0.00041291  0.107708  0  0  0  0  0  0  0  0.0102429  0  0  0
0.924991  0  0.000412735  0.0970688  0  0  0  0  0  0  0  0.011374  0  0  0
0.937432  0  0.000412527  0.0847588  0  0  0  0  0  0  0  0.0116925  0  0  0
0.949897  0  0.000412284  0.0708265  0  0  0  0  0  0  0  0.011169  0  0  0
0.962388  0  0.000412007  0.0553288  0  0  0  0  0  0  0  0.00977135  0  0  0
0.974902  0  0.000411696  0.0383186  0  0  0  0  0  0  0  0.00746679  0  0  0
0.987439  0  0.000411349  0.019856  0  0  0  0  0  0  0  0.00422192  0  0  0
1  0  0.000410968  0  0  0  0  0  0  0  0  0  0  0  0
