1e-05  0  4.51709e-06  82.3249  0  0  0  0  0  0  0  39.6358  0  0  0
1.09199e-05  0  4.51962e-06  82.2478  0  0  0  0  0  0  0  39.5335  0  0  0
1.19243e-05  0  4.52212e-06  82.1683  0  0  0  0  0  0  0  39.4354  0  0  0
1.30212e-05  0  4.52458e-06  82.0862  0  0  0  0  0  0  0  39.3413  0  0  0
1.4219e-05  0  4.52702e-06  82.0012  0  0  0  0  0  0  0  39.2513  0  0  0
1.55269e-05  0  4.52942e-06  81.913  0  0  0  0  0  0  0  39.1655  0  0  0
1.69551e-05  0  4.5318e-06  81.8213  0  0  0  0  0  0  0  39.0838  0  0  0
1.85147e-05  0  4.53416e-06  81.7258  0  0  0  0  0  0  0  39.0062  0  0  0
2.02177e-05  0  4.53651e-06  81.6262  0  0  0  0  0  0  0  38.9328  0  0  0
2.20773e-05  0  4.53884e-06  81.522  0  0  0  0  0  0  0  38.8637  0  0  0
2.4108e-05  0  4.54116e-06  81.4129  0  0  0  0  0  0  0  38.7988  0  0  0
2.63254e-05  0  4.54347e-06  81.2985  0  0  0  0  0  0  0  38.7381  0  0  0
2.87468e-05  0  4.54579e-06  81.1784  0  0  0  0  0  0  0  38.6818  0  0  0
3.13908e-05  0  4.5481e-06  81.052  0  0  0  0  0  0  0  38.6299  0  0  0
3.42779e-05  0  4.55043e-06  80.919  0  0  0  0  0  0  0  38.5825  0  0  0
3.74305e-05  0  4.55276e-06  80.7787  0  0  0  0  0  0  0  38.5395  0  0  0
4.0873e-05  0  4.55511e-06  80.6307  0  0  0  0  0  0  0  38.501  0  0  0
4.4632e-05  0  4.55749e-06  80.4743  0  0  0  0  0  0  0  38.4672  0  0  0
4.87366e-05  0  4.55989e-06  80.3089  0  0  0  0  0  0  0  38.4381  0  0  0
5.32186e-05  0  4.56232e-06  80.1338  0  0  0  0  0  0  0  38.4136  0  0  0
5.81127e-05  0  4.56479e-06  79.9483  0  0  0  0  0  0  0  38.3939  0  0  0
6.34566e-05  0  4.56731e-06  79.7517  0  0  0  0  0  0  0  38.379  0  0  0
6.92917e-05  0  4.56988e-06  79.5431  0  0  0  0  0  0  0  38.3689  0  0  0
7.56631e-05  0  4.57252e-06  79.3217  0  0  0  0  0  0  0  38.3636  0  0  0
8.26202e-05  0  4.57522e-06  79.0864  0  0  0  0  0  0  0  38.363  0  0  0
9.02165e-05  0  4.578e-06  78.8364  0  0  0  0  0  0  0  38.3671  0  0  0
9.85109e-05  0  4.58087e-06  78.5704  0  0  0  0  0  0  0  38.3758  0  0  0
0.000107567  0  4.58384e-06  78.2873  0  0  0  0  0  0  0  38.3888  0  0  0
0.000117456  0  4.58692e-06  77.9857  0  0  0  0  0  0  0  38.406  0  0  0
0.000128253  0  4.59012e-06  77.6642  0  0  0  0  0  0  0  38.4268  0  0  0
0.000140041  0  4.59346e-06  77.3211  0  0  0  0  0  0  0  38.4509  0  0  0
0.000152912  0  4.59696e-06  76.9546  0  0  0  0  0  0  0  38.4777  0  0  0
0.000166965  0  4.60063e-06  76.5627  0  0  0  0  0  0  0  38.5063  0  0  0
0.000182307  0  4.6045e-06  76.1431  0  0  0  0  0  0  0  38.5358  0  0  0
0.000199058  0  4.6086e-06  75.6931  0  0  0  0  0  0  0  38.5648  0  0  0
0.000217347  0  4.61294e-06  75.2098  0  0  0  0  0  0  0  38.5918  0  0  0
0.000237312  0  4.61758e-06  74.6896  0  0  0  0  0  0  0  38.6148  0  0  0
0.00025911  0  4.62254e-06  74.1287  0  0  0  0  0  0  0  38.6315  0  0  0
0.000282906  0  4.62788e-06  73.5223  0  0  0  0  0  0  0  38.6388  0  0  0
0.000308883  0  4.63364e-06  72.865  0  0  0  0  0  0  0  38.6332  0  0  0
0.00033724  0  4.6399e-06  72.1505  0  0  0  0  0  0  0  38.6105  0  0  0
0.000368196  0  4.64673e-06  71.3715  0  0  0  0  0  0  0  38.5654  0  0  0
0.000401985  0  4.65422e-06  70.5196  0  0  0  0  0  0  0  38.492  0  0  0
0.000438868  0  4.66248e-06  69.5848  0  0  0  0  0  0  0  38.3832  0  0  0
0.000479125  0  4.67161e-06  68.5561  0  0  0  0  0  0  0  38.2306  0  0  0
0.000523063  0  4.68176e-06  67.4205  0  0  0  0  0  0  0  38.0247  0  0  0
0.000571017  0  4.69307e-06  66.164  0  0  0  0  0  0  0  37.7549  0  0  0
0.000623351  0  4.70572e-06  64.7709  0  0  0  0  0  0  0  37.4093  0  0  0
0.000680461  0  4.71989e-06  63.2246  0  0  0  0  0  0  0  36.9753  0  0  0
0.000742781  0  4.73575e-06  61.5078  0  0  0  0  0  0  0  36.4395  0  0  0
0.000810781  0  4.7535e-06  59.6039  0  0  0  0  0  0  0  35.7887  0  0  0
0.000884973  0  4.77331e-06  57.4974  0  0  0  0  0  0  0  35.0108  0  0  0
0.000965915  0  4.79534e-06  55.176  0  0  0  0  0  0  0  34.0953  0  0  0
0.00105421  0  4.81966e-06  52.6324  0  0  0  0  0  0  0  33.0354  0  0  0
0.00115053  0  4.84632e-06  49.8661  0  0  0  0  0  0  0  31.8287  0  0  0
0.00125558  0  4.87525e-06  46.8852  0  0  0  0  0  0  0  30.4793  0  0  0
0.00137014  0  4.90629e-06  43.7084  0  0  0  0  0  0  0  28.9981  0  0  0
0.00149506  0  4.93914e-06  40.3652  0  0  0  0  0  0  0  27.4039  0  0  0
0.00163126  0  4.97343e-06  36.8954  0  0  0  0  0  0  0  25.7229  0  0  0
0.00177974  0  5.00864e-06  33.348  0  0  0  0  0  0  0  23.9871  0  0  0
0.00194158  0  5.04422e-06  29.7775  0  0  0  0  0  0  0  22.2331  0  0  0
0.00211795  0  5.07959e-06  26.2405  0  0  0  0  0  0  0  20.4984  0  0  0
0.00231012  0  5.11416e-06  22.7916  0  0  0  0  0  0  0  18.8193  0  0  0
0.00251947  0  5.14742e-06  19.4798  0  0  0  0  0  0  0  17.2277  0  0  0
0.00274748  0  5.17895e-06  16.3462  0  0  0  0  0  0  0  15.7498  0  0  0
0.00299576  0  5.20842e-06  13.4226  0  0  0  0  0  0  0  14.4046  0  0  0
0.00326605  0  5.23564e-06  10.7323  0  0  0  0  0  0  0  13.2042  0  0  0
0.00356021  0  5.26052e-06  8.2923  0  0  0  0  0  0  0  12.1547  0  0  0
0.00388027  0  5.28304e-06  6.1172  0  0  0  0  0  0  0  11.258  0  0  0
0.00422838  0  5.3033e-06  4.22417  0  0  0  0  0  0  0  10.5139  0  0  0
0.00460689  0  5.3214e-06  2.63948  0  0  0  0  0  0  0  9.92265  0  0  0
0.00501829  0  5.33751e-06  1.40478  0  0  0  0  0  0  0  9.48755  0  0  0
0.00546526  0  5.35181e-06  0.580458  0  0  0  0  0  0  0  9.21645  0  0  0
0.00595067  0  5.36448e-06  0.238878  0  0  0  0  0  0  0  9.12051  0  0  0
0.00647757  0  5.3757e-06  0.43766  0  0  0  0  0  0  0  9.20721  0  0  0
0.00704924  0  5.38563e-06  1.16921  0  0  0  0  0  0  0  9.46729  0  0  0
0.00766915  0  5.39442e-06  2.3101  0  0  0  0  0  0  0  9.86115  0  0  0
0.00834097  0  5.40221e-06  3.62372  0  0  0  0  0  0  0  10.3197  0  0  0
0.0090686  0  5.40913e-06  4.84411  0  0  0  0  0  0  0  10.7668  0  0  0
0.00985616  0  5.41529e-06  5.78404  0  0  0  0  0  0  0  11.1481  0  0  0
0.010708  0  5.4208e-06  6.38129  0  0  0  0  0  0  0  11.4433  0  0  0
0.0116286  0  5.42576e-06  6.66969  0  0  0  0  0  0  0  11.6585  0  0  0
0.0126229  0  5.43028e-06  6.72453  0  0  0  0  0  0  0  11.8115  0  0  0
0.0136956  0  5.4345e-06  6.62283  0  0  0  0  0  0  0  11.921  0  0  0
0.0148521  0  5.43857e-06  6.42625  0  0  0  0  0  0  0  12.0018  0  0  0
0.0160977  0  5.44267e-06  6.17832  0  0  0  0  0  0  0  12.0646  0  0  0
0.0174377  0  5.44707e-06  5.90756  0  0  0  0  0  0  0  12.1162  0  0  0
0.0188781  0  5.45214e-06  5.6316  0  0  0  0  0  0  0  12.1609  0  0  0
0.0204243  0  5.45836e-06  5.36086  0  0  0  0  0  0  0  12.2013  0  0  0
0.0220824  0  5.46644e-06  5.10109  0  0  0  0  0  0  0  12.2393  0  0  0
0.0238583  0  5.47732e-06  4.85509  0  0  0  0  0  0  0  12.2762  0  0  0
0.0257578  0  5.49233e-06  4.62384  0  0  0  0  0  0  0  12.3133  0  0  0
0.027787  0  5.51318e-06  4.40715  0  0  0  0  0  0  0  12.3522  0  0  0
0.0299516  0  5.54212e-06  4.20414  0  0  0  0  0  0  0  12.3948  0  0  0
0.0322576  0  5.58195e-06  4.01344  0  0  0  0  0  0  0  12.4434  0  0  0
0.0347104  0  5.63596e-06  3.83335  0  0  0  0  0  0  0  12.5005  0  0  0
0.0373157  0  5.7077e-06  3.66211  0  0  0  0  0  0  0  12.5692  0  0  0
0.0400785  0  5.80058e-06  3.49797  0  0  0  0  0  0  0  12.6518  0  0  0
0.043004  0  5.9171e-06  3.33942  0  0  0  0  0  0  0  12.7498  0  0  0
0.0460967  0  6.05794e-06  3.18545  0  0  0  0  0  0  0  12.8631  0  0  0
0.0493609  0  6.2211e-06  3.03571  0  0  0  0  0  0  0  12.9887  0  0  0
0.0528007  0  6.40146e-06  2.89056  0  0  0  0  0  0  0  13.1212  0  0  0
0.0564196  0  6.59118e-06  2.751  0  0  0  0  0  0  0  13.2529  0  0  0
0.0602206  0  6.78087e-06  2.61828  0  0  0  0  0  0  0  13.3752  0  0  0
0.0642064  0  6.96137e-06  2.4936  0  0  0  0  0  0  0  13.48  0  0  0
0.0683793  0  7.12523e-06  2.37777  0  0  0  0  0  0  0  13.5612  0  0  0
0.072741  0  7.26768e-06  2.27111  0  0  0  0  0  0  0  13.6147  0  0  0
0.0772927  0  7.38661e-06  2.1735  0  0  0  0  0  0  0  13.6389  0  0  0
0.0820352  0  7.48214e-06  2.08449  0  0  0  0  0  0  0  13.6335  0  0  0
0.0869689  0  7.55584e-06  2.00351  0  0  0  0  0  0  0  13.5995  0  0  0
0.0920937  0  7.61003e-06  1.93004  0  0  0  0  0  0  0  13.5382  0  0  0
0.097409  0  7.64725e-06  1.86367  0  0  0  0  0  0  0  13.4508  0  0  0
0.102914  0  7.66994e-06  1.80419  0  0  0  0  0  0  0  13.3384  0  0  0
0.108607  0  7.68026e-06  1.75167  0  0  0  0  0  0  0  13.2018  0  0  0
0.114487  0  7.68002e-06  1.70632  0  0  0  0  0  0  0  13.0414  0  0  0
0.120552  0  7.67069e-06  1.66865  0  0  0  0  0  0  0  12.8572  0  0  0
0.126799  0  7.65343e-06  1.63928  0  0  0  0  0  0  0  12.6491  0  0  0
0.133226  0  7.62915e-06  1.61894  0  0  0  0  0  0  0  12.4167  0  0  0
0.13983  0  7.59857e-06  1.60836  0  0  0  0  0  0  0  12.1594  0  0  0
0.146608  0  7.56221e-06  1.60822  0  0  0  0  0  0  0  11.8769  0  0  0
0.153557  0  7.52052e-06  1.61896  0  0  0  0  0  0  0  11.5686  0  0  0
0.160674  0  7.47384e-06  1.64068  0  0  0  0  0  0  0  11.2343  0  0  0
0.167955  0  7.42245e-06  1.67295  0  0  0  0  0  0  0  10.8738  0  0  0
0.175396  0  7.36662e-06  1.71471  0  0  0  0  0  0  0  10.4875  0  0  0
0.182995  0  7.3066e-06  1.76406  0  0  0  0  0  0  0  10.076  0  0  0
0.190747  0  7.24265e-06  1.81811  0  0  0  0  0  0  0  9.64059  0  0  0
0.198649  0  7.17504e-06  1.87301  0  0  0  0  0  0  0  9.18304  0  0  0
0.206698  0  7.1041e-06  1.9238  0  0  0  0  0  0  0  8.70566  0  0  0
0.214888  0  7.03018e-06  1.9646  0  0  0  0  0  0  0  8.21146  0  0  0
0.223217  0  6.95366e-06  1.98873  0  0  0  0  0  0  0  7.70403  0  0  0
0.231682  0  6.87503e-06  1.98909  0  0  0  0  0  0  0  7.18744  0  0  0
0.240277  0  6.79477e-06  1.9585  0  0  0  0  0  0  0  6.66624  0  0  0
0.249001  0  6.71345e-06  1.89033  0  0  0  0  0  0  0  6.14523  0  0  0
0.257849  0  6.6317e-06  1.77904  0  0  0  0  0  0  0  5.62936  0  0  0
0.266818  0  6.55019e-06  1.62084  0  0  0  0  0  0  0  5.12351  0  0  0
0.275904  0  6.46965e-06  1.41429  0  0  0  0  0  0  0  4.63238  0  0  0
0.285104  0  6.39086e-06  1.16077  0  0  0  0  0  0  0  4.16027  0  0  0
0.294416  0  6.31465e-06  0.864917  0  0  0  0  0  0  0  3.71099  0  0  0
0.303834  0  6.24188e-06  0.534724  0  0  0  0  0  0  0  3.28777  0  0  0
0.313358  0  6.17343e-06  0.181481  0  0  0  0  0  0  0  2.89321  0  0  0
0.322983  0  6.11021e-06  -0.180587  0  0  0  0  0  0  0  2.52923  0  0  0
0.332707  0  6.05309e-06  -0.534936  0  0  0  0  0  0  0  2.19712  0  0  0
0.342526  0  6.0029e-06  -0.86367  0  0  0  0  0  0  0  1.89758  0  0  0
0.352439  0  5.9604e-06  -1.1487  0  0  0  0  0  0  0  1.63071  0  0  0
0.362442  0  5.92616e-06  -1.37312  0  0  0  0  0  0  0  1.39608  0  0  0
0.372533  0  5.90058e-06  -1.52268  0  0  0  0  0  0  0  1.19274  0  0  0
0.382709  0  5.88381e-06  -1.58723  0  0  0  0  0  0  0  1.01932  0  0  0
0.392967  0  5.87567e-06  -1.56179  0  0  0  0  0  0  0  0.873924  0  0  0
0.403306  0  5.87571e-06  -1.44731  0  0  0  0  0  0  0  0.754341  0  0  0
0.413723  0  5.88311e-06  -1.25076  0  0  0  0  0  0  0  0.658012  0  0  0
0.424216  0  5.8968e-06  -0.984564  0  0  0  0  0  0  0  0.582108  0  0  0
0.434783  0  5.91549e-06  -0.665425  0  0  0  0  0  0  0  0.523682  0  0  0
0.445422  0  5.93776e-06  -0.312656  0  0  0  0  0  0  0  0.479767  0  0  0
0.45613  0  5.96217e-06  0.0536292  0  0  0  0  0  0  0  0.447525  0  0  0
0.466905  0  5.98738e-06  0.414291  0  0  0  0  0  0  0  0.424294  0  0  0
0.477747  0  6.01218e-06  0.752581  0  0  0  0  0  0  0  0.407761  0  0  0
0.488653  0  6.03559e-06  1.05509  0  0  0  0  0  0  0  0.395958  0  0  0
0.499621  0  6.05687e-06  1.31223  0  0  0  0  0  0  0  0.387222  0  0  0
0.510649  0  6.07551e-06  1.51816  0  0  0  0  0  0  0  0.380356  0  0  0
0.521736  0  6.09123e-06  1.67045  0  0  0  0  0  0  0  0.37439  0  0  0
0.532881  0  6.10394e-06  1.76955  0  0  0  0  0  0  0  0.368675  0  0  0
0.544082  0  6.1137e-06  1.81804  0  0  0  0  0  0  0  0.362793  0  0  0
0.555337  0  6.12067e-06  1.82008  0  0  0  0  0  0  0  0.356514  0  0  0
0.566644  0  6.12509e-06  1.78076  0  0  0  0  0  0  0  0.349678  0  0  0
0.578004  0  6.12723e-06  1.70561  0  0  0  0  0  0  0  0.342316  0  0  0
0.589413  0  6.12738e-06  1.60028  0  0  0  0  0  0  0  0.334404  0  0  0
0.600872  0  6.12585e-06  1.47022  0  0  0  0  0  0  0  0.326073  0  0  0
0.612378  0  6.1229e-06  1.32051  0  0  0  0  0  0  0  0.31739  0  0  0
0.62393  0  6.1188e-06  1.15581  0  0  0  0  0  0  0  0.308472  0  0  0
0.635528  0  6.11378e-06  0.980195  0  0  0  0  0  0  0  0.299423  0  0  0
0.64717  0  6.10804e-06  0.797265  0  0  0  0  0  0  0  0.290344  0  0  0
0.658855  0  6.10178e-06  0.610092  0  0  0  0  0  0  0  0.281342  0  0  0
0.670582  0  6.09514e-06  0.421252  0  0  0  0  0  0  0  0.272461  0  0  0
0.68235  0  6.08825e-06  0.232889  0  0  0  0  0  0  0  0.263824  0  0  0
0.694158  0  6.08122e-06  0.0467644  0  0  0  0  0  0  0  0.255447  0  0  0
0.706005  0  6.07413e-06  -0.13572  0  0  0  0  0  0  0  0.247398  0  0  0
0.71789  0  6.06707e-06  -0.313438  0  0  0  0  0  0  0  0.239716  0  0  0
0.729812  0  6.06009e-06  -0.485563  0  0  0  0  0  0  0  0.232452  0  0  0
0.741771  0  6.05324e-06  -0.651432  0  0  0  0  0  0  0  0.225601  0  0  0
0.753765  0  6.04654e-06  -0.810608  0  0  0  0  0  0  0  0.219215  0  0  0
0.765793  0  6.04002e-06  -0.962762  0  0  0  0  0  0  0  0.213318  0  0  0
0.777856  0  6.03371e-06  -1.10774  0  0  0  0  0  0  0  0.207893  0  0  0
0.789952  0  6.0276e-06  -1.24544  0  0  0  0  0  0  0  0.20298  0  0  0
0.80208  0  6.02172e-06  -1.37587  0  0  0  0  0  0  0  0.19857  0  0  0
0.814239  0  6.01605e-06  -1.49908  0  0  0  0  0  0  0  0.194695  0  0  0
0.82643  0  6.0106e-06  -1.6152  0  0  0  0  0  0  0  0.191353  0  0  0
0.838651  0  6.00536e-06  -1.72437  0  0  0  0  0  0  0  0.188553  0  0  0
0.850901  0  6.00033e-06  -1.82677  0  0  0  0  0  0  0  0.186302  0  0  0
0.863181  0  5.99549e-06  -1.92255  0  0  0  0  0  0  0  0.184601  0  0  0
0.875488  0  5.99084e-06  -2.01188  0  0  0  0  0  0  0  0.183479  0  0  0
0.887824  0  5.98637e-06  -2.09485  0  0  0  0  0  0  0  0.182922  0  0  0
0.900186  0  5.98206e-06  -2.17132  0  0  0  0  0  0  0  0.18293  0  0  0
0.912576  0  5.97793e-06  -2.24064  0  0  0  0  0  0  0  0.183449  0  0  0
0.924991  0  5.97401e-06  -2.30073  0  0  0  0  0  0  0  0.184288  0  0  0
0.937432  0  5.97037e-06  -2.34598  0  0  0  0  0  0  0  0.184998  0  0  0
0.949897  0  5.96731e-06  -2.3618  0  0  0  0  0  0  0  0.184387  0  0  0
0.962388  0  5.96552e-06  -2.31103  0  0  0  0  0  0  0  0.179413  0  0  0
0.974902  0  5.96679e-06  -2.10088  0  0  0  0  0  0  0  0.162636  0  0  0
0.987439  0  5.97553e-06  -1.50523  0  0  0  0  0  0  0  0.116203  0  0  0
1  0  6.00211e-06  0  0  0  0  0  0  0  0  0  0  0  0
