1e-05  0  9.78994e-09  -14.7795  0  0  0  0  0  0  0  13.0316  0  0  0
1.09199e-05  0  8.48275e-09  -14.7838  0  0  0  0  0  0  0  13.0278  0  0  0
1.19243e-05  0  7.0683e-09  -14.782  0  0  0  0  0  0  0  13.0231  0  0  0
1.30212e-05  0  5.57178e-09  -14.772  0  0  0  0  0  0  0  13.0172  0  0  0
1.4219e-05  0  4.04063e-09  -14.7514  0  0  0  0  0  0  0  13.01  0  0  0
1.55269e-05  0  2.55451e-09  -14.717  0  0  0  0  0  0  0  13.0011  0  0  0
1.69551e-05  0  1.24108e-09  -14.665  0  0  0  0  0  0  0  12.9903  0  0  0
1.85147e-05  0  2.96699e-10  -14.591  0  0  0  0  0  0  0  12.977  0  0  0
2.02177e-05  0  1.54844e-11  -14.4893  0  0  0  0  0  0  0  12.9608  0  0  0
2.20773e-05  0  8.28633e-10  -14.3537  0  0  0  0  0  0  0  12.9413  0  0  0
2.4108e-05  0  3.35669e-09  -14.1765  0  0  0  0  0  0  0  12.9176  0  0  0
2.63254e-05  0  8.4778e-09  -13.9491  0  0  0  0  0  0  0  12.8891  0  0  0
2.87468e-05  0  1.74147e-08  -13.6617  0  0  0  0  0  0  0  12.8551  0  0  0
3.13908e-05  0  3.184e-08  -13.3034  0  0  0  0  0  0  0  12.8145  0  0  0
3.42779e-05  0  5.40007e-08  -12.8625  0  0  0  0  0  0  0  12.7664  0  0  0
3.74305e-05  0  8.68541e-08  -12.3268  0  0  0  0  0  0  0  12.7098  0  0  0
4.0873e-05  0  1.34197e-07  -11.6842  0  0  0  0  0  0  0  12.6438  0  0  0
4.4632e-05  0  2.00778e-07  -10.9235  0  0  0  0  0  0  0  12.5675  0  0  0
4.87366e-05  0  2.92329e-07  -10.0355  0  0  0  0  0  0  0  12.48  0  0  0
5.32186e-05  0  4.15508e-07  -9.01413  0  0  0  0  0  0  0  12.3808  0  0  0
5.81127e-05  0  5.77661e-07  -7.85785  0  0  0  0  0  0  0  12.2698  0  0  0
6.34566e-05  0  7.86391e-07  -6.57105  0  0  0  0  0  0  0  12.1473  0  0  0
6.92917e-05  0  1.0489e-06  -5.16514  0  0  0  0  0  0  0  12.0141  0  0  0
7.56631e-05  0  1.37117e-06  -3.65899  0  0  0  0  0  0  0  11.8717  0  0  0
8.26202e-05  0  1.757e-06  -2.07896  0  0  0  0  0  0  0  11.7219  0  0  0
9.02165e-05  0  2.20719e-06  -0.457758  0  0  0  0  0  0  0  11.5673  0  0  0
9.85109e-05  0  2.71899e-06  1.16754  0  0  0  0  0  0  0  11.4107  0  0  0
0.000107567  0  3.28586e-06  2.75792  0  0  0  0  0  0  0  11.2552  0  0  0
0.000117456  0  3.89791e-06  4.27548  0  0  0  0  0  0  0  11.1037  0  0  0
0.000128253  0  4.54266e-06  5.68629  0  0  0  0  0  0  0  10.9589  0  0  0
0.000140041  0  5.20627e-06  6.96262  0  0  0  0  0  0  0  10.8231  0  0  0
0.000152912  0  5.87472e-06  8.08456  0  0  0  0  0  0  0  10.698  0  0  0
0.000166965  0  6.53499e-06  9.04047  0  0  0  0  0  0  0  10.5847  0  0  0
0.000182307  0  7.17585e-06  9.82674  0  0  0  0  0  0  0  10.4837  0  0  0
0.000199058  0  7.78845e-06  10.4469  0  0  0  0  0  0  0  10.3951  0  0  0
0.000217347  0  8.36635e-06  10.91  0  0  0  0  0  0  0  10.3185  0  0  0
0.000237312  0  8.9055e-06  11.2294  0  0  0  0  0  0  0  10.2531  0  0  0
0.00025911  0  9.40389e-06  11.421  0  0  0  0  0  0  0  10.198  0  0  0
0.000282906  0  9.86112e-06  11.5021  0  0  0  0  0  0  0  10.1522  0  0  0
0.000308883  0  1.02781e-05  11.49  0  0  0  0  0  0  0  10.1145  0  0  0
0.00033724  0  1.06565e-05  11.4016  0  0  0  0  0  0  0  10.084  0  0  0
0.000368196  0  1.09986e-05  11.2526  0  0  0  0  0  0  0  10.0595  0  0  0
0.000401985  0  1.1307e-05  11.057  0  0  0  0  0  0  0  10.0402  0  0  0
0.000438868  0  1.15844e-05  10.8274  0  0  0  0  0  0  0  10.0251  0  0  0
0.000479125  0  1.18335e-05  10.5745  0  0  0  0  0  0  0  10.0137  0  0  0
0.000523063  0  1.2057e-05  10.3071  0  0  0  0  0  0  0  10.0052  0  0  0
0.000571017  0  1.22573e-05  10.0329  0  0  0  0  0  0  0  9.99903  0  0  0
0.000623351  0  1.24367e-05  9.75766  0  0  0  0  0  0  0  9.99481  0  0  0
0.000680461  0  1.25974e-05  9.48623  0  0  0  0  0  0  0  9.99212  0  0  0
0.000742781  0  1.27414e-05  9.22219  0  0  0  0  0  0  0  9.99064  0  0  0
0.000810781  0  1.28705e-05  8.96821  0  0  0  0  0  0  0  9.99013  0  0  0
0.000884973  0  1.29863e-05  8.72617  0  0  0  0  0  0  0  9.99036  0  0  0
0.000965915  0  1.30906e-05  8.49732  0  0  0  0  0  0  0  9.99118  0  0  0
0.00105421  0  1.31847e-05  8.28236  0  0  0  0  0  0  0  9.99247  0  0  0
0.00115053  0  1.327e-05  8.08159  0  0  0  0  0  0  0  9.99416  0  0  0
0.00125558  0  1.33479e-05  7.89496  0  0  0  0  0  0  0  9.99617  0  0  0
0.00137014  0  1.34199e-05  7.72218  0  0  0  0  0  0  0  9.9985  0  0  0
0.00149506  0  1.34872e-05  7.56276  0  0  0  0  0  0  0  10.0012  0  0  0
0.00163126  0  1.35515e-05  7.4161  0  0  0  0  0  0  0  10.0042  0  0  0
0.00177974  0  1.36143e-05  7.28146  0  0  0  0  0  0  0  10.0077  0  0  0
0.00194158  0  1.36775e-05  7.15806  0  0  0  0  0  0  0  10.0117  0  0  0
0.00211795  0  1.37435e-05  7.04506  0  0  0  0  0  0  0  10.0166  0  0  0
0.00231012  0  1.38148e-05  6.94159  0  0  0  0  0  0  0  10.0224  0  0  0
0.00251947  0  1.38949e-05  6.84677  0  0  0  0  0  0  0  10.0295  0  0  0
0.00274748  0  1.39877e-05  6.75968  0  0  0  0  0  0  0  10.0383  0  0  0
0.00299576  0  1.40985e-05  6.67941  0  0  0  0  0  0  0  10.0493  0  0  0
0.00326605  0  1.42336e-05  6.60501  0  0  0  0  0  0  0  10.0632  0  0  0
0.00356021  0  1.44011e-05  6.53548  0  0  0  0  0  0  0  10.0807  0  0  0
0.00388027  0  1.4611e-05  6.46981  0  0  0  0  0  0  0  10.103  0  0  0
0.00422838  0  1.48755e-05  6.40692  0  0  0  0  0  0  0  10.1311  0  0  0
0.00460689  0  1.5209e-05  6.34571  0  0  0  0  0  0  0  10.1666  0  0  0
0.00501829  0  1.56286e-05  6.28501  0  0  0  0  0  0  0  10.2108  0  0  0
0.00546526  0  1.61534e-05  6.22367  0  0  0  0  0  0  0  10.2655  0  0  0
0.00595067  0  1.68034e-05  6.16058  0  0  0  0  0  0  0  10.3321  0  0  0
0.00647757  0  1.75979e-05  6.09474  0  0  0  0  0  0  0  10.4121  0  0  0
0.00704924  0  1.8553e-05  6.02541  0  0  0  0  0  0  0  10.5061  0  0  0
0.00766915  0  1.96773e-05  5.95218  0  0  0  0  0  0  0  10.614  0  0  0
0.00834097  0  2.09688e-05  5.87507  0  0  0  0  0  0  0  10.7345  0  0  0
0.0090686  0  2.2411e-05  5.79455  0  0  0  0  0  0  0  10.8655  0  0  0
0.00985616  0  2.39728e-05  5.71147  0  0  0  0  0  0  0  11.0036  0  0  0
0.010708  0  2.56101e-05  5.62688  0  0  0  0  0  0  0  11.1449  0  0  0
0.0116286  0  2.72715e-05  5.54181  0  0  0  0  0  0  0  11.2855  0  0  0
0.0126229  0  2.8906e-05  5.45701  0  0  0  0  0  0  0  11.422  0  0  0
0.0136956  0  3.04699e-05  5.37278  0  0  0  0  0  0  0  11.5521  0  0  0
0.0148521  0  3.19327e-05  5.28885  0  0  0  0  0  0  0  11.6747  0  0  0
0.0160977  0  3.32786e-05  5.20443  0  0  0  0  0  0  0  11.7897  0  0  0
0.0174377  0  3.45059e-05  5.11829  0  0  0  0  0  0  0  11.8982  0  0  0
0.0188781  0  3.5624e-05  5.02883  0  0  0  0  0  0  0  12.0018  0  0  0
0.0204243  0  3.665e-05  4.93433  0  0  0  0  0  0  0  12.1026  0  0  0
0.0220824  0  3.76052e-05  4.833  0  0  0  0  0  0  0  12.2028  0  0  0
0.0238583  0  3.85119e-05  4.72317  0  0  0  0  0  0  0  12.3044  0  0  0
0.0257578  0  3.93917e-05  4.60345  0  0  0  0  0  0  0  12.4094  0  0  0
0.027787  0  4.02632e-05  4.47284  0  0  0  0  0  0  0  12.5189  0  0  0
0.0299516  0  4.11413e-05  4.33091  0  0  0  0  0  0  0  12.6338  0  0  0
0.0322576  0  4.20364e-05  4.1779  0  0  0  0  0  0  0  12.7542  0  0  0
0.0347104  0  4.29534e-05  4.01483  0  0  0  0  0  0  0  12.8793  0  0  0
0.0373157  0  4.3892e-05  3.84349  0  0  0  0  0  0  0  13.0077  0  0  0
0.0400785  0  4.48471e-05  3.66642  0  0  0  0  0  0  0  13.1373  0  0  0
0.043004  0  4.58092e-05  3.4867  0  0  0  0  0  0  0  13.2653  0  0  0
0.0460967  0  4.6766e-05  3.30772  0  0  0  0  0  0  0  13.3887  0  0  0
0.0493609  0  4.77038e-05  3.1329  0  0  0  0  0  0  0  13.5043  0  0  0
0.0528007  0  4.86091e-05  2.96537  0  0  0  0  0  0  0  13.6091  0  0  0
0.0564196  0  4.94703e-05  2.80775  0  0  0  0  0  0  0  13.7002  0  0  0
0.0602206  0  5.02788e-05  2.66192  0  0  0  0  0  0  0  13.7754  0  0  0
0.0642064  0  5.10294e-05  2.52903  0  0  0  0  0  0  0  13.8329  0  0  0
0.0683793  0  5.17207e-05  2.40947  0  0  0  0  0  0  0  13.8714  0  0  0
0.072741  0  5.23546e-05  2.303  0  0  0  0  0  0  0  13.89  0  0  0
0.0772927  0  5.29357e-05  2.20888  0  0  0  0  0  0  0  13.8881  0  0  0
0.0820352  0  5.34708e-05  2.12599  0  0  0  0  0  0  0  13.8653  0  0  0
0.0869689  0  5.39682e-05  2.05302  0  0  0  0  0  0  0  13.8213  0  0  0
0.0920937  0  5.44369e-05  1.98856  0  0  0  0  0  0  0  13.7556  0  0  0
0.097409  0  5.4886e-05  1.93121  0  0  0  0  0  0  0  13.6678  0  0  0
0.102914  0  5.53247e-05  1.87962  0  0  0  0  0  0  0  13.5573  0  0  0
0.108607  0  5.5762e-05  1.83258  0  0  0  0  0  0  0  13.4235  0  0  0
0.114487  0  5.6206e-05  1.78902  0  0  0  0  0  0  0  13.2656  0  0  0
0.120552  0  5.66646e-05  1.74803  0  0  0  0  0  0  0  13.0826  0  0  0
0.126799  0  5.71445e-05  1.7089  0  0  0  0  0  0  0  12.8736  0  0  0
0.133226  0  5.76521e-05  1.67109  0  0  0  0  0  0  0  12.6377  0  0  0
0.13983  0  5.81926e-05  1.63426  0  0  0  0  0  0  0  12.3741  0  0  0
0.146608  0  5.87704e-05  1.59829  0  0  0  0  0  0  0  12.0822  0  0  0
0.153557  0  5.9389e-05  1.56324  0  0  0  0  0  0  0  11.7615  0  0  0
0.160674  0  6.00505e-05  1.52942  0  0  0  0  0  0  0  11.4119  0  0  0
0.167955  0  6.07561e-05  1.49732  0  0  0  0  0  0  0  11.0337  0  0  0
0.175396  0  6.15051e-05  1.46764  0  0  0  0  0  0  0  10.6276  0  0  0
0.182995  0  6.22954e-05  1.44124  0  0  0  0  0  0  0  10.1949  0  0  0
0.190747  0  6.31232e-05  1.4191  0  0  0  0  0  0  0  9.73737  0  0  0
0.198649  0  6.39822e-05  1.40213  0  0  0  0  0  0  0  9.25724  0  0  0
0.206698  0  6.48637e-05  1.39106  0  0  0  0  0  0  0  8.75744  0  0  0
0.214888  0  6.57561e-05  1.386  0  0  0  0  0  0  0  8.24142  0  0  0
0.223217  0  6.66437e-05  1.38596  0  0  0  0  0  0  0  7.71313  0  0  0
0.231682  0  6.75063e-05  1.38797  0  0  0  0  0  0  0  7.17704  0  0  0
0.240277  0  6.8317e-05  1.38585  0  0  0  0  0  0  0  6.63812  0  0  0
0.249001  0  6.90404e-05  1.36848  0  0  0  0  0  0  0  6.10185  0  0  0
0.257849  0  6.96289e-05  1.31761  0  0  0  0  0  0  0  5.57426  0  0  0
0.266818  0  7.00188e-05  1.20576  0  0  0  0  0  0  0  5.06192  0  0  0
0.275904  0  7.01249e-05  0.996042  0  0  0  0  0  0  0  4.57181  0  0  0
0.285104  0  6.98363e-05  0.648523  0  0  0  0  0  0  0  4.1105  0  0  0
0.294416  0  6.90175e-05  0.143619  0  0  0  0  0  0  0  3.68201  0  0  0
0.303834  0  6.75213e-05  -0.461061  0  0  0  0  0  0  0  3.2827  0  0  0
0.313358  0  6.52257e-05  -0.938627  0  0  0  0  0  0  0  2.8934  0  0  0
0.322983  0  6.20932e-05  -0.871483  0  0  0  0  0  0  0  2.47815  0  0  0
0.332707  0  5.8219e-05  -0.0144405  0  0  0  0  0  0  0  2.01694  0  0  0
0.342526  0  5.38344e-05  1.02963  0  0  0  0  0  0  0  1.56585  0  0  0
0.352439  0  4.93022e-05  1.17893  0  0  0  0  0  0  0  1.2246  0  0  0
0.362442  0  4.50644e-05  0.21363  0  0  0  0  0  0  0  1.01751  0  0  0
0.372533  0  4.14734e-05  -1.20176  0  0  0  0  0  0  0  0.889177  0  0  0
0.382709  0  3.86685e-05  -2.39954  0  0  0  0  0  0  0  0.780285  0  0  0
0.392967  0  3.66041e-05  -3.08749  0  0  0  0  0  0  0  0.661283  0  0  0
0.403306  0  3.51451e-05  -3.26655  0  0  0  0  0  0  0  0.526722  0  0  0
0.413723  0  3.41422e-05  -3.06617  0  0  0  0  0  0  0  0.382347  0  0  0
0.424216  0  3.34684e-05  -2.63687  0  0  0  0  0  0  0  0.236614  0  0  0
0.434783  0  3.30272e-05  -2.10316  0  0  0  0  0  0  0  0.0968971  0  0  0
0.445422  0  3.27501e-05  -1.55193  0  0  0  0  0  0  0  -0.0315704  0  0  0
0.45613  0  3.2589e-05  -1.03629  0  0  0  0  0  0  0  -0.145599  0  0  0
0.466905  0  3.25106e-05  -0.583918  0  0  0  0  0  0  0  -0.243603  0  0  0
0.477747  0  3.24913e-05  -0.205419  0  0  0  0  0  0  0  -0.325079  0  0  0
0.488653  0  3.25144e-05  0.0990939  0  0  0  0  0  0  0  -0.390272  0  0  0
0.499621  0  3.25678e-05  0.335288  0  0  0  0  0  0  0  -0.439873  0  0  0
0.510649  0  3.26424e-05  0.511487  0  0  0  0  0  0  0  -0.47484  0  0  0
0.521736  0  3.27317e-05  0.636782  0  0  0  0  0  0  0  -0.496281  0  0  0
0.532881  0  3.28308e-05  0.719944  0  0  0  0  0  0  0  -0.505373  0  0  0
0.544082  0  3.29358e-05  0.768913  0  0  0  0  0  0  0  -0.503328  0  0  0
0.555337  0  3.30442e-05  0.790567  0  0  0  0  0  0  0  -0.49135  0  0  0
0.566644  0  3.31537e-05  0.790707  0  0  0  0  0  0  0  -0.470625  0  0  0
0.578004  0  3.32629e-05  0.774153  0  0  0  0  0  0  0  -0.442308  0  0  0
0.589413  0  3.33707e-05  0.744843  0  0  0  0  0  0  0  -0.407518  0  0  0
0.600872  0  3.3476e-05  0.705985  0  0  0  0  0  0  0  -0.367338  0  0  0
0.612378  0  3.35784e-05  0.66017  0  0  0  0  0  0  0  -0.322794  0  0  0
0.62393  0  3.36773e-05  0.609496  0  0  0  0  0  0  0  -0.274864  0  0  0
0.635528  0  3.37725e-05  0.555656  0  0  0  0  0  0  0  -0.224493  0  0  0
0.64717  0  3.38636e-05  0.500023  0  0  0  0  0  0  0  -0.172544  0  0  0
0.658855  0  3.39505e-05  0.443701  0  0  0  0  0  0  0  -0.119844  0  0  0
0.670582  0  3.40331e-05  0.3876  0  0  0  0  0  0  0  -0.067152  0  0  0
0.68235  0  3.41112e-05  0.332458  0  0  0  0  0  0  0  -0.0151711  0  0  0
0.694158  0  3.41847e-05  0.278882  0  0  0  0  0  0  0  0.0354557  0  0  0
0.706005  0  3.42536e-05  0.227358  0  0  0  0  0  0  0  0.0841331  0  0  0
0.71789  0  3.43178e-05  0.1783  0  0  0  0  0  0  0  0.130344  0  0  0
0.729812  0  3.43773e-05  0.132033  0  0  0  0  0  0  0  0.173611  0  0  0
0.741771  0  3.4432e-05  0.0888295  0  0  0  0  0  0  0  0.213516  0  0  0
0.753765  0  3.44819e-05  0.048903  0  0  0  0  0  0  0  0.249706  0  0  0
0.765793  0  3.45269e-05  0.0124249  0  0  0  0  0  0  0  0.281858  0  0  0
0.777856  0  3.45669e-05  -0.0204744  0  0  0  0  0  0  0  0.309711  0  0  0
0.789952  0  3.4602e-05  -0.0496998  0  0  0  0  0  0  0  0.333054  0  0  0
0.80208  0  3.4632e-05  -0.0751867  0  0  0  0  0  0  0  0.351709  0  0  0
0.814239  0  3.46568e-05  -0.0968924  0  0  0  0  0  0  0  0.365547  0  0  0
0.82643  0  3.46764e-05  -0.114808  0  0  0  0  0  0  0  0.374474  0  0  0
0.838651  0  3.46906e-05  -0.128939  0  0  0  0  0  0  0  0.378428  0  0  0
0.850901  0  3.46993e-05  -0.139308  0  0  0  0  0  0  0  0.377384  0  0  0
0.863181  0  3.47023e-05  -0.145967  0  0  0  0  0  0  0  0.371353  0  0  0
0.875488  0  3.46996e-05  -0.148976  0  0  0  0  0  0  0  0.360363  0  0  0
0.887824  0  3.46908e-05  -0.148407  0  0  0  0  0  0  0  0.344473  0  0  0
0.900186  0  3.46758e-05  -0.144347  0  0  0  0  0  0  0  0.323765  0  0  0
0.912576  0  3.46543e-05  -0.136899  0  0  0  0  0  0  0  0.298332  0  0  0
0.924991  0  3.46259e-05  -0.126174  0  0  0  0  0  0  0  0.268309  0  0  0
0.937432  0  3.45905e-05  -0.112286  0  0  0  0  0  0  0  0.233816  0  0  0
0.949897  0  3.45475e-05  -0.0953612  0  0  0  0  0  0  0  0.195011  0  0  0
0.962388  0  3.44966e-05  -0.0755315  0  0  0  0  0  0  0  0.152056  0  0  0
0.974902  0  3.44372e-05  -0.0529375  0  0  0  0  0  0  0  0.105116  0  0  0
0.987439  0  3.43688e-05  -0.0277143  0  0  0  0  0  0  0  0.054369  0  0  0
1  0  3.42907e-05  0  0  0  0  0  0  0  0  0  0  0  0
