1e-05  0  1.42941e-09  53.6988  0  0  0  0  0  0  0  15.1833  0  0  0
1.09199e-05  0  1.42966e-09  53.728  0  0  0  0  0  0  0  15.2898  0  0  0
1.19243e-05  0  1.42992e-09  53.7582  0  0  0  0  0  0  0  15.3998  0  0  0
1.30212e-05  0  1.43019e-09  53.7893  0  0  0  0  0  0  0  15.5135  0  0  0
1.4219e-05  0  1.43046e-09  53.8214  0  0  0  0  0  0  0  15.6308  0  0  0
1.55269e-05  0  1.43075e-09  53.8546  0  0  0  0  0  0  0  15.7519  0  0  0
1.69551e-05  0  1.43104e-09  53.8888  0  0  0  0  0  0  0  15.8766  0  0  0
1.85147e-05  0  1.43135e-09  53.924  0  0  0  0  0  0  0  16.0051  0  0  0
2.02177e-05  0  1.43166e-09  53.9602  0  0  0  0  0  0  0  16.1372  0  0  0
2.20773e-05  0  1.43198e-09  53.9974  0  0  0  0  0  0  0  16.2731  0  0  0
2.4108e-05  0  1.43231e-09  54.0356  0  0  0  0  0  0  0  16.4126  0  0  0
2.63254e-05  0  1.43265e-09  54.0748  0  0  0  0  0  0  0  16.5558  0  0  0
2.87468e-05  0  1.43299e-09  54.115  0  0  0  0  0  0  0  16.7025  0  0  0
3.13908e-05  0  1.43335e-09  54.1562  0  0  0  0  0  0  0  16.8528  0  0  0
3.42779e-05  0  1.43371e-09  54.1983  0  0  0  0  0  0  0  17.0065  0  0  0
3.74305e-05  0  1.43408e-09  54.2414  0  0  0  0  0  0  0  17.1637  0  0  0
4.0873e-05  0  1.43446e-09  54.2853  0  0  0  0  0  0  0  17.3241  0  0  0
4.4632e-05  0  1.43485e-09  54.3301  0  0  0  0  0  0  0  17.4877  0  0  0
4.87366e-05  0  1.43524e-09  54.3758  0  0  0  0  0  0  0  17.6544  0  0  0
5.32186e-05  0  1.43564e-09  54.4222  0  0  0  0  0  0  0  17.824  0  0  0
5.81127e-05  0  1.43605e-09  54.4695  0  0  0  0  0  0  0  17.9963  0  0  0
6.34566e-05  0  1.43646e-09  54.5174  0  0  0  0  0  0  0  18.1713  0  0  0
6.92917e-05  0  1.43688e-09  54.566  0  0  0  0  0  0  0  18.3488  0  0  0
7.56631e-05  0  1.43731e-09  54.6153  0  0  0  0  0  0  0  18.5286  0  0  0
8.26202e-05  0  1.43774e-09  54.6651  0  0  0  0  0  0  0  18.7104  0  0  0
9.02165e-05  0  1.43817e-09  54.7154  0  0  0  0  0  0  0  18.8941  0  0  0
9.85109e-05  0  1.43861e-09  54.7662  0  0  0  0  0  0  0  19.0795  0  0  0
0.000107567  0  1.43905e-09  54.8174  0  0  0  0  0  0  0  19.2663  0  0  0
0.000117456  0  1.4395e-09  54.8689  0  0  0  0  0  0  0  19.4544  0  0  0
0.000128253  0  1.43994e-09  54.9207  0  0  0  0  0  0  0  19.6435  0  0  0
0.000140041  0  1.44039e-09  54.9727  0  0  0  0  0  0  0  19.8333  0  0  0
0.000152912  0  1.44084e-09  55.0249  0  0  0  0  0  0  0  20.0237  0  0  0
0.000166965  0  1.4413e-09  55.0771  0  0  0  0  0  0  0  20.2143  0  0  0
0.000182307  0  1.44175e-09  55.1293  0  0  0  0  0  0  0  20.4049  0  0  0
0.000199058  0  1.4422e-09  55.1815  0  0  0  0  0  0  0  20.5953  0  0  0
0.000217347  0  1.44265e-09  55.2335  0  0  0  0  0  0  0  20.7852  0  0  0
0.000237312  0  1.4431e-09  55.2853  0  0  0  0  0  0  0  20.9744  0  0  0
0.00025911  0  1.44354e-09  55.3369  0  0  0  0  0  0  0  21.1627  0  0  0
0.000282906  0  1.44398e-09  55.3881  0  0  0  0  0  0  0  21.3497  0  0  0
0.000308883  0  1.44442e-09  55.439  0  0  0  0  0  0  0  21.5352  0  0  0
0.00033724  0  1.44486e-09  55.4893  0  0  0  0  0  0  0  21.7191  0  0  0
0.000368196  0  1.44529e-09  55.5392  0  0  0  0  0  0  0  21.9012  0  0  0
0.000401985  0  1.44572e-09  55.5885  0  0  0  0  0  0  0  22.0811  0  0  0
0.000438868  0  1.44614e-09  55.6371  0  0  0  0  0  0  0  22.2587  0  0  0
0.000479125  0  1.44655e-09  55.6851  0  0  0  0  0  0  0  22.4338  0  0  0
0.000523063  0  1.44696e-09  55.7323  0  0  0  0  0  0  0  22.6062  0  0  0
0.000571017  0  1.44737e-09  55.7788  0  0  0  0  0  0  0  22.7757  0  0  0
0.000623351  0  1.44776e-09  55.8244  0  0  0  0  0  0  0  22.9423  0  0  0
0.000680461  0  1.44815e-09  55.8692  0  0  0  0  0  0  0  23.1057  0  0  0
0.000742781  0  1.44853e-09  55.913  0  0  0  0  0  0  0  23.2658  0  0  0
0.000810781  0  1.4489e-09  55.9559  0  0  0  0  0  0  0  23.4225  0  0  0
0.000884973  0  1.44926e-09  55.9979  0  0  0  0  0  0  0  23.5756  0  0  0
0.000965915  0  1.44962e-09  56.0387  0  0  0  0  0  0  0  23.7251  0  0  0
0.00105421  0  1.44997e-09  56.0784  0  0  0  0  0  0  0  23.8708  0  0  0
0.00115053  0  1.4503e-09  56.1166  0  0  0  0  0  0  0  24.0126  0  0  0
0.00125558  0  1.45063e-09  56.1523  0  0  0  0  0  0  0  24.1501  0  0  0
0.00137014  0  1.45095e-09  56.1828  0  0  0  0  0  0  0  24.2825  0  0  0
0.00149506  0  1.45125e-09  56.2002  0  0  0  0  0  0  0  24.4075  0  0  0
0.00163126  0  1.45153e-09  56.1816  0  0  0  0  0  0  0  24.5182  0  0  0
0.00177974  0  1.45176e-09  56.0611  0  0  0  0  0  0  0  24.5951  0  0  0
0.00194158  0  1.45187e-09  55.6504  0  0  0  0  0  0  0  24.5829  0  0  0
0.00211795  0  1.45166e-09  54.434  0  0  0  0  0  0  0  24.3294  0  0  0
0.00231012  0  1.45065e-09  51.1542  0  0  0  0  0  0  0  23.464  0  0  0
0.00251947  0  1.44799e-09  43.6294  0  0  0  0  0  0  0  21.3434  0  0  0
0.00274748  0  1.4434e-09  31.0779  0  0  0  0  0  0  0  17.7371  0  0  0
0.00299576  0  1.43865e-09  18.1466  0  0  0  0  0  0  0  14.0153  0  0  0
0.00326605  0  1.43575e-09  10.0083  0  0  0  0  0  0  0  11.7032  0  0  0
0.00356021  0  1.43455e-09  6.35881  0  0  0  0  0  0  0  10.7112  0  0  0
0.00388027  0  1.43422e-09  4.98095  0  0  0  0  0  0  0  10.3856  0  0  0
0.00422838  0  1.43422e-09  4.50332  0  0  0  0  0  0  0  10.3222  0  0  0
0.00460689  0  1.43434e-09  4.35069  0  0  0  0  0  0  0  10.3516  0  0  0
0.00501829  0  1.43449e-09  4.31124  0  0  0  0  0  0  0  10.4114  0  0  0
0.00546526  0  1.43465e-09  4.31035  0  0  0  0  0  0  0  10.4797  0  0  0
0.00595067  0  1.43481e-09  4.32217  0  0  0  0  0  0  0  10.5494  0  0  0
0.00647757  0  1.43495e-09  4.3378  0  0  0  0  0  0  0  10.6178  0  0  0
0.00704924  0  1.43509e-09  4.3542  0  0  0  0  0  0  0  10.6845  0  0  0
0.00766915  0  1.43521e-09  4.37034  0  0  0  0  0  0  0  10.7495  0  0  0
0.00834097  0  1.43533e-09  4.38593  0  0  0  0  0  0  0  10.8132  0  0  0
0.0090686  0  1.43544e-09  4.40087  0  0  0  0  0  0  0  10.8761  0  0  0
0.00985616  0  1.43553e-09  4.41521  0  0  0  0  0  0  0  10.9389  0  0  0
0.010708  0  1.43561e-09  4.42899  0  0  0  0  0  0  0  11.0024  0  0  0
0.0116286  0  1.43568e-09  4.44232  0  0  0  0  0  0  0  11.0675  0  0  0
0.0126229  0  1.43573e-09  4.45527  0  0  0  0  0  0  0  11.1353  0  0  0
0.0136956  0  1.43576e-09  4.46798  0  0  0  0  0  0  0  11.2071  0  0  0
0.0148521  0  1.43578e-09  4.48055  0  0  0  0  0  0  0  11.2843  0  0  0
0.0160977  0  1.43578e-09  4.49313  0  0  0  0  0  0  0  11.3684  0  0  0
0.0174377  0  1.43575e-09  4.50584  0  0  0  0  0  0  0  11.4611  0  0  0
0.0188781  0  1.4357e-09  4.51883  0  0  0  0  0  0  0  11.564  0  0  0
0.0204243  0  1.43563e-09  4.53219  0  0  0  0  0  0  0  11.6785  0  0  0
0.0220824  0  1.43553e-09  4.546  0  0  0  0  0  0  0  11.8059  0  0  0
0.0238583  0  1.43539e-09  4.56026  0  0  0  0  0  0  0  11.9471  0  0  0
0.0257578  0  1.43523e-09  4.57485  0  0  0  0  0  0  0  12.1023  0  0  0
0.027787  0  1.43504e-09  4.58953  0  0  0  0  0  0  0  12.2709  0  0  0
0.0299516  0  1.43481e-09  4.60381  0  0  0  0  0  0  0  12.4516  0  0  0
0.0322576  0  1.43456e-09  4.6169  0  0  0  0  0  0  0  12.6419  0  0  0
0.0347104  0  1.43429e-09  4.62761  0  0  0  0  0  0  0  12.8387  0  0  0
0.0373157  0  1.43399e-09  4.63413  0  0  0  0  0  0  0  13.0379  0  0  0
0.0400785  0  1.43367e-09  4.63395  0  0  0  0  0  0  0  13.235  0  0  0
0.043004  0  1.43332e-09  4.62357  0  0  0  0  0  0  0  13.4251  0  0  0
0.0460967  0  1.43296e-09  4.59835  0  0  0  0  0  0  0  13.6034  0  0  0
0.0493609  0  1.43257e-09  4.55242  0  0  0  0  0  0  0  13.765  0  0  0
0.0528007  0  1.43214e-09  4.47866  0  0  0  0  0  0  0  13.9056  0  0  0
0.0564196  0  1.43168e-09  4.36916  0  0  0  0  0  0  0  14.0213  0  0  0
0.0602206  0  1.43117e-09  4.21588  0  0  0  0  0  0  0  14.1088  0  0  0
0.0642064  0  1.4306e-09  4.01191  0  0  0  0  0  0  0  14.1655  0  0  0
0.0683793  0  1.42998e-09  3.75291  0  0  0  0  0  0  0  14.19  0  0  0
0.072741  0  1.42928e-09  3.43871  0  0  0  0  0  0  0  14.1815  0  0  0
0.0772927  0  1.42853e-09  3.07441  0  0  0  0  0  0  0  14.1408  0  0  0
0.0820352  0  1.42772e-09  2.67082  0  0  0  0  0  0  0  14.0697  0  0  0
0.0869689  0  1.42687e-09  2.24372  0  0  0  0  0  0  0  13.9706  0  0  0
0.0920937  0  1.426e-09  1.81232  0  0  0  0  0  0  0  13.8469  0  0  0
0.097409  0  1.42514e-09  1.39713  0  0  0  0  0  0  0  13.7018  0  0  0
0.102914  0  1.42429e-09  1.01771  0  0  0  0  0  0  0  13.5384  0  0  0
0.108607  0  1.42347e-09  0.691002  0  0  0  0  0  0  0  13.3589  0  0  0
0.114487  0  1.42269e-09  0.43018  0  0  0  0  0  0  0  13.1651  0  0  0
0.120552  0  1.42197e-09  0.244144  0  0  0  0  0  0  0  12.9575  0  0  0
0.126799  0  1.42129e-09  0.137348  0  0  0  0  0  0  0  12.7361  0  0  0
0.133226  0  1.42066e-09  0.109989  0  0  0  0  0  0  0  12.4999  0  0  0
0.13983  0  1.42007e-09  0.158188  0  0  0  0  0  0  0  12.2474  0  0  0
0.146608  0  1.41951e-09  0.274189  0  0  0  0  0  0  0  11.9764  0  0  0
0.153557  0  1.41895e-09  0.446625  0  0  0  0  0  0  0  11.6845  0  0  0
0.160674  0  1.41839e-09  0.660919  0  0  0  0  0  0  0  11.3689  0  0  0
0.167955  0  1.41781e-09  0.899994  0  0  0  0  0  0  0  11.0271  0  0  0
0.175396  0  1.41719e-09  1.14531  0  0  0  0  0  0  0  10.6568  0  0  0
0.182995  0  1.41651e-09  1.37815  0  0  0  0  0  0  0  10.2563  0  0  0
0.190747  0  1.41576e-09  1.58117  0  0  0  0  0  0  0  9.82521  0  0  0
0.198649  0  1.41494e-09  1.73969  0  0  0  0  0  0  0  9.36412  0  0  0
0.206698  0  1.41404e-09  1.84269  0  0  0  0  0  0  0  8.87517  0  0  0
0.214888  0  1.41308e-09  1.88327  0  0  0  0  0  0  0  8.36191  0  0  0
0.223217  0  1.41206e-09  1.85851  0  0  0  0  0  0  0  7.82915  0  0  0
0.231682  0  1.411e-09  1.76898  0  0  0  0  0  0  0  7.28263  0  0  0
0.240277  0  1.40993e-09  1.61803  0  0  0  0  0  0  0  6.72871  0  0  0
0.249001  0  1.40887e-09  1.41112  0  0  0  0  0  0  0  6.17399  0  0  0
0.257849  0  1.40782e-09  1.15523  0  0  0  0  0  0  0  5.62496  0  0  0
0.266818  0  1.40682e-09  0.858593  0  0  0  0  0  0  0  5.08778  0  0  0
0.275904  0  1.40588e-09  0.530369  0  0  0  0  0  0  0  4.56802  0  0  0
0.285104  0  1.405e-09  0.180561  0  0  0  0  0  0  0  4.07066  0  0  0
0.294416  0  1.4042e-09  -0.180183  0  0  0  0  0  0  0  3.59985  0  0  0
0.303834  0  1.40347e-09  -0.540813  0  0  0  0  0  0  0  3.15908  0  0  0
0.313358  0  1.40283e-09  -0.890179  0  0  0  0  0  0  0  2.75101  0  0  0
0.322983  0  1.40226e-09  -1.21749  0  0  0  0  0  0  0  2.37754  0  0  0
0.332707  0  1.40177e-09  -1.51277  0  0  0  0  0  0  0  2.03983  0  0  0
0.342526  0  1.40135e-09  -1.76733  0  0  0  0  0  0  0  1.7382  0  0  0
0.352439  0  1.40099e-09  -1.97418  0  0  0  0  0  0  0  1.47228  0  0  0
0.362442  0  1.4007e-09  -2.12837  0  0  0  0  0  0  0  1.24096  0  0  0
0.372533  0  1.40045e-09  -2.22715  0  0  0  0  0  0  0  1.04242  0  0  0
0.382709  0  1.40026e-09  -2.27008  0  0  0  0  0  0  0  0.874207  0  0  0
0.392967  0  1.4001e-09  -2.25889  0  0  0  0  0  0  0  0.733376  0  0  0
0.403306  0  1.39999e-09  -2.19734  0  0  0  0  0  0  0  0.616455  0  0  0
0.413723  0  1.39991e-09  -2.09083  0  0  0  0  0  0  0  0.519745  0  0  0
0.424216  0  1.39986e-09  -1.94605  0  0  0  0  0  0  0  0.439316  0  0  0
0.434783  0  1.39984e-09  -1.77054  0  0  0  0  0  0  0  0.371216  0  0  0
0.445422  0  1.39984e-09  -1.57226  0  0  0  0  0  0  0  0.311569  0  0  0
0.45613  0  1.39986e-09  -1.35912  0  0  0  0  0  0  0  0.256744  0  0  0
0.466905  0  1.39991e-09  -1.13868  0  0  0  0  0  0  0  0.203445  0  0  0
0.477747  0  1.39997e-09  -0.917782  0  0  0  0  0  0  0  0.148781  0  0  0
0.488653  0  1.40005e-09  -0.702316  0  0  0  0  0  0  0  0.0903549  0  0  0
0.499621  0  1.40014e-09  -0.497139  0  0  0  0  0  0  0  0.0262909  0  0  0
0.510649  0  1.40025e-09  -0.305962  0  0  0  0  0  0  0  -0.0447159  0  0  0
0.521736  0  1.40037e-09  -0.13139  0  0  0  0  0  0  0  -0.123466  0  0  0
0.532881  0  1.40049e-09  0.0250206  0  0  0  0  0  0  0  -0.210274  0  0  0
0.544082  0  1.40063e-09  0.162624  0  0  0  0  0  0  0  -0.304977  0  0  0
0.555337  0  1.40078e-09  0.281544  0  0  0  0  0  0  0  -0.407059  0  0  0
0.566644  0  1.40093e-09  0.38253  0  0  0  0  0  0  0  -0.515663  0  0  0
0.578004  0  1.40108e-09  0.466782  0  0  0  0  0  0  0  -0.629692  0  0  0
0.589413  0  1.40124e-09  0.535778  0  0  0  0  0  0  0  -0.747879  0  0  0
0.600872  0  1.4014e-09  0.591206  0  0  0  0  0  0  0  -0.868858  0  0  0
0.612378  0  1.40155e-09  0.634789  0  0  0  0  0  0  0  -0.991234  0  0  0
0.62393  0  1.40171e-09  0.668243  0  0  0  0  0  0  0  -1.11359  0  0  0
0.635528  0  1.40186e-09  0.693188  0  0  0  0  0  0  0  -1.23466  0  0  0
0.64717  0  1.40201e-09  0.711124  0  0  0  0  0  0  0  -1.3532  0  0  0
0.658855  0  1.40215e-09  0.723396  0  0  0  0  0  0  0  -1.46819  0  0  0
0.670582  0  1.40228e-09  0.731174  0  0  0  0  0  0  0  -1.5787  0  0  0
0.68235  0  1.40241e-09  0.735458  0  0  0  0  0  0  0  -1.68401  0  0  0
0.694158  0  1.40253e-09  0.737106  0  0  0  0  0  0  0  -1.78356  0  0  0
0.706005  0  1.40265e-09  0.736805  0  0  0  0  0  0  0  -1.87695  0  0  0
0.71789  0  1.40275e-09  0.735119  0  0  0  0  0  0  0  -1.96396  0  0  0
0.729812  0  1.40285e-09  0.732502  0  0  0  0  0  0  0  -2.04449  0  0  0
0.741771  0  1.40294e-09  0.729301  0  0  0  0  0  0  0  -2.11857  0  0  0
0.753765  0  1.40302e-09  0.725777  0  0  0  0  0  0  0  -2.18631  0  0  0
0.765793  0  1.40309e-09  0.72213  0  0  0  0  0  0  0  -2.24796  0  0  0
0.777856  0  1.40316e-09  0.71851  0  0  0  0  0  0  0  -2.30376  0  0  0
0.789952  0  1.40322e-09  0.715004  0  0  0  0  0  0  0  -2.35404  0  0  0
0.80208  0  1.40327e-09  0.711689  0  0  0  0  0  0  0  -2.39919  0  0  0
0.814239  0  1.40332e-09  0.708603  0  0  0  0  0  0  0  -2.43954  0  0  0
0.82643  0  1.40336e-09  0.705753  0  0  0  0  0  0  0  -2.47548  0  0  0
0.838651  0  1.4034e-09  0.703163  0  0  0  0  0  0  0  -2.50737  0  0  0
0.850901  0  1.40344e-09  0.700806  0  0  0  0  0  0  0  -2.53557  0  0  0
0.863181  0  1.40347e-09  0.698677  0  0  0  0  0  0  0  -2.56036  0  0  0
0.875488  0  1.40349e-09  0.696712  0  0  0  0  0  0  0  -2.58195  0  0  0
0.887824  0  1.40352e-09  0.694832  0  0  0  0  0  0  0  -2.60035  0  0  0
0.900186  0  1.40354e-09  0.692829  0  0  0  0  0  0  0  -2.61516  0  0  0
0.912576  0  1.40355e-09  0.690277  0  0  0  0  0  0  0  -2.62496  0  0  0
0.924991  0  1.40357e-09  0.686195  0  0  0  0  0  0  0  -2.62627  0  0  0
0.937432  0  1.40357e-09  0.678387  0  0  0  0  0  0  0  -2.61076  0  0  0
0.949897  0  1.40357e-09  0.661964  0  0  0  0  0  0  0  -2.5595  0  0  0
0.962388  0  1.40356e-09  0.626102  0  0  0  0  0  0  0  -2.43024  0  0  0
0.974902  0  1.40351e-09  0.5471  0  0  0  0  0  0  0  -2.13022  0  0  0
0.987439  0  1.40339e-09  0.374001  0  0  0  0  0  0  0  -1.45974  0  0  0
1  0  1.40311e-09  0  0  0  0  0  0  0  0  0  0  0  0
