1e-05  0  5.38491e-11  -1361.08  0  0  0  0  0  0  0  1362.65  0  0  0
1.09199e-05  0  5.38478e-11  -1361.4  0  0  0  0  0  0  0  1362.69  0  0  0
1.19243e-05  0  5.38465e-11  -1361.71  0  0  0  0  0  0  0  1362.72  0  0  0
1.30212e-05  0  5.38453e-11  -1361.99  0  0  0  0  0  0  0  1362.74  0  0  0
1.4219e-05  0  5.3844e-11  -1362.26  0  0  0  0  0  0  0  1362.76  0  0  0
1.55269e-05  0  5.38428e-11  -1362.5  0  0  0  0  0  0  0  1362.76  0  0  0
1.69551e-05  0  5.38416e-11  -1362.71  0  0  0  0  0  0  0  1362.74  0  0  0
1.85147e-05  0  5.38404e-11  -1362.88  0  0  0  0  0  0  0  1362.7  0  0  0
2.02177e-05  0  5.38393e-11  -1363.02  0  0  0  0  0  0  0  1362.64  0  0  0
2.20773e-05  0  5.38382e-11  -1363.1  0  0  0  0  0  0  0  1362.55  0  0  0
2.4108e-05  0  5.38372e-11  -1363.13  0  0  0  0  0  0  0  1362.42  0  0  0
2.63254e-05  0  5.38361e-11  -1363.09  0  0  0  0  0  0  0  1362.25  0  0  0
2.87468e-05  0  5.38351e-11  -1362.97  0  0  0  0  0  0  0  1362.02  0  0  0
3.13908e-05  0  5.38342e-11  -1362.77  0  0  0  0  0  0  0  1361.73  0  0  0
3.42779e-05  0  5.38333e-11  -1362.46  0  0  0  0  0  0  0  1361.36  0  0  0
3.74305e-05  0  5.38324e-11  -1362.03  0  0  0  0  0  0  0  1360.89  0  0  0
4.0873e-05  0  5.38315e-11  -1361.46  0  0  0  0  0  0  0  1360.31  0  0  0
4.4632e-05  0  5.38307e-11  -1360.72  0  0  0  0  0  0  0  1359.59  0  0  0
4.87366e-05  0  5.38298e-11  -1359.79  0  0  0  0  0  0  0  1358.71  0  0  0
5.32186e-05  0  5.3829e-11  -1358.64  0  0  0  0  0  0  0  1357.63  0  0  0
5.81127e-05  0  5.38281e-11  -1357.21  0  0  0  0  0  0  0  1356.31  0  0  0
6.34566e-05  0  5.38271e-11  -1355.47  0  0  0  0  0  0  0  1354.7  0  0  0
6.92917e-05  0  5.38261e-11  -1353.36  0  0  0  0  0  0  0  1352.75  0  0  0
7.56631e-05  0  5.3825e-11  -1350.8  0  0  0  0  0  0  0  1350.38  0  0  0
8.26202e-05  0  5.38237e-11  -1347.72  0  0  0  0  0  0  0  1347.53  0  0  0
9.02165e-05  0  5.38221e-11  -1344.03  0  0  0  0  0  0  0  1344.08  0  0  0
9.85109e-05  0  5.38203e-11  -1339.6  0  0  0  0  0  0  0  1339.92  0  0  0
0.000107567  0  5.38182e-11  -1334.29  0  0  0  0  0  0  0  1334.9  0  0  0
0.000117456  0  5.38155e-11  -1327.96  0  0  0  0  0  0  0  1328.88  0  0  0
0.000128253  0  5.38123e-11  -1320.4  0  0  0  0  0  0  0  1321.64  0  0  0
0.000140041  0  5.38084e-11  -1311.38  0  0  0  0  0  0  0  1312.95  0  0  0
0.000152912  0  5.38036e-11  -1300.64  0  0  0  0  0  0  0  1302.54  0  0  0
0.000166965  0  5.37978e-11  -1287.87  0  0  0  0  0  0  0  1290.1  0  0  0
0.000182307  0  5.37907e-11  -1272.72  0  0  0  0  0  0  0  1275.26  0  0  0
0.000199058  0  5.37822e-11  -1254.77  0  0  0  0  0  0  0  1257.59  0  0  0
0.000217347  0  5.37718e-11  -1233.58  0  0  0  0  0  0  0  1236.65  0  0  0
0.000237312  0  5.37594e-11  -1208.66  0  0  0  0  0  0  0  1211.93  0  0  0
0.00025911  0  5.37446e-11  -1179.47  0  0  0  0  0  0  0  1182.88  0  0  0
0.000282906  0  5.37272e-11  -1145.49  0  0  0  0  0  0  0  1148.97  0  0  0
0.000308883  0  5.37067e-11  -1106.23  0  0  0  0  0  0  0  1109.69  0  0  0
0.00033724  0  5.3683e-11  -1061.27  0  0  0  0  0  0  0  1064.61  0  0  0
0.000368196  0  5.36559e-11  -1010.33  0  0  0  0  0  0  0  1013.45  0  0  0
0.000401985  0  5.36254e-11  -953.348  0  0  0  0  0  0  0  956.13  0  0  0
0.000438868  0  5.35915e-11  -890.551  0  0  0  0  0  0  0  892.89  0  0  0
0.000479125  0  5.35546e-11  -822.52  0  0  0  0  0  0  0  824.321  0  0  0
0.000523063  0  5.35154e-11  -750.232  0  0  0  0  0  0  0  751.417  0  0  0
0.000571017  0  5.34745e-11  -675.042  0  0  0  0  0  0  0  675.561  0  0  0
0.000623351  0  5.34329e-11  -598.621  0  0  0  0  0  0  0  598.458  0  0  0
0.000680461  0  5.33918e-11  -522.827  0  0  0  0  0  0  0  522.005  0  0  0
0.000742781  0  5.33522e-11  -449.537  0  0  0  0  0  0  0  448.118  0  0  0
0.000810781  0  5.33151e-11  -380.467  0  0  0  0  0  0  0  378.547  0  0  0
0.000884973  0  5.32813e-11  -317.015  0  0  0  0  0  0  0  314.72  0  0  0
0.000965915  0  5.32514e-11  -260.155  0  0  0  0  0  0  0  257.629  0  0  0
0.00105421  0  5.32257e-11  -210.401  0  0  0  0  0  0  0  207.798  0  0  0
0.00115053  0  5.32042e-11  -167.833  0  0  0  0  0  0  0  165.307  0  0  0
0.00125558  0  5.31866e-11  -132.173  0  0  0  0  0  0  0  129.867  0  0  0
0.00137014  0  5.31728e-11  -102.875  0  0  0  0  0  0  0  100.921  0  0  0
0.00149506  0  5.31623e-11  -79.2334  0  0  0  0  0  0  0  77.7446  0  0  0
0.00163126  0  5.31545e-11  -60.4697  0  0  0  0  0  0  0  59.5402  0  0  0
0.00177974  0  5.31491e-11  -45.8008  0  0  0  0  0  0  0  45.506  0  0  0
0.00194158  0  5.31457e-11  -34.4888  0  0  0  0  0  0  0  34.8863  0  0  0
0.00211795  0  5.31437e-11  -25.8696  0  0  0  0  0  0  0  27.0014  0  0  0
0.00231012  0  5.31429e-11  -19.3687  0  0  0  0  0  0  0  21.2619  0  0  0
0.00251947  0  5.3143e-11  -14.502  0  0  0  0  0  0  0  17.1725  0  0  0
0.00274748  0  5.31437e-11  -10.8735  0  0  0  0  0  0  0  14.327  0  0  0
0.00299576  0  5.31449e-11  -8.16577  0  0  0  0  0  0  0  12.4005  0  0  0
0.00326605  0  5.31463e-11  -6.13135  0  0  0  0  0  0  0  11.1386  0  0  0
0.00356021  0  5.3148e-11  -4.58032  0  0  0  0  0  0  0  10.3468  0  0  0
0.00388027  0  5.31497e-11  -3.37036  0  0  0  0  0  0  0  9.87924  0  0  0
0.00422838  0  5.31514e-11  -2.39795  0  0  0  0  0  0  0  9.62921  0  0  0
0.00460689  0  5.31531e-11  -1.58936  0  0  0  0  0  0  0  9.52078  0  0  0
0.00501829  0  5.31547e-11  -0.893066  0  0  0  0  0  0  0  9.50125  0  0  0
0.00546526  0  5.31562e-11  -0.274414  0  0  0  0  0  0  0  9.53494  0  0  0
0.00595067  0  5.31575e-11  0.288818  0  0  0  0  0  0  0  9.59882  0  0  0
0.00647757  0  5.31586e-11  0.811035  0  0  0  0  0  0  0  9.67831  0  0  0
0.00704924  0  5.31594e-11  1.30005  0  0  0  0  0  0  0  9.76468  0  0  0
0.00766915  0  5.316e-11  1.76074  0  0  0  0  0  0  0  9.85294  0  0  0
0.00834097  0  5.31603e-11  2.19629  0  0  0  0  0  0  0  9.94055  0  0  0
0.0090686  0  5.31601e-11  2.60693  0  0  0  0  0  0  0  10.0261  0  0  0
0.00985616  0  5.31595e-11  2.9939  0  0  0  0  0  0  0  10.1093  0  0  0
0.010708  0  5.31583e-11  3.35645  0  0  0  0  0  0  0  10.1901  0  0  0
0.0116286  0  5.31564e-11  3.69434  0  0  0  0  0  0  0  10.2689  0  0  0
0.0126229  0  5.31537e-11  4.00684  0  0  0  0  0  0  0  10.346  0  0  0
0.0136956  0  5.31501e-11  4.29321  0  0  0  0  0  0  0  10.4221  0  0  0
0.0148521  0  5.31454e-11  4.552  0  0  0  0  0  0  0  10.4978  0  0  0
0.0160977  0  5.31392e-11  4.78247  0  0  0  0  0  0  0  10.5742  0  0  0
0.0174377  0  5.3002e-11  4.99438  0  0  0  0  0  0  0  11.1443  0  0  0
0.0188781  0  5.28993e-11  5.17188  0  0  0  0  0  0  0  11.5788  0  0  0
0.0204243  0  5.28878e-11  5.30737  0  0  0  0  0  0  0  11.662  0  0  0
0.0220824  0  5.28739e-11  5.40796  0  0  0  0  0  0  0  11.7496  0  0  0
0.0238583  0  5.28575e-11  5.47192  0  0  0  0  0  0  0  11.8424  0  0  0
0.0257578  0  5.28383e-11  5.4978  0  0  0  0  0  0  0  11.9413  0  0  0
0.027787  0  5.28161e-11  5.48462  0  0  0  0  0  0  0  12.0469  0  0  0
0.0299516  0  5.27909e-11  5.43213  0  0  0  0  0  0  0  12.1593  0  0  0
0.0322576  0  5.27626e-11  5.34131  0  0  0  0  0  0  0  12.2783  0  0  0
0.0347104  0  5.27316e-11  5.21362  0  0  0  0  0  0  0  12.403  0  0  0
0.0373157  0  5.2698e-11  5.05298  0  0  0  0  0  0  0  12.532  0  0  0
0.0400785  0  5.26624e-11  4.86206  0  0  0  0  0  0  0  12.6632  0  0  0
0.043004  0  5.26253e-11  4.64722  0  0  0  0  0  0  0  12.7942  0  0  0
0.0460967  0  5.25874e-11  4.41333  0  0  0  0  0  0  0  12.922  0  0  0
0.0493609  0  5.25494e-11  4.16748  0  0  0  0  0  0  0  13.0434  0  0  0
0.0528007  0  5.2512e-11  3.91602  0  0  0  0  0  0  0  13.1555  0  0  0
0.0564196  0  5.24758e-11  3.66333  0  0  0  0  0  0  0  13.2552  0  0  0
0.0602206  0  5.24414e-11  3.41577  0  0  0  0  0  0  0  13.34  0  0  0
0.0642064  0  5.24092e-11  3.17651  0  0  0  0  0  0  0  13.4076  0  0  0
0.0683793  0  5.23794e-11  2.94849  0  0  0  0  0  0  0  13.4565  0  0  0
0.072741  0  5.23522e-11  2.73438  0  0  0  0  0  0  0  13.4854  0  0  0
0.0772927  0  5.23276e-11  2.53491  0  0  0  0  0  0  0  13.4932  0  0  0
0.0820352  0  5.23056e-11  2.35107  0  0  0  0  0  0  0  13.4797  0  0  0
0.0869689  0  5.2286e-11  2.18286  0  0  0  0  0  0  0  13.4442  0  0  0
0.0920937  0  5.22687e-11  2.03027  0  0  0  0  0  0  0  13.3865  0  0  0
0.097409  0  5.22535e-11  1.8938  0  0  0  0  0  0  0  13.3062  0  0  0
0.102914  0  5.22402e-11  1.77295  0  0  0  0  0  0  0  13.2031  0  0  0
0.108607  0  5.22286e-11  1.66797  0  0  0  0  0  0  0  13.0769  0  0  0
0.114487  0  5.22185e-11  1.57935  0  0  0  0  0  0  0  12.927  0  0  0
0.120552  0  5.22097e-11  1.50781  0  0  0  0  0  0  0  12.753  0  0  0
0.126799  0  5.22021e-11  1.45337  0  0  0  0  0  0  0  12.5542  0  0  0
0.133226  0  5.21955e-11  1.41748  0  0  0  0  0  0  0  12.3302  0  0  0
0.13983  0  5.21898e-11  1.40039  0  0  0  0  0  0  0  12.0802  0  0  0
0.146608  0  5.21849e-11  1.4021  0  0  0  0  0  0  0  11.8038  0  0  0
0.153557  0  5.21806e-11  1.42285  0  0  0  0  0  0  0  11.5005  0  0  0
0.160674  0  5.21769e-11  1.46167  0  0  0  0  0  0  0  11.1701  0  0  0
0.167955  0  5.21737e-11  1.51685  0  0  0  0  0  0  0  10.8126  0  0  0
0.175396  0  5.21709e-11  1.58569  0  0  0  0  0  0  0  10.4285  0  0  0
0.182995  0  5.21684e-11  1.66382  0  0  0  0  0  0  0  10.0184  0  0  0
0.190747  0  5.21661e-11  1.74585  0  0  0  0  0  0  0  9.58383  0  0  0
0.198649  0  5.21641e-11  1.82593  0  0  0  0  0  0  0  9.12659  0  0  0
0.206698  0  5.21621e-11  1.89526  0  0  0  0  0  0  0  8.64902  0  0  0
0.214888  0  5.21601e-11  1.94653  0  0  0  0  0  0  0  8.15433  0  0  0
0.223217  0  5.21581e-11  1.97095  0  0  0  0  0  0  0  7.64609  0  0  0
0.231682  0  5.2156e-11  1.96118  0  0  0  0  0  0  0  7.12833  0  0  0
0.240277  0  5.21537e-11  1.9104  0  0  0  0  0  0  0  6.60574  0  0  0
0.249001  0  5.21512e-11  1.81494  0  0  0  0  0  0  0  6.08301  0  0  0
0.257849  0  5.21485e-11  1.67334  0  0  0  0  0  0  0  5.56509  0  0  0
0.266818  0  5.21456e-11  1.48755  0  0  0  0  0  0  0  5.0567  0  0  0
0.275904  0  5.21424e-11  1.26245  0  0  0  0  0  0  0  4.5625  0  0  0
0.285104  0  5.21389e-11  1.00537  0  0  0  0  0  0  0  4.08667  0  0  0
0.294416  0  5.21353e-11  0.727295  0  0  0  0  0  0  0  3.63275  0  0  0
0.303834  0  5.21315e-11  0.439697  0  0  0  0  0  0  0  3.20374  0  0  0
0.313358  0  5.21276e-11  0.156006  0  0  0  0  0  0  0  2.80176  0  0  0
0.322983  0  5.21235e-11  -0.111816  0  0  0  0  0  0  0  2.42847  0  0  0
0.332707  0  5.21195e-11  -0.351074  0  0  0  0  0  0  0  2.08459  0  0  0
0.342526  0  5.21155e-11  -0.552979  0  0  0  0  0  0  0  1.77026  0  0  0
0.352439  0  5.21115e-11  -0.708984  0  0  0  0  0  0  0  1.48514  0  0  0
0.362442  0  5.21076e-11  -0.813232  0  0  0  0  0  0  0  1.22818  0  0  0
0.372533  0  5.21039e-11  -0.86377  0  0  0  0  0  0  0  0.998138  0  0  0
0.382709  0  5.21003e-11  -0.859863  0  0  0  0  0  0  0  0.793427  0  0  0
0.392967  0  5.20969e-11  -0.803711  0  0  0  0  0  0  0  0.612183  0  0  0
0.403306  0  5.20937e-11  -0.698486  0  0  0  0  0  0  0  0.452698  0  0  0
0.413723  0  5.20907e-11  -0.550537  0  0  0  0  0  0  0  0.312897  0  0  0
0.424216  0  5.20879e-11  -0.365967  0  0  0  0  0  0  0  0.190887  0  0  0
0.434783  0  5.20853e-11  -0.152344  0  0  0  0  0  0  0  0.0849304  0  0  0
0.445422  0  5.2083e-11  0.0825195  0  0  0  0  0  0  0  -0.00680542  0  0  0
0.45613  0  5.20808e-11  0.330078  0  0  0  0  0  0  0  -0.0859375  0  0  0
0.466905  0  5.20788e-11  0.58252  0  0  0  0  0  0  0  -0.154053  0  0  0
0.477747  0  5.2077e-11  0.832764  0  0  0  0  0  0  0  -0.212494  0  0  0
0.488653  0  5.20754e-11  1.07373  0  0  0  0  0  0  0  -0.26239  0  0  0
0.499621  0  5.2074e-11  1.29858  0  0  0  0  0  0  0  -0.304993  0  0  0
0.510649  0  5.20727e-11  1.50073  0  0  0  0  0  0  0  -0.341217  0  0  0
0.521736  0  5.20716e-11  1.67627  0  0  0  0  0  0  0  -0.371918  0  0  0
0.532881  0  5.20707e-11  1.82007  0  0  0  0  0  0  0  -0.39798  0  0  0
0.544082  0  5.20699e-11  1.9292  0  0  0  0  0  0  0  -0.419922  0  0  0
0.555337  0  5.20692e-11  1.99976  0  0  0  0  0  0  0  -0.438446  0  0  0
0.566644  0  5.20687e-11  2.03076  0  0  0  0  0  0  0  -0.45401  0  0  0
0.578004  0  5.20683e-11  2.02051  0  0  0  0  0  0  0  -0.46701  0  0  0
0.589413  0  5.2068e-11  1.96753  0  0  0  0  0  0  0  -0.477936  0  0  0
0.600872  0  5.20679e-11  1.87231  0  0  0  0  0  0  0  -0.486969  0  0  0
0.612378  0  5.20678e-11  1.73486  0  0  0  0  0  0  0  -0.494537  0  0  0
0.62393  0  5.20678e-11  1.5564  0  0  0  0  0  0  0  -0.500732  0  0  0
0.635528  0  5.20679e-11  1.33789  0  0  0  0  0  0  0  -0.505859  0  0  0
0.64717  0  5.20681e-11  1.08057  0  0  0  0  0  0  0  -0.509979  0  0  0
0.658855  0  5.20684e-11  0.787109  0  0  0  0  0  0  0  -0.513367  0  0  0
0.670582  0  5.20687e-11  0.459473  0  0  0  0  0  0  0  -0.516052  0  0  0
0.68235  0  5.20691e-11  0.100342  0  0  0  0  0  0  0  -0.518188  0  0  0
0.694158  0  5.20696e-11  -0.287842  0  0  0  0  0  0  0  -0.519867  0  0  0
0.706005  0  5.20701e-11  -0.701416  0  0  0  0  0  0  0  -0.521118  0  0  0
0.71789  0  5.20706e-11  -1.13843  0  0  0  0  0  0  0  -0.522064  0  0  0
0.729812  0  5.20712e-11  -1.59497  0  0  0  0  0  0  0  -0.522766  0  0  0
0.741771  0  5.20718e-11  -2.06836  0  0  0  0  0  0  0  -0.523163  0  0  0
0.753765  0  5.20725e-11  -2.55542  0  0  0  0  0  0  0  -0.523438  0  0  0
0.765793  0  5.20732e-11  -3.05273  0  0  0  0  0  0  0  -0.523529  0  0  0
0.777856  0  5.20738e-11  -3.55786  0  0  0  0  0  0  0  -0.523468  0  0  0
0.789952  0  5.20745e-11  -4.06763  0  0  0  0  0  0  0  -0.523285  0  0  0
0.80208  0  5.20752e-11  -4.58228  0  0  0  0  0  0  0  -0.522675  0  0  0
0.814239  0  5.20759e-11  -5.13721  0  0  0  0  0  0  0  -0.516357  0  0  0
0.82643  0  5.20763e-11  -6.05029  0  0  0  0  0  0  0  -0.4617  0  0  0
0.838651  0  5.20755e-11  -9.00146  0  0  0  0  0  0  0  -0.133575  0  0  0
0.850901  0  5.20703e-11  -19.2454  0  0  0  0  0  0  0  1.17114  0  0  0
0.863181  0  5.20559e-11  -44.8057  0  0  0  0  0  0  0  4.52771  0  0  0
0.875488  0  5.20325e-11  -84.8877  0  0  0  0  0  0  0  9.87534  0  0  0
0.887824  0  5.20116e-11  -115.929  0  0  0  0  0  0  0  14.6677  0  0  0
0.900186  0  5.20053e-11  -95.8584  0  0  0  0  0  0  0  16.3209  0  0  0
0.912576  0  5.20153e-11  -23.8342  0  0  0  0  0  0  0  14.3957  0  0  0
0.924991  0  5.20356e-11  39.0828  0  0  0  0  0  0  0  10.0877  0  0  0
0.937432  0  5.20522e-11  74.7642  0  0  0  0  0  0  0  6.56406  0  0  0
0.949897  0  5.20604e-11  88.2827  0  0  0  0  0  0  0  4.84711  0  0  0
0.962388  0  5.20642e-11  87.5278  0  0  0  0  0  0  0  4.10709  0  0  0
0.974902  0  5.20681e-11  72.6257  0  0  0  0  0  0  0  3.29105  0  0  0
0.987439  0  5.20754e-11  35.8496  0  0  0  0  0  0  0  1.6142  0  0  0
1  0  5.20825e-11  0  0  0  0  0  0  0  0  0  0  0  0
