1e-05  0  5.7336  -7.85717  0  0  0  0  0  0  0  -10.2016  0  0  0
1.09199e-05  0  5.72215  -7.82554  0  0  0  0  0  0  0  -10.1735  0  0  0
1.19243e-05  0  5.7099  -7.79171  0  0  0  0  0  0  0  -10.1434  0  0  0
1.30212e-05  0  5.69682  -7.75555  0  0  0  0  0  0  0  -10.1112  0  0  0
1.4219e-05  0  5.68286  -7.71689  0  0  0  0  0  0  0  -10.0768  0  0  0
1.55269e-05  0  5.66797  -7.67558  0  0  0  0  0  0  0  -10.04  0  0  0
1.69551e-05  0  5.65207  -7.63145  0  0  0  0  0  0  0  -10.0007  0  0  0
1.85147e-05  0  5.63512  -7.58432  0  0  0  0  0  0  0  -9.95878  0  0  0
2.02177e-05  0  5.61706  -7.53401  0  0  0  0  0  0  0  -9.914  0  0  0
2.20773e-05  0  5.5978  -7.48032  0  0  0  0  0  0  0  -9.86622  0  0  0
2.4108e-05  0  5.57732  -7.42306  0  0  0  0  0  0  0  -9.81525  0  0  0
2.63254e-05  0  5.5555  -7.36201  0  0  0  0  0  0  0  -9.7609  0  0  0
2.87468e-05  0  5.53231  -7.29694  0  0  0  0  0  0  0  -9.70299  0  0  0
3.13908e-05  0  5.50766  -7.22763  0  0  0  0  0  0  0  -9.6413  0  0  0
3.42779e-05  0  5.48147  -7.15384  0  0  0  0  0  0  0  -9.57561  0  0  0
3.74305e-05  0  5.45367  -7.07533  0  0  0  0  0  0  0  -9.50572  0  0  0
4.0873e-05  0  5.42418  -6.99184  0  0  0  0  0  0  0  -9.4314  0  0  0
4.4632e-05  0  5.39293  -6.90312  0  0  0  0  0  0  0  -9.3524  0  0  0
4.87366e-05  0  5.35984  -6.80889  0  0  0  0  0  0  0  -9.26852  0  0  0
5.32186e-05  0  5.32485  -6.70889  0  0  0  0  0  0  0  -9.17948  0  0  0
5.81127e-05  0  5.28784  -6.60284  0  0  0  0  0  0  0  -9.08506  0  0  0
6.34566e-05  0  5.24877  -6.49047  0  0  0  0  0  0  0  -8.985  0  0  0
6.92917e-05  0  5.20757  -6.37151  0  0  0  0  0  0  0  -8.87907  0  0  0
7.56631e-05  0  5.16415  -6.24568  0  0  0  0  0  0  0  -8.76701  0  0  0
8.26202e-05  0  5.11847  -6.11271  0  0  0  0  0  0  0  -8.64857  0  0  0
9.02165e-05  0  5.07047  -5.97234  0  0  0  0  0  0  0  -8.52354  0  0  0
9.85109e-05  0  5.02008  -5.82431  0  0  0  0  0  0  0  -8.39166  0  0  0
0.000107567  0  4.96726  -5.66838  0  0  0  0  0  0  0  -8.25274  0  0  0
0.000117456  0  4.91199  -5.50433  0  0  0  0  0  0  0  -8.10655  0  0  0
0.000128253  0  4.85423  -5.33195  0  0  0  0  0  0  0  -7.95291  0  0  0
0.000140041  0  4.79397  -5.15104  0  0  0  0  0  0  0  -7.79164  0  0  0
0.000152912  0  4.7312  -4.96145  0  0  0  0  0  0  0  -7.6226  0  0  0
0.000166965  0  4.66595  -4.76306  0  0  0  0  0  0  0  -7.44564  0  0  0
0.000182307  0  4.59821  -4.55575  0  0  0  0  0  0  0  -7.26069  0  0  0
0.000199058  0  4.52806  -4.33948  0  0  0  0  0  0  0  -7.06767  0  0  0
0.000217347  0  4.45552  -4.11423  0  0  0  0  0  0  0  -6.86655  0  0  0
0.000237312  0  4.38069  -3.88003  0  0  0  0  0  0  0  -6.65735  0  0  0
0.00025911  0  4.30365  -3.63695  0  0  0  0  0  0  0  -6.44009  0  0  0
0.000282906  0  4.2245  -3.38515  0  0  0  0  0  0  0  -6.2149  0  0  0
0.000308883  0  4.14337  -3.1248  0  0  0  0  0  0  0  -5.98186  0  0  0
0.00033724  0  4.06039  -2.85614  0  0  0  0  0  0  0  -5.74121  0  0  0
0.000368196  0  3.97574  -2.5795  0  0  0  0  0  0  0  -5.49314  0  0  0
0.000401985  0  3.88956  -2.29525  0  0  0  0  0  0  0  -5.23794  0  0  0
0.000438868  0  3.80205  -2.00382  0  0  0  0  0  0  0  -4.97591  0  0  0
0.000479125  0  3.71339  -1.70569  0  0  0  0  0  0  0  -4.70745  0  0  0
0.000523063  0  3.6238  -1.40146  0  0  0  0  0  0  0  -4.43293  0  0  0
0.000571017  0  3.53348  -1.09173  0  0  0  0  0  0  0  -4.1528  0  0  0
0.000623351  0  3.44266  -0.77717  0  0  0  0  0  0  0  -3.86755  0  0  0
0.000680461  0  3.35152  -0.45853  0  0  0  0  0  0  0  -3.57764  0  0  0
0.000742781  0  3.2603  -0.1366  0  0  0  0  0  0  0  -3.28362  0  0  0
0.000810781  0  3.16919  0.187799  0  0  0  0  0  0  0  -2.98598  0  0  0
0.000884973  0  3.07838  0.513786  0  0  0  0  0  0  0  -2.68526  0  0  0
0.000965915  0  2.98807  0.84045  0  0  0  0  0  0  0  -2.38197  0  0  0
0.00105421  0  2.89841  1.16685  0  0  0  0  0  0  0  -2.07657  0  0  0
0.00115053  0  2.80953  1.492  0  0  0  0  0  0  0  -1.76952  0  0  0
0.00125558  0  2.72158  1.81491  0  0  0  0  0  0  0  -1.46119  0  0  0
0.00137014  0  2.63463  2.13458  0  0  0  0  0  0  0  -1.15191  0  0  0
0.00149506  0  2.54875  2.44998  0  0  0  0  0  0  0  -0.841934  0  0  0
0.00163126  0  2.46396  2.76007  0  0  0  0  0  0  0  -0.53138  0  0  0
0.00177974  0  2.38027  3.06377  0  0  0  0  0  0  0  -0.220276  0  0  0
0.00194158  0  2.29761  3.36007  0  0  0  0  0  0  0  0.0914764  0  0  0
0.00211795  0  2.21594  3.64786  0  0  0  0  0  0  0  0.404121  0  0  0
0.00231012  0  2.13512  3.92607  0  0  0  0  0  0  0  0.718094  0  0  0
0.00251947  0  2.055  4.1936  0  0  0  0  0  0  0  1.03396  0  0  0
0.00274748  0  1.97543  4.44933  0  0  0  0  0  0  0  1.35249  0  0  0
0.00299576  0  1.89618  4.69213  0  0  0  0  0  0  0  1.67461  0  0  0
0.00326605  0  1.81703  4.92085  0  0  0  0  0  0  0  2.00142  0  0  0
0.00356021  0  1.73778  5.13431  0  0  0  0  0  0  0  2.33416  0  0  0
0.00388027  0  1.65822  5.33135  0  0  0  0  0  0  0  2.67419  0  0  0
0.00422838  0  1.5782  5.51079  0  0  0  0  0  0  0  3.02288  0  0  0
0.00460689  0  1.49764  5.67151  0  0  0  0  0  0  0  3.38152  0  0  0
0.00501829  0  1.41657  5.81245  0  0  0  0  0  0  0  3.75114  0  0  0
0.00546526  0  1.33525  5.93272  0  0  0  0  0  0  0  4.1323  0  0  0
0.00595067  0  1.25413  6.03165  0  0  0  0  0  0  0  4.52475  0  0  0
0.00647757  0  1.17401  6.10895  0  0  0  0  0  0  0  4.92698  0  0  0
0.00704924  0  1.09608  6.16486  0  0  0  0  0  0  0  5.33566  0  0  0
0.00766915  0  1.02203  6.20035  0  0  0  0  0  0  0  5.74501  0  0  0
0.00834097  0  0.95406  6.21737  0  0  0  0  0  0  0  6.14603  0  0  0
0.0090686  0  0.894978  6.21902  0  0  0  0  0  0  0  6.52586  0  0  0
0.00985616  0  0.848152  6.20968  0  0  0  0  0  0  0  6.86751  0  0  0
0.010708  0  0.817429  6.19487  0  0  0  0  0  0  0  7.15049  0  0  0
0.0116286  0  0.806926  6.18074  0  0  0  0  0  0  0  7.35284  0  0  0
0.0126229  0  0.820615  6.1729  0  0  0  0  0  0  0  7.45527  0  0  0
0.0136956  0  0.86147  6.17484  0  0  0  0  0  0  0  7.44738  0  0  0
0.0148521  0  0.930052  6.18595  0  0  0  0  0  0  0  7.33462  0  0  0
0.0160977  0  1.02268  6.20024  0  0  0  0  0  0  0  7.14296  0  0  0
0.0174377  0  1.13002  6.20668  0  0  0  0  0  0  0  6.91793  0  0  0
0.0188781  0  1.23752  6.19145  0  0  0  0  0  0  0  6.71619  0  0  0
0.0204243  0  1.32839  6.14161  0  0  0  0  0  0  0  6.59232  0  0  0
0.0220824  0  1.38813  6.0485  0  0  0  0  0  0  0  6.58628  0  0  0
0.0238583  0  1.40849  5.90956  0  0  0  0  0  0  0  6.71665  0  0  0
0.0257578  0  1.38875  5.72812  0  0  0  0  0  0  0  6.98096  0  0  0
0.027787  0  1.3344  5.51189  0  0  0  0  0  0  0  7.36096  0  0  0
0.0299516  0  1.25459  5.27092  0  0  0  0  0  0  0  7.82937  0  0  0
0.0322576  0  1.15942  5.0159  0  0  0  0  0  0  0  8.35577  0  0  0
0.0347104  0  1.05812  4.75688  0  0  0  0  0  0  0  8.91068  0  0  0
0.0373157  0  0.958065  4.50248  0  0  0  0  0  0  0  9.46788  0  0  0
0.0400785  0  0.864518  4.2595  0  0  0  0  0  0  0  10.0055  0  0  0
0.043004  0  0.780764  4.03266  0  0  0  0  0  0  0  10.5063  0  0  0
0.0460967  0  0.708434  3.82451  0  0  0  0  0  0  0  10.9576  0  0  0
0.0493609  0  0.647932  3.63542  0  0  0  0  0  0  0  11.3512  0  0  0
0.0528007  0  0.598718  3.46354  0  0  0  0  0  0  0  11.6828  0  0  0
0.0564196  0  0.559615  3.30499  0  0  0  0  0  0  0  11.952  0  0  0
0.0602206  0  0.52898  3.15402  0  0  0  0  0  0  0  12.1618  0  0  0
0.0642064  0  0.504861  3.00349  0  0  0  0  0  0  0  12.318  0  0  0
0.0683793  0  0.485119  2.84546  0  0  0  0  0  0  0  12.4283  0  0  0
0.072741  0  0.467595  2.67214  0  0  0  0  0  0  0  12.5019  0  0  0
0.0772927  0  0.450299  2.47689  0  0  0  0  0  0  0  12.5473  0  0  0
0.0820352  0  0.431661  2.25536  0  0  0  0  0  0  0  12.572  0  0  0
0.0869689  0  0.410759  2.00651  0  0  0  0  0  0  0  12.5806  0  0  0
0.0920937  0  0.387441  1.73316  0  0  0  0  0  0  0  12.5745  0  0  0
0.097409  0  0.362323  1.44209  0  0  0  0  0  0  0  12.5514  0  0  0
0.102914  0  0.336601  1.14339  0  0  0  0  0  0  0  12.506  0  0  0
0.108607  0  0.311711  0.849339  0  0  0  0  0  0  0  12.4315  0  0  0
0.114487  0  0.28903  0.572872  0  0  0  0  0  0  0  12.3207  0  0  0
0.120552  0  0.269608  0.32609  0  0  0  0  0  0  0  12.1679  0  0  0
0.126799  0  0.254032  0.118958  0  0  0  0  0  0  0  11.9699  0  0  0
0.133226  0  0.242429  -0.0414581  0  0  0  0  0  0  0  11.7269  0  0  0
0.13983  0  0.234514  -0.151215  0  0  0  0  0  0  0  11.4425  0  0  0
0.146608  0  0.229708  -0.209347  0  0  0  0  0  0  0  11.1227  0  0  0
0.153557  0  0.227212  -0.217241  0  0  0  0  0  0  0  10.7754  0  0  0
0.160674  0  0.226096  -0.17802  0  0  0  0  0  0  0  10.4092  0  0  0
0.167955  0  0.225349  -0.0956974  0  0  0  0  0  0  0  10.0321  0  0  0
0.175396  0  0.223909  0.0253906  0  0  0  0  0  0  0  9.65084  0  0  0
0.182995  0  0.220663  0.181032  0  0  0  0  0  0  0  9.27017  0  0  0
0.190747  0  0.214428  0.36735  0  0  0  0  0  0  0  8.89245  0  0  0
0.198649  0  0.203953  0.580635  0  0  0  0  0  0  0  8.51772  0  0  0
0.206698  0  0.187967  0.816881  0  0  0  0  0  0  0  8.14392  0  0  0
0.214888  0  0.165443  1.07082  0  0  0  0  0  0  0  7.76728  0  0  0
0.223217  0  0.136054  1.33441  0  0  0  0  0  0  0  7.383  0  0  0
0.231682  0  0.10096  1.59472  0  0  0  0  0  0  0  6.9861  0  0  0
0.240277  0  0.0636031  1.83128  0  0  0  0  0  0  0  6.57216  0  0  0
0.249001  0  0.0299186  2.01364  0  0  0  0  0  0  0  6.13825  0  0  0
0.257849  0  0.00703228  2.10048  0  0  0  0  0  0  0  5.68349  0  0  0
0.266818  0  6.22243e-05  2.04295  0  0  0  0  0  0  0  5.20929  0  0  0
0.275904  0  0.00860818  1.79599  0  0  0  0  0  0  0  4.7182  0  0  0
0.285104  0  0.0264374  1.33782  0  0  0  0  0  0  0  4.2122  0  0  0
0.294416  0  0.0462034  0.691263  0  0  0  0  0  0  0  3.69018  0  0  0
0.303834  0  0.0654466  -0.0686989  0  0  0  0  0  0  0  3.14722  0  0  0
0.313358  0  0.0882174  -0.832903  0  0  0  0  0  0  0  2.57641  0  0  0
0.322983  0  0.12232  -1.49517  0  0  0  0  0  0  0  1.97308  0  0  0
0.332707  0  0.175682  -1.98478  0  0  0  0  0  0  0  1.33813  0  0  0
0.342526  0  0.25319  -2.27739  0  0  0  0  0  0  0  0.678848  0  0  0
0.352439  0  0.35426  -2.38607  0  0  0  0  0  0  0  0.00740051  0  0  0
0.362442  0  0.472673  -2.34461  0  0  0  0  0  0  0  -0.66169  0  0  0
0.372533  0  0.598765  -2.19337  0  0  0  0  0  0  0  -1.31364  0  0  0
0.382709  0  0.722661  -1.97062  0  0  0  0  0  0  0  -1.9349  0  0  0
0.392967  0  0.83663  -1.70868  0  0  0  0  0  0  0  -2.51403  0  0  0
0.403306  0  0.936009  -1.43288  0  0  0  0  0  0  0  -3.04207  0  0  0
0.413723  0  1.01906  -1.16201  0  0  0  0  0  0  0  -3.5126  0  0  0
0.424216  0  1.08612  -0.909279  0  0  0  0  0  0  0  -3.92176  0  0  0
0.434783  0  1.1388  -0.683292  0  0  0  0  0  0  0  -4.268  0  0  0
0.445422  0  1.17918  -0.48904  0  0  0  0  0  0  0  -4.55178  0  0  0
0.45613  0  1.20944  -0.328712  0  0  0  0  0  0  0  -4.77531  0  0  0
0.466905  0  1.2315  -0.202412  0  0  0  0  0  0  0  -4.94218  0  0  0
0.477747  0  1.24697  -0.108702  0  0  0  0  0  0  0  -5.05701  0  0  0
0.488653  0  1.25713  -0.0450726  0  0  0  0  0  0  0  -5.12518  0  0  0
0.499621  0  1.26297  -0.00833321  0  0  0  0  0  0  0  -5.15253  0  0  0
0.510649  0  1.26528  0.00513649  0  0  0  0  0  0  0  -5.14513  0  0  0
0.521736  0  1.26464  -0.000864029  0  0  0  0  0  0  0  -5.10909  0  0  0
0.532881  0  1.26158  -0.0225143  0  0  0  0  0  0  0  -5.05038  0  0  0
0.544082  0  1.25651  -0.0561142  0  0  0  0  0  0  0  -4.97472  0  0  0
0.555337  0  1.24978  -0.0981541  0  0  0  0  0  0  0  -4.88748  0  0  0
0.566644  0  1.24176  -0.145416  0  0  0  0  0  0  0  -4.79354  0  0  0
0.578004  0  1.23273  -0.194973  0  0  0  0  0  0  0  -4.6973  0  0  0
0.589413  0  1.22294  -0.244259  0  0  0  0  0  0  0  -4.60264  0  0  0
0.600872  0  1.21263  -0.291073  0  0  0  0  0  0  0  -4.5128  0  0  0
0.612378  0  1.20197  -0.333551  0  0  0  0  0  0  0  -4.43056  0  0  0
0.62393  0  1.1911  -0.370203  0  0  0  0  0  0  0  -4.35802  0  0  0
0.635528  0  1.1801  -0.399881  0  0  0  0  0  0  0  -4.29674  0  0  0
0.64717  0  1.16899  -0.421768  0  0  0  0  0  0  0  -4.24778  0  0  0
0.658855  0  1.15775  -0.435343  0  0  0  0  0  0  0  -4.21161  0  0  0
0.670582  0  1.14629  -0.44038  0  0  0  0  0  0  0  -4.18826  0  0  0
0.68235  0  1.13448  -0.436924  0  0  0  0  0  0  0  -4.17723  0  0  0
0.694158  0  1.12212  -0.425243  0  0  0  0  0  0  0  -4.17762  0  0  0
0.706005  0  1.109  -0.405842  0  0  0  0  0  0  0  -4.1881  0  0  0
0.71789  0  1.09482  -0.379389  0  0  0  0  0  0  0  -4.20696  0  0  0
0.729812  0  1.07929  -0.346752  0  0  0  0  0  0  0  -4.23213  0  0  0
0.741771  0  1.06205  -0.308905  0  0  0  0  0  0  0  -4.26118  0  0  0
0.753765  0  1.04278  -0.266964  0  0  0  0  0  0  0  -4.29141  0  0  0
0.765793  0  1.02109  -0.222147  0  0  0  0  0  0  0  -4.31981  0  0  0
0.777856  0  0.996648  -0.175707  0  0  0  0  0  0  0  -4.34314  0  0  0
0.789952  0  0.969115  -0.128967  0  0  0  0  0  0  0  -4.35789  0  0  0
0.80208  0  0.938174  -0.0832672  0  0  0  0  0  0  0  -4.36036  0  0  0
0.814239  0  0.90357  -0.0399189  0  0  0  0  0  0  0  -4.34668  0  0  0
0.82643  0  0.865096  -0.000217438  0  0  0  0  0  0  0  -4.31282  0  0  0
0.838651  0  0.82261  0.0346241  0  0  0  0  0  0  0  -4.25467  0  0  0
0.850901  0  0.776058  0.0635185  0  0  0  0  0  0  0  -4.16811  0  0  0
0.863181  0  0.725458  0.0855331  0  0  0  0  0  0  0  -4.04905  0  0  0
0.875488  0  0.670955  0.0999432  0  0  0  0  0  0  0  -3.89362  0  0  0
0.887824  0  0.612773  0.106319  0  0  0  0  0  0  0  -3.69823  0  0  0
0.900186  0  0.551281  0.104601  0  0  0  0  0  0  0  -3.45988  0  0  0
0.912576  0  0.487  0.0952034  0  0  0  0  0  0  0  -3.17625  0  0  0
0.924991  0  0.420638  0.0791283  0  0  0  0  0  0  0  -2.84607  0  0  0
0.937432  0  0.353119  0.0580578  0  0  0  0  0  0  0  -2.46929  0  0  0
0.949897  0  0.285688  0.0345135  0  0  0  0  0  0  0  -2.04742  0  0  0
0.962388  0  0.219934  0.0119438  0  0  0  0  0  0  0  -1.58365  0  0  0
0.974902  0  0.157905  -0.00519371  0  0  0  0  0  0  0  -1.083  0  0  0
0.987439  0  0.102099  -0.0113621  0  0  0  0  0  0  0  -0.552315  0  0  0
1  0  0.0554616  0  0  0  0  0  0  0  0  0  0  0  0
