1e-05  0  2.25783  1.68174  0  0  0  0  0  0  0  3.33832  0  0  0
1.09199e-05  0  2.25783  1.68174  0  0  0  0  0  0  0  3.33832  0  0  0
1.19243e-05  0  2.25783  1.68174  0  0  0  0  0  0  0  3.33832  0  0  0
1.30212e-05  0  2.25783  1.68174  0  0  0  0  0  0  0  3.33832  0  0  0
1.4219e-05  0  2.25783  1.68174  0  0  0  0  0  0  0  3.33832  0  0  0
1.55269e-05  0  2.25783  1.68174  0  0  0  0  0  0  0  3.33832  0  0  0
1.69551e-05  0  2.25783  1.68174  0  0  0  0  0  0  0  3.33832  0  0  0
1.85147e-05  0  2.25783  1.68174  0  0  0  0  0  0  0  3.33832  0  0  0
2.02177e-05  0  2.25783  1.68174  0  0  0  0  0  0  0  3.33832  0  0  0
2.20773e-05  0  2.25783  1.68174  0  0  0  0  0  0  0  3.33832  0  0  0
2.4108e-05  0  2.25783  1.68174  0  0  0  0  0  0  0  3.33832  0  0  0
2.63254e-05  0  2.25783  1.68174  0  0  0  0  0  0  0  3.33832  0  0  0
2.87468e-05  0  2.25783  1.68174  0  0  0  0  0  0  0  3.33832  0  0  0
3.13908e-05  0  2.25783  1.68174  0  0  0  0  0  0  0  3.33832  0  0  0
3.42779e-05  0  2.25783  1.68174  0  0  0  0  0  0  0  3.33832  0  0  0
3.74305e-05  0  2.25783  1.68174  0  0  0  0  0  0  0  3.33832  0  0  0
4.0873e-05  0  2.25783  1.68174  0  0  0  0  0  0  0  3.33832  0  0  0
4.4632e-05  0  2.25783  1.68174  0  0  0  0  0  0  0  3.33832  0  0  0
4.87366e-05  0  2.25783  1.68174  0  0  0  0  0  0  0  3.33832  0  0  0
5.32186e-05  0  2.25783  1.68174  0  0  0  0  0  0  0  3.33832  0  0  0
5.81127e-05  0  2.25783  1.68174  0  0  0  0  0  0  0  3.33832  0  0  0
6.34566e-05  0  2.25783  1.68174  0  0  0  0  0  0  0  3.33832  0  0  0
6.92917e-05  0  2.25783  1.68174  0  0  0  0  0  0  0  3.33832  0  0  0
7.56631e-05  0  2.25783  1.68174  0  0  0  0  0  0  0  3.33832  0  0  0
8.26202e-05  0  2.25783  1.68174  0  0  0  0  0  0  0  3.33832  0  0  0
9.02165e-05  0  2.25783  1.68174  0  0  0  0  0  0  0  3.33832  0  0  0
9.85109e-05  0  2.25783  1.68174  0  0  0  0  0  0  0  3.33832  0  0  0
0.000107567  0  2.25783  1.68174  0  0  0  0  0  0  0  3.33832  0  0  0
0.000117456  0  2.25783  1.68174  0  0  0  0  0  0  0  3.33832  0  0  0
0.000128253  0  2.25783  1.68174  0  0  0  0  0  0  0  3.33832  0  0  0
0.000140041  0  2.25783  1.68174  0  0  0  0  0  0  0  3.33832  0  0  0
0.000152912  0  2.25783  1.68174  0  0  0  0  0  0  0  3.33832  0  0  0
0.000166965  0  2.25783  1.68174  0  0  0  0  0  0  0  3.33832  0  0  0
0.000182307  0  2.25783  1.68174  0  0  0  0  0  0  0  3.33832  0  0  0
0.000199058  0  2.25783  1.68174  0  0  0  0  0  0  0  3.33832  0  0  0
0.000217347  0  2.25783  1.68174  0  0  0  0  0  0  0  3.33832  0  0  0
0.000237312  0  2.25783  1.68174  0  0  0  0  0  0  0  3.33832  0  0  0
0.00025911  0  2.25783  1.68174  0  0  0  0  0  0  0  3.33832  0  0  0
0.000282906  0  2.25783  1.68174  0  0  0  0  0  0  0  3.33832  0  0  0
0.000308883  0  2.25783  1.68174  0  0  0  0  0  0  0  3.33832  0  0  0
0.00033724  0  2.25783  1.68174  0  0  0  0  0  0  0  3.33832  0  0  0
0.000368196  0  2.25783  1.68174  0  0  0  0  0  0  0  3.33832  0  0  0
0.000401985  0  2.25783  1.68174  0  0  0  0  0  0  0  3.33832  0  0  0
0.000438868  0  2.25783  1.68174  0  0  0  0  0  0  0  3.33832  0  0  0
0.000479125  0  2.25783  1.68174  0  0  0  0  0  0  0  3.33832  0  0  0
0.000523063  0  2.25783  1.68174  0  0  0  0  0  0  0  3.33832  0  0  0
0.000571017  0  2.25783  1.68174  0  0  0  0  0  0  0  3.33832  0  0  0
0.000623351  0  2.25783  1.68174  0  0  0  0  0  0  0  3.33832  0  0  0
0.000680461  0  2.25783  1.68174  0  0  0  0  0  0  0  3.33832  0  0  0
0.000742781  0  2.25783  1.68174  0  0  0  0  0  0  0  3.33832  0  0  0
0.000810781  0  2.25783  1.68174  0  0  0  0  0  0  0  3.33832  0  0  0
0.000884973  0  2.25783  1.68174  0  0  0  0  0  0  0  3.33832  0  0  0
0.000965915  0  2.25783  1.68174  0  0  0  0  0  0  0  3.33832  0  0  0
0.00105421  0  2.25783  1.68174  0  0  0  0  0  0  0  3.33832  0  0  0
0.00115053  0  2.25783  1.68174  0  0  0  0  0  0  0  3.33832  0  0  0
0.00125558  0  2.25783  1.68174  0  0  0  0  0  0  0  3.33832  0  0  0
0.00137014  0  2.25783  1.68174  0  0  0  0  0  0  0  3.33832  0  0  0
0.00149506  0  2.25783  1.68174  0  0  0  0  0  0  0  3.33832  0  0  0
0.00163126  0  2.25783  1.68174  0  0  0  0  0  0  0  3.33832  0  0  0
0.00177974  0  2.25783  1.68174  0  0  0  0  0  0  0  3.33832  0  0  0
0.00194158  0  2.25783  1.68174  0  0  0  0  0  0  0  3.33832  0  0  0
0.00211795  0  2.25783  1.68174  0  0  0  0  0  0  0  3.33832  0  0  0
0.00231012  0  2.25783  1.68174  0  0  0  0  0  0  0  3.33832  0  0  0
0.00251947  0  2.25783  1.68174  0  0  0  0  0  0  0  3.33832  0  0  0
0.00274748  0  2.25783  1.68174  0  0  0  0  0  0  0  3.33832  0  0  0
0.00299576  0  2.25783  1.68174  0  0  0  0  0  0  0  3.33832  0  0  0
0.00326605  0  2.25783  1.68174  0  0  0  0  0  0  0  3.33832  0  0  0
0.00356021  0  2.25783  1.68174  0  0  0  0  0  0  0  3.33832  0  0  0
0.00388027  0  2.25783  1.68174  0  0  0  0  0  0  0  3.33832  0  0  0
0.00422838  0  2.25784  1.68174  0  0  0  0  0  0  0  3.33832  0  0  0
0.00460689  0  2.25784  1.68174  0  0  0  0  0  0  0  3.33832  0  0  0
0.00501829  0  2.25784  1.68174  0  0  0  0  0  0  0  3.33833  0  0  0
0.00546526  0  2.25785  1.68173  0  0  0  0  0  0  0  3.33833  0  0  0
0.00595067  0  2.25786  1.68173  0  0  0  0  0  0  0  3.33834  0  0  0
0.00647757  0  2.25787  1.68172  0  0  0  0  0  0  0  3.33836  0  0  0
0.00704924  0  2.2579  1.68172  0  0  0  0  0  0  0  3.33838  0  0  0
0.00766915  0  2.25793  1.6817  0  0  0  0  0  0  0  3.33841  0  0  0
0.00834097  0  2.25798  1.68168  0  0  0  0  0  0  0  3.33845  0  0  0
0.0090686  0  2.25805  1.68166  0  0  0  0  0  0  0  3.33852  0  0  0
0.00985616  0  2.25815  1.68162  0  0  0  0  0  0  0  3.33862  0  0  0
0.010708  0  2.25831  1.68156  0  0  0  0  0  0  0  3.33876  0  0  0
0.0116286  0  2.25853  1.68147  0  0  0  0  0  0  0  3.33896  0  0  0
0.0126229  0  2.25884  1.68135  0  0  0  0  0  0  0  3.33926  0  0  0
0.0136956  0  2.25929  1.68118  0  0  0  0  0  0  0  3.33967  0  0  0
0.0148521  0  2.25992  1.68094  0  0  0  0  0  0  0  3.34026  0  0  0
0.0160977  0  2.26079  1.68061  0  0  0  0  0  0  0  3.34108  0  0  0
0.0174377  0  2.262  1.68015  0  0  0  0  0  0  0  3.3422  0  0  0
0.0188781  0  2.26364  1.67952  0  0  0  0  0  0  0  3.34372  0  0  0
0.0204243  0  2.26584  1.67868  0  0  0  0  0  0  0  3.34578  0  0  0
0.0220824  0  2.26876  1.67756  0  0  0  0  0  0  0  3.3485  0  0  0
0.0238583  0  2.27259  1.6761  0  0  0  0  0  0  0  3.35206  0  0  0
0.0257578  0  2.27751  1.67422  0  0  0  0  0  0  0  3.35665  0  0  0
0.027787  0  2.28376  1.67183  0  0  0  0  0  0  0  3.36247  0  0  0
0.0299516  0  2.29156  1.66884  0  0  0  0  0  0  0  3.36973  0  0  0
0.0322576  0  2.30111  1.66518  0  0  0  0  0  0  0  3.37862  0  0  0
0.0347104  0  2.31259  1.66078  0  0  0  0  0  0  0  3.3893  0  0  0
0.0373157  0  2.3261  1.6556  0  0  0  0  0  0  0  3.40187  0  0  0
0.0400785  0  2.34168  1.64961  0  0  0  0  0  0  0  3.41634  0  0  0
0.043004  0  2.3592  1.64286  0  0  0  0  0  0  0  3.43262  0  0  0
0.0460967  0  2.37844  1.63542  0  0  0  0  0  0  0  3.45048  0  0  0
0.0493609  0  2.399  1.62743  0  0  0  0  0  0  0  3.46953  0  0  0
0.0528007  0  2.42032  1.61909  0  0  0  0  0  0  0  3.48924  0  0  0
0.0564196  0  2.44172  1.61062  0  0  0  0  0  0  0  3.50895  0  0  0
0.0602206  0  2.46238  1.6023  0  0  0  0  0  0  0  3.52789  0  0  0
0.0642064  0  2.48143  1.59442  0  0  0  0  0  0  0  3.54519  0  0  0
0.0683793  0  2.49799  1.58724  0  0  0  0  0  0  0  3.55996  0  0  0
0.072741  0  2.51119  1.58099  0  0  0  0  0  0  0  3.57136  0  0  0
0.0772927  0  2.52026  1.57585  0  0  0  0  0  0  0  3.57855  0  0  0
0.0820352  0  2.52458  1.5719  0  0  0  0  0  0  0  3.58084  0  0  0
0.0869689  0  2.52365  1.56911  0  0  0  0  0  0  0  3.57763  0  0  0
0.0920937  0  2.5172  1.56733  0  0  0  0  0  0  0  3.56843  0  0  0
0.097409  0  2.50509  1.5663  0  0  0  0  0  0  0  3.5529  0  0  0
0.102914  0  2.48735  1.56559  0  0  0  0  0  0  0  3.53077  0  0  0
0.108607  0  2.46414  1.56468  0  0  0  0  0  0  0  3.5018  0  0  0
0.114487  0  2.43568  1.56289  0  0  0  0  0  0  0  3.46578  0  0  0
0.120552  0  2.40219  1.5595  0  0  0  0  0  0  0  3.42244  0  0  0
0.126799  0  2.36389  1.55367  0  0  0  0  0  0  0  3.37138  0  0  0
0.133226  0  2.32088  1.54453  0  0  0  0  0  0  0  3.31213  0  0  0
0.13983  0  2.27319  1.53123  0  0  0  0  0  0  0  3.24403  0  0  0
0.146608  0  2.22071  1.51293  0  0  0  0  0  0  0  3.16633  0  0  0
0.153557  0  2.16323  1.48888  0  0  0  0  0  0  0  3.07823  0  0  0
0.160674  0  2.1005  1.45846  0  0  0  0  0  0  0  2.97894  0  0  0
0.167955  0  2.03228  1.42123  0  0  0  0  0  0  0  2.86783  0  0  0
0.175396  0  1.9584  1.37699  0  0  0  0  0  0  0  2.74456  0  0  0
0.182995  0  1.87888  1.32578  0  0  0  0  0  0  0  2.60918  0  0  0
0.190747  0  1.79395  1.26794  0  0  0  0  0  0  0  2.46224  0  0  0
0.198649  0  1.70414  1.20411  0  0  0  0  0  0  0  2.30485  0  0  0
0.206698  0  1.61026  1.13519  0  0  0  0  0  0  0  2.13865  0  0  0
0.214888  0  1.51333  1.06227  0  0  0  0  0  0  0  1.96576  0  0  0
0.223217  0  1.41461  0.986614  0  0  0  0  0  0  0  1.78862  0  0  0
0.231682  0  1.31543  0.909546  0  0  0  0  0  0  0  1.60987  0  0  0
0.240277  0  1.21714  0.832363  0  0  0  0  0  0  0  1.43212  0  0  0
0.249001  0  1.121  0.756269  0  0  0  0  0  0  0  1.25781  0  0  0
0.257849  0  1.02812  0.68231  0  0  0  0  0  0  0  1.0891  0  0  0
0.266818  0  0.939414  0.611343  0  0  0  0  0  0  0  0.927734  0  0  0
0.275904  0  0.855569  0.544027  0  0  0  0  0  0  0  0.775043  0  0  0
0.285104  0  0.777043  0.480799  0  0  0  0  0  0  0  0.631927  0  0  0
0.294416  0  0.704088  0.421932  0  0  0  0  0  0  0  0.498893  0  0  0
0.303834  0  0.636774  0.367517  0  0  0  0  0  0  0  0.376108  0  0  0
0.313358  0  0.575028  0.317541  0  0  0  0  0  0  0  0.26347  0  0  0
0.322983  0  0.518661  0.27186  0  0  0  0  0  0  0  0.160662  0  0  0
0.332707  0  0.467407  0.230291  0  0  0  0  0  0  0  0.0672226  0  0  0
0.342526  0  0.420948  0.192587  0  0  0  0  0  0  0  -0.0174093  0  0  0
0.352439  0  0.378933  0.158474  0  0  0  0  0  0  0  -0.0938406  0  0  0
0.362442  0  0.341005  0.127682  0  0  0  0  0  0  0  -0.162703  0  0  0
0.372533  0  0.306811  0.0999298  0  0  0  0  0  0  0  -0.224612  0  0  0
0.382709  0  0.276004  0.0749454  0  0  0  0  0  0  0  -0.280166  0  0  0
0.392967  0  0.248259  0.0524788  0  0  0  0  0  0  0  -0.329918  0  0  0
0.403306  0  0.223274  0.0322971  0  0  0  0  0  0  0  -0.374381  0  0  0
0.413723  0  0.200769  0.0141773  0  0  0  0  0  0  0  -0.414017  0  0  0
0.424216  0  0.180489  -0.00206947  0  0  0  0  0  0  0  -0.449238  0  0  0
0.434783  0  0.162204  -0.0166168  0  0  0  0  0  0  0  -0.48041  0  0  0
0.445422  0  0.145706  -0.029623  0  0  0  0  0  0  0  -0.507847  0  0  0
0.45613  0  0.130807  -0.0412273  0  0  0  0  0  0  0  -0.531824  0  0  0
0.466905  0  0.117341  -0.051548  0  0  0  0  0  0  0  -0.552574  0  0  0
0.477747  0  0.105161  -0.0606899  0  0  0  0  0  0  0  -0.570294  0  0  0
0.488653  0  0.0941317  -0.0687466  0  0  0  0  0  0  0  -0.58515  0  0  0
0.499621  0  0.0841385  -0.075798  0  0  0  0  0  0  0  -0.597277  0  0  0
0.510649  0  0.0750742  -0.081913  0  0  0  0  0  0  0  -0.606791  0  0  0
0.521736  0  0.0668487  -0.0871506  0  0  0  0  0  0  0  -0.613783  0  0  0
0.532881  0  0.0593778  -0.0915699  0  0  0  0  0  0  0  -0.618337  0  0  0
0.544082  0  0.0525893  -0.0952129  0  0  0  0  0  0  0  -0.620513  0  0  0
0.555337  0  0.0464187  -0.0981178  0  0  0  0  0  0  0  -0.620378  0  0  0
0.566644  0  0.0408076  -0.10033  0  0  0  0  0  0  0  -0.617981  0  0  0
0.578004  0  0.0357045  -0.101877  0  0  0  0  0  0  0  -0.613379  0  0  0
0.589413  0  0.0310649  -0.102795  0  0  0  0  0  0  0  -0.606627  0  0  0
0.600872  0  0.0268472  -0.103111  0  0  0  0  0  0  0  -0.597788  0  0  0
0.612378  0  0.0230147  -0.102859  0  0  0  0  0  0  0  -0.586926  0  0  0
0.62393  0  0.0195358  -0.102066  0  0  0  0  0  0  0  -0.57412  0  0  0
0.635528  0  0.0163807  -0.100761  0  0  0  0  0  0  0  -0.559453  0  0  0
0.64717  0  0.0135236  -0.0989799  0  0  0  0  0  0  0  -0.543028  0  0  0
0.658855  0  0.0109399  -0.0967503  0  0  0  0  0  0  0  -0.524952  0  0  0
0.670582  0  0.00860874  -0.0941067  0  0  0  0  0  0  0  -0.505351  0  0  0
0.68235  0  0.00651226  -0.0910873  0  0  0  0  0  0  0  -0.48436  0  0  0
0.694158  0  0.00463167  -0.0877247  0  0  0  0  0  0  0  -0.462126  0  0  0
0.706005  0  0.00295211  -0.0840569  0  0  0  0  0  0  0  -0.438808  0  0  0
0.71789  0  0.00145872  -0.080122  0  0  0  0  0  0  0  -0.414577  0  0  0
0.729812  0  0.000138643  -0.0759621  0  0  0  0  0  0  0  -0.389608  0  0  0
0.741771  0  -0.00101903  -0.0716171  0  0  0  0  0  0  0  -0.364088  0  0  0
0.753765  0  -0.00202518  -0.0671291  0  0  0  0  0  0  0  -0.338205  0  0  0
0.765793  0  -0.00289071  -0.0625362  0  0  0  0  0  0  0  -0.312154  0  0  0
0.777856  0  -0.00362254  -0.0578804  0  0  0  0  0  0  0  -0.286127  0  0  0
0.789952  0  -0.0042296  -0.0532017  0  0  0  0  0  0  0  -0.260319  0  0  0
0.80208  0  -0.00471881  -0.048542  0  0  0  0  0  0  0  -0.234916  0  0  0
0.814239  0  -0.00509711  -0.0439358  0  0  0  0  0  0  0  -0.210105  0  0  0
0.82643  0  -0.00536994  -0.039423  0  0  0  0  0  0  0  -0.186063  0  0  0
0.838651  0  -0.00554126  -0.0350342  0  0  0  0  0  0  0  -0.162955  0  0  0
0.850901  0  -0.00561752  -0.0308037  0  0  0  0  0  0  0  -0.140944  0  0  0
0.863181  0  -0.00560167  -0.0267582  0  0  0  0  0  0  0  -0.120168  0  0  0
0.875488  0  -0.00549769  -0.0229301  0  0  0  0  0  0  0  -0.100763  0  0  0
0.887824  0  -0.00530706  -0.0193367  0  0  0  0  0  0  0  -0.0828466  0  0  0
0.900186  0  -0.00503472  -0.0160007  0  0  0  0  0  0  0  -0.0665178  0  0  0
0.912576  0  -0.00468019  -0.0129414  0  0  0  0  0  0  0  -0.0518656  0  0  0
0.924991  0  -0.00424594  -0.0101719  0  0  0  0  0  0  0  -0.0389585  0  0  0
0.937432  0  -0.00373395  -0.00769806  0  0  0  0  0  0  0  -0.0278482  0  0  0
0.949897  0  -0.00314323  -0.00553703  0  0  0  0  0  0  0  -0.0185747  0  0  0
0.962388  0  -0.00247428  -0.003685  0  0  0  0  0  0  0  -0.011157  0  0  0
0.974902  0  -0.00172858  -0.00214958  0  0  0  0  0  0  0  -0.00559711  0  0  0
0.987439  0  -0.00090415  -0.000921249  0  0  0  0  0  0  0  -0.00188732  0  0  0
1  0  0  0  0  0  0  0  0  0  0  0  0  0  0
