1e-05  0  -3.21427  -5.61699  0  0  0  0  0  0  0  24.3531  0  0  0
1.09199e-05  0  -3.21427  -5.61699  0  0  0  0  0  0  0  24.3531  0  0  0
1.19243e-05  0  -3.21427  -5.61699  0  0  0  0  0  0  0  24.3531  0  0  0
1.30212e-05  0  -3.21427  -5.617  0  0  0  0  0  0  0  24.3531  0  0  0
1.4219e-05  0  -3.21427  -5.617  0  0  0  0  0  0  0  24.3531  0  0  0
1.55269e-05  0  -3.21427  -5.617  0  0  0  0  0  0  0  24.3531  0  0  0
1.69551e-05  0  -3.21427  -5.61701  0  0  0  0  0  0  0  24.3531  0  0  0
1.85147e-05  0  -3.21427  -5.61702  0  0  0  0  0  0  0  24.3531  0  0  0
2.02177e-05  0  -3.21427  -5.61702  0  0  0  0  0  0  0  24.3531  0  0  0
2.20773e-05  0  -3.21426  -5.61703  0  0  0  0  0  0  0  24.3531  0  0  0
2.4108e-05  0  -3.21426  -5.61704  0  0  0  0  0  0  0  24.3531  0  0  0
2.63254e-05  0  -3.21426  -5.61706  0  0  0  0  0  0  0  24.3531  0  0  0
2.87468e-05  0  -3.21426  -5.61707  0  0  0  0  0  0  0  24.3531  0  0  0
3.13908e-05  0  -3.21425  -5.61709  0  0  0  0  0  0  0  24.353  0  0  0
3.42779e-05  0  -3.21425  -5.61711  0  0  0  0  0  0  0  24.353  0  0  0
3.74305e-05  0  -3.21424  -5.61713  0  0  0  0  0  0  0  24.353  0  0  0
4.0873e-05  0  -3.21424  -5.61716  0  0  0  0  0  0  0  24.3529  0  0  0
4.4632e-05  0  -3.21423  -5.6172  0  0  0  0  0  0  0  24.3528  0  0  0
4.87366e-05  0  -3.21422  -5.61724  0  0  0  0  0  0  0  24.3528  0  0  0
5.32186e-05  0  -3.21421  -5.61729  0  0  0  0  0  0  0  24.3527  0  0  0
5.81127e-05  0  -3.2142  -5.61735  0  0  0  0  0  0  0  24.3526  0  0  0
6.34566e-05  0  -3.21418  -5.61743  0  0  0  0  0  0  0  24.3524  0  0  0
6.92917e-05  0  -3.21416  -5.61751  0  0  0  0  0  0  0  24.3522  0  0  0
7.56631e-05  0  -3.21414  -5.61762  0  0  0  0  0  0  0  24.352  0  0  0
8.26202e-05  0  -3.21412  -5.61774  0  0  0  0  0  0  0  24.3518  0  0  0
9.02165e-05  0  -3.21408  -5.61789  0  0  0  0  0  0  0  24.3515  0  0  0
9.85109e-05  0  -3.21405  -5.61807  0  0  0  0  0  0  0  24.3512  0  0  0
0.000107567  0  -3.214  -5.61828  0  0  0  0  0  0  0  24.3507  0  0  0
0.000117456  0  -3.21395  -5.61854  0  0  0  0  0  0  0  24.3502  0  0  0
0.000128253  0  -3.21388  -5.61884  0  0  0  0  0  0  0  24.3496  0  0  0
0.000140041  0  -3.2138  -5.61921  0  0  0  0  0  0  0  24.3489  0  0  0
0.000152912  0  -3.21371  -5.61965  0  0  0  0  0  0  0  24.348  0  0  0
0.000166965  0  -3.2136  -5.62018  0  0  0  0  0  0  0  24.347  0  0  0
0.000182307  0  -3.21347  -5.62081  0  0  0  0  0  0  0  24.3457  0  0  0
0.000199058  0  -3.2133  -5.62157  0  0  0  0  0  0  0  24.3442  0  0  0
0.000217347  0  -3.21311  -5.62248  0  0  0  0  0  0  0  24.3424  0  0  0
0.000237312  0  -3.21288  -5.62357  0  0  0  0  0  0  0  24.3403  0  0  0
0.00025911  0  -3.2126  -5.62487  0  0  0  0  0  0  0  24.3377  0  0  0
0.000282906  0  -3.21227  -5.62643  0  0  0  0  0  0  0  24.3346  0  0  0
0.000308883  0  -3.21187  -5.6283  0  0  0  0  0  0  0  24.3309  0  0  0
0.00033724  0  -3.2114  -5.63054  0  0  0  0  0  0  0  24.3264  0  0  0
0.000368196  0  -3.21083  -5.63321  0  0  0  0  0  0  0  24.3211  0  0  0
0.000401985  0  -3.21014  -5.63642  0  0  0  0  0  0  0  24.3147  0  0  0
0.000438868  0  -3.20932  -5.64025  0  0  0  0  0  0  0  24.3071  0  0  0
0.000479125  0  -3.20834  -5.64484  0  0  0  0  0  0  0  24.298  0  0  0
0.000523063  0  -3.20717  -5.65032  0  0  0  0  0  0  0  24.2871  0  0  0
0.000571017  0  -3.20577  -5.65686  0  0  0  0  0  0  0  24.274  0  0  0
0.000623351  0  -3.20409  -5.66468  0  0  0  0  0  0  0  24.2585  0  0  0
0.000680461  0  -3.20208  -5.67401  0  0  0  0  0  0  0  24.2399  0  0  0
0.000742781  0  -3.19969  -5.68513  0  0  0  0  0  0  0  24.2178  0  0  0
0.000810781  0  -3.19684  -5.69839  0  0  0  0  0  0  0  24.1914  0  0  0
0.000884973  0  -3.19343  -5.71416  0  0  0  0  0  0  0  24.16  0  0  0
0.000965915  0  -3.18938  -5.7329  0  0  0  0  0  0  0  24.1226  0  0  0
0.00105421  0  -3.18457  -5.75514  0  0  0  0  0  0  0  24.0783  0  0  0
0.00115053  0  -3.17886  -5.78148  0  0  0  0  0  0  0  24.0258  0  0  0
0.00125558  0  -3.17209  -5.81262  0  0  0  0  0  0  0  23.9637  0  0  0
0.00137014  0  -3.16409  -5.84934  0  0  0  0  0  0  0  23.8905  0  0  0
0.00149506  0  -3.15467  -5.89251  0  0  0  0  0  0  0  23.8043  0  0  0
0.00163126  0  -3.1436  -5.9431  0  0  0  0  0  0  0  23.7034  0  0  0
0.00177974  0  -3.13063  -6.00215  0  0  0  0  0  0  0  23.5854  0  0  0
0.00194158  0  -3.11552  -6.07076  0  0  0  0  0  0  0  23.4484  0  0  0
0.00211795  0  -3.09798  -6.15008  0  0  0  0  0  0  0  23.2898  0  0  0
0.00231012  0  -3.07773  -6.24123  0  0  0  0  0  0  0  23.1074  0  0  0
0.00251947  0  -3.05449  -6.34524  0  0  0  0  0  0  0  22.8991  0  0  0
0.00274748  0  -3.028  -6.463  0  0  0  0  0  0  0  22.663  0  0  0
0.00299576  0  -2.99803  -6.59509  0  0  0  0  0  0  0  22.3975  0  0  0
0.00326605  0  -2.96437  -6.74166  0  0  0  0  0  0  0  22.1018  0  0  0
0.00356021  0  -2.92687  -6.90209  0  0  0  0  0  0  0  21.7757  0  0  0
0.00388027  0  -2.8854  -7.07444  0  0  0  0  0  0  0  21.4203  0  0  0
0.00422838  0  -2.83979  -7.25422  0  0  0  0  0  0  0  21.0375  0  0  0
0.00460689  0  -2.78964  -7.43159  0  0  0  0  0  0  0  20.6305  0  0  0
0.00501829  0  -2.73396  -7.58485  0  0  0  0  0  0  0  20.2043  0  0  0
0.00546526  0  -2.67022  -7.66579  0  0  0  0  0  0  0  19.7659  0  0  0
0.00595067  0  -2.59257  -7.56941  0  0  0  0  0  0  0  19.3261  0  0  0
0.00647757  0  -2.48881  -7.08469  0  0  0  0  0  0  0  18.9016  0  0  0
0.00704924  0  -2.339  -5.87132  0  0  0  0  0  0  0  18.5166  0  0  0
0.00766915  0  -2.1265  -3.64763  0  0  0  0  0  0  0  18.1907  0  0  0
0.00834097  0  -1.86892  -0.715221  0  0  0  0  0  0  0  17.9089  0  0  0
0.0090686  0  -1.62329  1.95371  0  0  0  0  0  0  0  17.6161  0  0  0
0.00985616  0  -1.42954  3.67199  0  0  0  0  0  0  0  17.2722  0  0  0
0.010708  0  -1.28289  4.50617  0  0  0  0  0  0  0  16.8799  0  0  0
0.0116286  0  -1.16175  4.80496  0  0  0  0  0  0  0  16.4571  0  0  0
0.0126229  0  -1.04914  4.83777  0  0  0  0  0  0  0  16.0165  0  0  0
0.0136956  0  -0.935477  4.74976  0  0  0  0  0  0  0  15.5632  0  0  0
0.0148521  0  -0.815919  4.60876  0  0  0  0  0  0  0  15.0981  0  0  0
0.0160977  0  -0.688158  4.44452  0  0  0  0  0  0  0  14.6204  0  0  0
0.0174377  0  -0.55131  4.26969  0  0  0  0  0  0  0  14.1292  0  0  0
0.0188781  0  -0.405427  4.0897  0  0  0  0  0  0  0  13.6246  0  0  0
0.0204243  0  -0.251302  3.90715  0  0  0  0  0  0  0  13.1079  0  0  0
0.0220824  0  -0.0903524  3.72369  0  0  0  0  0  0  0  12.5822  0  0  0
0.0238583  0  0.0754781  3.54084  0  0  0  0  0  0  0  12.0517  0  0  0
0.0257578  0  0.243859  3.36025  0  0  0  0  0  0  0  11.5221  0  0  0
0.027787  0  0.412241  3.18368  0  0  0  0  0  0  0  10.9994  0  0  0
0.0299516  0  0.578052  3.01295  0  0  0  0  0  0  0  10.4901  0  0  0
0.0322576  0  0.738871  2.84974  0  0  0  0  0  0  0  10.0002  0  0  0
0.0347104  0  0.892592  2.69552  0  0  0  0  0  0  0  9.53501  0  0  0
0.0373157  0  1.03753  2.55144  0  0  0  0  0  0  0  9.09859  0  0  0
0.0400785  0  1.17247  2.41826  0  0  0  0  0  0  0  8.69383  0  0  0
0.043004  0  1.29668  2.29635  0  0  0  0  0  0  0  8.32226  0  0  0
0.0460967  0  1.40986  2.18571  0  0  0  0  0  0  0  7.98423  0  0  0
0.0493609  0  1.51211  2.08607  0  0  0  0  0  0  0  7.67898  0  0  0
0.0528007  0  1.6038  1.99687  0  0  0  0  0  0  0  7.40493  0  0  0
0.0564196  0  1.68556  1.9174  0  0  0  0  0  0  0  7.15973  0  0  0
0.0602206  0  1.75817  1.84681  0  0  0  0  0  0  0  6.94047  0  0  0
0.0642064  0  1.82255  1.78417  0  0  0  0  0  0  0  6.74374  0  0  0
0.0683793  0  1.87971  1.72847  0  0  0  0  0  0  0  6.56555  0  0  0
0.072741  0  1.93077  1.67868  0  0  0  0  0  0  0  6.40126  0  0  0
0.0772927  0  1.97696  1.63367  0  0  0  0  0  0  0  6.24533  0  0  0
0.0820352  0  2.01972  1.59225  0  0  0  0  0  0  0  6.09093  0  0  0
0.0869689  0  2.06075  1.55306  0  0  0  0  0  0  0  5.92951  0  0  0
0.0920937  0  2.10211  1.51456  0  0  0  0  0  0  0  5.75015  0  0  0
0.097409  0  2.14636  1.47496  0  0  0  0  0  0  0  5.539  0  0  0
0.102914  0  2.19661  1.43215  0  0  0  0  0  0  0  5.27882  0  0  0
0.108607  0  2.25654  1.38371  0  0  0  0  0  0  0  4.94903  0  0  0
0.114487  0  2.33013  1.32701  0  0  0  0  0  0  0  4.52672  0  0  0
0.120552  0  2.42121  1.25949  0  0  0  0  0  0  0  3.98945  0  0  0
0.126799  0  2.53248  1.1791  0  0  0  0  0  0  0  3.31999  0  0  0
0.133226  0  2.66423  1.08495  0  0  0  0  0  0  0  2.51293  0  0  0
0.13983  0  2.8131  0.977966  0  0  0  0  0  0  0  1.58143  0  0  0
0.146608  0  2.97135  0.861277  0  0  0  0  0  0  0  0.56074  0  0  0
0.153557  0  3.12752  0.739905  0  0  0  0  0  0  0  -0.494531  0  0  0
0.160674  0  3.26832  0.61986  0  0  0  0  0  0  0  -1.52014  0  0  0
0.167955  0  3.38139  0.506831  0  0  0  0  0  0  0  -2.45563  0  0  0
0.175396  0  3.45753  0.405083  0  0  0  0  0  0  0  -3.25578  0  0  0
0.182995  0  3.4919  0.316936  0  0  0  0  0  0  0  -3.89611  0  0  0
0.190747  0  3.48386  0.24288  0  0  0  0  0  0  0  -4.37179  0  0  0
0.198649  0  3.43595  0.182062  0  0  0  0  0  0  0  -4.69267  0  0  0
0.206698  0  3.35282  0.132882  0  0  0  0  0  0  0  -4.87726  0  0  0
0.214888  0  3.24011  0.0934696  0  0  0  0  0  0  0  -4.94768  0  0  0
0.223217  0  3.1038  0.0620031  0  0  0  0  0  0  0  -4.92628  0  0  0
0.231682  0  2.94972  0.0368729  0  0  0  0  0  0  0  -4.83374  0  0  0
0.240277  0  2.7833  0.016737  0  0  0  0  0  0  0  -4.68822  0  0  0
0.249001  0  2.60941  0.000527382  0  0  0  0  0  0  0  -4.50513  0  0  0
0.257849  0  2.43226  -0.0125933  0  0  0  0  0  0  0  -4.29721  0  0  0
0.266818  0  2.25545  -0.0232649  0  0  0  0  0  0  0  -4.07479  0  0  0
0.275904  0  2.08188  -0.0319738  0  0  0  0  0  0  0  -3.84604  0  0  0
0.285104  0  1.91383  -0.0390882  0  0  0  0  0  0  0  -3.61728  0  0  0
0.294416  0  1.75301  -0.0448866  0  0  0  0  0  0  0  -3.39325  0  0  0
0.303834  0  1.6006  -0.0495796  0  0  0  0  0  0  0  -3.17739  0  0  0
0.313358  0  1.45735  -0.0533314  0  0  0  0  0  0  0  -2.97206  0  0  0
0.322983  0  1.32361  -0.0562687  0  0  0  0  0  0  0  -2.77872  0  0  0
0.332707  0  1.19947  -0.0584888  0  0  0  0  0  0  0  -2.5982  0  0  0
0.342526  0  1.08479  -0.0600739  0  0  0  0  0  0  0  -2.43078  0  0  0
0.352439  0  0.979234  -0.0610905  0  0  0  0  0  0  0  -2.27637  0  0  0
0.362442  0  0.88238  -0.0615931  0  0  0  0  0  0  0  -2.13458  0  0  0
0.372533  0  0.793721  -0.0616322  0  0  0  0  0  0  0  -2.00485  0  0  0
0.382709  0  0.712708  -0.0612488  0  0  0  0  0  0  0  -1.8865  0  0  0
0.392967  0  0.63878  -0.0604858  0  0  0  0  0  0  0  -1.77876  0  0  0
0.403306  0  0.571377  -0.0593748  0  0  0  0  0  0  0  -1.68086  0  0  0
0.413723  0  0.509956  -0.0579538  0  0  0  0  0  0  0  -1.59199  0  0  0
0.424216  0  0.454003  -0.0562563  0  0  0  0  0  0  0  -1.51138  0  0  0
0.434783  0  0.403031  -0.0543127  0  0  0  0  0  0  0  -1.4383  0  0  0
0.445422  0  0.356591  -0.0521574  0  0  0  0  0  0  0  -1.37203  0  0  0
0.45613  0  0.314267  -0.0498199  0  0  0  0  0  0  0  -1.31191  0  0  0
0.466905  0  0.275681  -0.0473299  0  0  0  0  0  0  0  -1.25733  0  0  0
0.477747  0  0.240488  -0.0447216  0  0  0  0  0  0  0  -1.20771  0  0  0
0.488653  0  0.208374  -0.0420218  0  0  0  0  0  0  0  -1.16252  0  0  0
0.499621  0  0.179059  -0.039257  0  0  0  0  0  0  0  -1.12129  0  0  0
0.510649  0  0.152288  -0.0364609  0  0  0  0  0  0  0  -1.08356  0  0  0
0.521736  0  0.127836  -0.0336542  0  0  0  0  0  0  0  -1.04893  0  0  0
0.532881  0  0.105498  -0.0308647  0  0  0  0  0  0  0  -1.01702  0  0  0
0.544082  0  0.0850903  -0.0281162  0  0  0  0  0  0  0  -0.987495  0  0  0
0.555337  0  0.0664522  -0.0254288  0  0  0  0  0  0  0  -0.960039  0  0  0
0.566644  0  0.0494367  -0.0228252  0  0  0  0  0  0  0  -0.93437  0  0  0
0.578004  0  0.033915  -0.0203247  0  0  0  0  0  0  0  -0.910227  0  0  0
0.589413  0  0.0197702  -0.0179405  0  0  0  0  0  0  0  -0.887373  0  0  0
0.600872  0  0.00689955  -0.0156898  0  0  0  0  0  0  0  -0.865595  0  0  0
0.612378  0  -0.00478879  -0.0135803  0  0  0  0  0  0  0  -0.84469  0  0  0
0.62393  0  -0.0153782  -0.0116272  0  0  0  0  0  0  0  -0.824482  0  0  0
0.635528  0  -0.0249405  -0.00983429  0  0  0  0  0  0  0  -0.804804  0  0  0
0.64717  0  -0.0335414  -0.00820732  0  0  0  0  0  0  0  -0.785505  0  0  0
0.658855  0  -0.0412396  -0.00675106  0  0  0  0  0  0  0  -0.766449  0  0  0
0.670582  0  -0.0480866  -0.00546646  0  0  0  0  0  0  0  -0.747513  0  0  0
0.68235  0  -0.0541282  -0.00435066  0  0  0  0  0  0  0  -0.728573  0  0  0
0.694158  0  -0.0594052  -0.00339985  0  0  0  0  0  0  0  -0.709532  0  0  0
0.706005  0  -0.0639548  -0.00261211  0  0  0  0  0  0  0  -0.690285  0  0  0
0.71789  0  -0.0678083  -0.00197887  0  0  0  0  0  0  0  -0.670748  0  0  0
0.729812  0  -0.0709947  -0.00149059  0  0  0  0  0  0  0  -0.650835  0  0  0
0.741771  0  -0.0735392  -0.00114059  0  0  0  0  0  0  0  -0.63047  0  0  0
0.753765  0  -0.0754634  -0.000916481  0  0  0  0  0  0  0  -0.609581  0  0  0
0.765793  0  -0.0767872  -0.000805855  0  0  0  0  0  0  0  -0.588102  0  0  0
0.777856  0  -0.0775269  -0.000794411  0  0  0  0  0  0  0  -0.565969  0  0  0
0.789952  0  -0.0776975  -0.000869751  0  0  0  0  0  0  0  -0.543127  0  0  0
0.80208  0  -0.0773115  -0.00101662  0  0  0  0  0  0  0  -0.519516  0  0  0
0.814239  0  -0.0763789  -0.0012188  0  0  0  0  0  0  0  -0.495085  0  0  0
0.82643  0  -0.0749096  -0.00145912  0  0  0  0  0  0  0  -0.469786  0  0  0
0.838651  0  -0.0729104  -0.00172329  0  0  0  0  0  0  0  -0.443565  0  0  0
0.850901  0  -0.0703865  -0.00199223  0  0  0  0  0  0  0  -0.416382  0  0  0
0.863181  0  -0.0673438  -0.00225353  0  0  0  0  0  0  0  -0.388189  0  0  0
0.875488  0  -0.0637852  -0.00248718  0  0  0  0  0  0  0  -0.358942  0  0  0
0.887824  0  -0.059713  -0.00267887  0  0  0  0  0  0  0  -0.328604  0  0  0
0.900186  0  -0.0551291  -0.00281143  0  0  0  0  0  0  0  -0.297129  0  0  0
0.912576  0  -0.0500338  -0.00287056  0  0  0  0  0  0  0  -0.264479  0  0  0
0.924991  0  -0.0444279  -0.00283909  0  0  0  0  0  0  0  -0.230616  0  0  0
0.937432  0  -0.0383099  -0.00270367  0  0  0  0  0  0  0  -0.195505  0  0  0
0.949897  0  -0.0316796  -0.0024519  0  0  0  0  0  0  0  -0.159105  0  0  0
0.962388  0  -0.024535  -0.00206757  0  0  0  0  0  0  0  -0.121391  0  0  0
0.974902  0  -0.016875  -0.00153732  0  0  0  0  0  0  0  -0.0823212  0  0  0
0.987439  0  -0.00869705  -0.000852585  0  0  0  0  0  0  0  -0.0418663  0  0  0
1  0  -0  0  0  0  0  0  0  0  0  0  0  0  0
