1e-05  0  4.04341  1.72336  0  0  0  0  0  0  0  -4.22815  0  0  0
1.09199e-05  0  4.04341  1.72336  0  0  0  0  0  0  0  -4.22815  0  0  0
1.19243e-05  0  4.04341  1.72336  0  0  0  0  0  0  0  -4.22815  0  0  0
1.30212e-05  0  4.04341  1.72336  0  0  0  0  0  0  0  -4.22815  0  0  0
1.4219e-05  0  4.04342  1.72336  0  0  0  0  0  0  0  -4.22815  0  0  0
1.55269e-05  0  4.04342  1.72336  0  0  0  0  0  0  0  -4.22815  0  0  0
1.69551e-05  0  4.04342  1.72336  0  0  0  0  0  0  0  -4.22815  0  0  0
1.85147e-05  0  4.04342  1.72336  0  0  0  0  0  0  0  -4.22815  0  0  0
2.02177e-05  0  4.04342  1.72336  0  0  0  0  0  0  0  -4.22815  0  0  0
2.20773e-05  0  4.04342  1.72336  0  0  0  0  0  0  0  -4.22815  0  0  0
2.4108e-05  0  4.04342  1.72336  0  0  0  0  0  0  0  -4.22815  0  0  0
2.63254e-05  0  4.04342  1.72336  0  0  0  0  0  0  0  -4.22815  0  0  0
2.87468e-05  0  4.04342  1.72336  0  0  0  0  0  0  0  -4.22815  0  0  0
3.13908e-05  0  4.04343  1.72336  0  0  0  0  0  0  0  -4.22815  0  0  0
3.42779e-05  0  4.04343  1.72336  0  0  0  0  0  0  0  -4.22815  0  0  0
3.74305e-05  0  4.04343  1.72336  0  0  0  0  0  0  0  -4.22815  0  0  0
4.0873e-05  0  4.04343  1.72336  0  0  0  0  0  0  0  -4.22815  0  0  0
4.4632e-05  0  4.04344  1.72336  0  0  0  0  0  0  0  -4.22815  0  0  0
4.87366e-05  0  4.04344  1.72336  0  0  0  0  0  0  0  -4.22815  0  0  0
5.32186e-05  0  4.04344  1.72336  0  0  0  0  0  0  0  -4.22815  0  0  0
5.81127e-05  0  4.04345  1.72336  0  0  0  0  0  0  0  -4.22815  0  0  0
6.34566e-05  0  4.04345  1.72336  0  0  0  0  0  0  0  -4.22815  0  0  0
6.92917e-05  0  4.04346  1.72336  0  0  0  0  0  0  0  -4.22816  0  0  0
7.56631e-05  0  4.04346  1.72336  0  0  0  0  0  0  0  -4.22816  0  0  0
8.26202e-05  0  4.04347  1.72336  0  0  0  0  0  0  0  -4.22816  0  0  0
9.02165e-05  0  4.04348  1.72336  0  0  0  0  0  0  0  -4.22816  0  0  0
9.85109e-05  0  4.04349  1.72336  0  0  0  0  0  0  0  -4.22816  0  0  0
0.000107567  0  4.0435  1.72336  0  0  0  0  0  0  0  -4.22816  0  0  0
0.000117456  0  4.04351  1.72336  0  0  0  0  0  0  0  -4.22817  0  0  0
0.000128253  0  4.04353  1.72336  0  0  0  0  0  0  0  -4.22817  0  0  0
0.000140041  0  4.04354  1.72336  0  0  0  0  0  0  0  -4.22817  0  0  0
0.000152912  0  4.04356  1.72336  0  0  0  0  0  0  0  -4.22817  0  0  0
0.000166965  0  4.04358  1.72336  0  0  0  0  0  0  0  -4.22818  0  0  0
0.000182307  0  4.0436  1.72336  0  0  0  0  0  0  0  -4.22818  0  0  0
0.000199058  0  4.04363  1.72336  0  0  0  0  0  0  0  -4.22819  0  0  0
0.000217347  0  4.04366  1.72336  0  0  0  0  0  0  0  -4.22819  0  0  0
0.000237312  0  4.04369  1.72337  0  0  0  0  0  0  0  -4.2282  0  0  0
0.00025911  0  4.04373  1.72337  0  0  0  0  0  0  0  -4.22821  0  0  0
0.000282906  0  4.04377  1.72337  0  0  0  0  0  0  0  -4.22822  0  0  0
0.000308883  0  4.04382  1.72337  0  0  0  0  0  0  0  -4.22823  0  0  0
0.00033724  0  4.04388  1.72337  0  0  0  0  0  0  0  -4.22824  0  0  0
0.000368196  0  4.04394  1.72337  0  0  0  0  0  0  0  -4.22825  0  0  0
0.000401985  0  4.04402  1.72338  0  0  0  0  0  0  0  -4.22826  0  0  0
0.000438868  0  4.0441  1.72338  0  0  0  0  0  0  0  -4.22828  0  0  0
0.000479125  0  4.04419  1.72338  0  0  0  0  0  0  0  -4.2283  0  0  0
0.000523063  0  4.0443  1.72338  0  0  0  0  0  0  0  -4.22832  0  0  0
0.000571017  0  4.04442  1.72339  0  0  0  0  0  0  0  -4.22834  0  0  0
0.000623351  0  4.04456  1.72339  0  0  0  0  0  0  0  -4.22836  0  0  0
0.000680461  0  4.04471  1.7234  0  0  0  0  0  0  0  -4.2284  0  0  0
0.000742781  0  4.04489  1.7234  0  0  0  0  0  0  0  -4.22843  0  0  0
0.000810781  0  4.04509  1.72341  0  0  0  0  0  0  0  -4.22847  0  0  0
0.000884973  0  4.04531  1.72342  0  0  0  0  0  0  0  -4.22851  0  0  0
0.000965915  0  4.04557  1.72342  0  0  0  0  0  0  0  -4.22856  0  0  0
0.00105421  0  4.04586  1.72343  0  0  0  0  0  0  0  -4.22861  0  0  0
0.00115053  0  4.04619  1.72344  0  0  0  0  0  0  0  -4.22868  0  0  0
0.00125558  0  4.04656  1.72345  0  0  0  0  0  0  0  -4.22875  0  0  0
0.00137014  0  4.04699  1.72347  0  0  0  0  0  0  0  -4.22883  0  0  0
0.00149506  0  4.04747  1.72348  0  0  0  0  0  0  0  -4.22892  0  0  0
0.00163126  0  4.04801  1.7235  0  0  0  0  0  0  0  -4.22902  0  0  0
0.00177974  0  4.04863  1.72352  0  0  0  0  0  0  0  -4.22914  0  0  0
0.00194158  0  4.04932  1.72353  0  0  0  0  0  0  0  -4.22927  0  0  0
0.00211795  0  4.05011  1.72356  0  0  0  0  0  0  0  -4.22942  0  0  0
0.00231012  0  4.05101  1.72358  0  0  0  0  0  0  0  -4.22958  0  0  0
0.00251947  0  4.05201  1.72361  0  0  0  0  0  0  0  -4.22977  0  0  0
0.00274748  0  4.05315  1.72364  0  0  0  0  0  0  0  -4.22998  0  0  0
0.00299576  0  4.05444  1.72367  0  0  0  0  0  0  0  -4.23022  0  0  0
0.00326605  0  4.05589  1.72371  0  0  0  0  0  0  0  -4.23049  0  0  0
0.00356021  0  4.05753  1.72375  0  0  0  0  0  0  0  -4.23079  0  0  0
0.00388027  0  4.05938  1.7238  0  0  0  0  0  0  0  -4.23113  0  0  0
0.00422838  0  4.06146  1.72385  0  0  0  0  0  0  0  -4.23151  0  0  0
0.00460689  0  4.06381  1.7239  0  0  0  0  0  0  0  -4.23193  0  0  0
0.00501829  0  4.06645  1.72396  0  0  0  0  0  0  0  -4.23241  0  0  0
0.00546526  0  4.06941  1.72402  0  0  0  0  0  0  0  -4.23294  0  0  0
0.00595067  0  4.07274  1.72409  0  0  0  0  0  0  0  -4.23353  0  0  0
0.00647757  0  4.07648  1.72416  0  0  0  0  0  0  0  -4.23419  0  0  0
0.00704924  0  4.08066  1.72423  0  0  0  0  0  0  0  -4.23492  0  0  0
0.00766915  0  4.08534  1.7243  0  0  0  0  0  0  0  -4.23573  0  0  0
0.00834097  0  4.09057  1.72437  0  0  0  0  0  0  0  -4.23662  0  0  0
0.0090686  0  4.09641  1.72444  0  0  0  0  0  0  0  -4.2376  0  0  0
0.00985616  0  4.10291  1.7245  0  0  0  0  0  0  0  -4.23868  0  0  0
0.010708  0  4.11013  1.72455  0  0  0  0  0  0  0  -4.23986  0  0  0
0.0116286  0  4.11815  1.72458  0  0  0  0  0  0  0  -4.24114  0  0  0
0.0126229  0  4.12702  1.72459  0  0  0  0  0  0  0  -4.24252  0  0  0
0.0136956  0  4.13683  1.72457  0  0  0  0  0  0  0  -4.24402  0  0  0
0.0148521  0  4.14763  1.72451  0  0  0  0  0  0  0  -4.24562  0  0  0
0.0160977  0  4.1595  1.72438  0  0  0  0  0  0  0  -4.24731  0  0  0
0.0174377  0  4.17251  1.72418  0  0  0  0  0  0  0  -4.2491  0  0  0
0.0188781  0  4.18671  1.72389  0  0  0  0  0  0  0  -4.25096  0  0  0
0.0204243  0  4.20216  1.72347  0  0  0  0  0  0  0  -4.25288  0  0  0
0.0220824  0  4.21891  1.72291  0  0  0  0  0  0  0  -4.25482  0  0  0
0.0238583  0  4.23699  1.72215  0  0  0  0  0  0  0  -4.25675  0  0  0
0.0257578  0  4.25642  1.72116  0  0  0  0  0  0  0  -4.25862  0  0  0
0.027787  0  4.27718  1.71988  0  0  0  0  0  0  0  -4.26037  0  0  0
0.0299516  0  4.29926  1.71826  0  0  0  0  0  0  0  -4.26192  0  0  0
0.0322576  0  4.32257  1.71622  0  0  0  0  0  0  0  -4.26318  0  0  0
0.0347104  0  4.34704  1.71367  0  0  0  0  0  0  0  -4.26404  0  0  0
0.0373157  0  4.3725  1.71052  0  0  0  0  0  0  0  -4.26437  0  0  0
0.0400785  0  4.39879  1.70667  0  0  0  0  0  0  0  -4.264  0  0  0
0.043004  0  4.42564  1.70198  0  0  0  0  0  0  0  -4.26276  0  0  0
0.0460967  0  4.45277  1.69631  0  0  0  0  0  0  0  -4.26045  0  0  0
0.0493609  0  4.4798  1.68951  0  0  0  0  0  0  0  -4.2568  0  0  0
0.0528007  0  4.50631  1.68139  0  0  0  0  0  0  0  -4.25157  0  0  0
0.0564196  0  4.53179  1.67176  0  0  0  0  0  0  0  -4.24444  0  0  0
0.0602206  0  4.55566  1.66042  0  0  0  0  0  0  0  -4.23509  0  0  0
0.0642064  0  4.57728  1.64713  0  0  0  0  0  0  0  -4.22315  0  0  0
0.0683793  0  4.59595  1.63165  0  0  0  0  0  0  0  -4.20824  0  0  0
0.072741  0  4.61086  1.61373  0  0  0  0  0  0  0  -4.18992  0  0  0
0.0772927  0  4.62121  1.59309  0  0  0  0  0  0  0  -4.16778  0  0  0
0.0820352  0  4.6261  1.56946  0  0  0  0  0  0  0  -4.14135  0  0  0
0.0869689  0  4.62463  1.54257  0  0  0  0  0  0  0  -4.11018  0  0  0
0.0920937  0  4.61588  1.51214  0  0  0  0  0  0  0  -4.07381  0  0  0
0.097409  0  4.59894  1.47791  0  0  0  0  0  0  0  -4.0318  0  0  0
0.102914  0  4.57292  1.43962  0  0  0  0  0  0  0  -3.98373  0  0  0
0.108607  0  4.53701  1.39707  0  0  0  0  0  0  0  -3.9292  0  0  0
0.114487  0  4.49045  1.35004  0  0  0  0  0  0  0  -3.86788  0  0  0
0.120552  0  4.4326  1.2984  0  0  0  0  0  0  0  -3.7995  0  0  0
0.126799  0  4.36298  1.24202  0  0  0  0  0  0  0  -3.72385  0  0  0
0.133226  0  4.28124  1.18086  0  0  0  0  0  0  0  -3.64082  0  0  0
0.13983  0  4.18721  1.11492  0  0  0  0  0  0  0  -3.55038  0  0  0
0.146608  0  4.08093  1.04427  0  0  0  0  0  0  0  -3.45263  0  0  0
0.153557  0  3.96263  0.969049  0  0  0  0  0  0  0  -3.34775  0  0  0
0.160674  0  3.83278  0.889447  0  0  0  0  0  0  0  -3.23605  0  0  0
0.167955  0  3.69203  0.805737  0  0  0  0  0  0  0  -3.11794  0  0  0
0.175396  0  3.54125  0.718246  0  0  0  0  0  0  0  -2.99391  0  0  0
0.182995  0  3.38147  0.627358  0  0  0  0  0  0  0  -2.86459  0  0  0
0.190747  0  3.2139  0.533509  0  0  0  0  0  0  0  -2.73066  0  0  0
0.198649  0  3.03988  0.43717  0  0  0  0  0  0  0  -2.59286  0  0  0
0.206698  0  2.86083  0.338842  0  0  0  0  0  0  0  -2.45199  0  0  0
0.214888  0  2.67827  0.239043  0  0  0  0  0  0  0  -2.30889  0  0  0
0.223217  0  2.4937  0.138302  0  0  0  0  0  0  0  -2.1644  0  0  0
0.231682  0  2.30866  0.0371389  0  0  0  0  0  0  0  -2.01935  0  0  0
0.240277  0  2.12463  -0.0639391  0  0  0  0  0  0  0  -1.87456  0  0  0
0.249001  0  1.94302  -0.16445  0  0  0  0  0  0  0  -1.7308  0  0  0
0.257849  0  1.76517  -0.263943  0  0  0  0  0  0  0  -1.5888  0  0  0
0.266818  0  1.59227  -0.362006  0  0  0  0  0  0  0  -1.44922  0  0  0
0.275904  0  1.42542  -0.458271  0  0  0  0  0  0  0  -1.31265  0  0  0
0.285104  0  1.26557  -0.552414  0  0  0  0  0  0  0  -1.17961  0  0  0
0.294416  0  1.11353  -0.644164  0  0  0  0  0  0  0  -1.05053  0  0  0
0.303834  0  0.969961  -0.733292  0  0  0  0  0  0  0  -0.92579  0  0  0
0.313358  0  0.835397  -0.819621  0  0  0  0  0  0  0  -0.805665  0  0  0
0.322983  0  0.710246  -0.903019  0  0  0  0  0  0  0  -0.690365  0  0  0
0.332707  0  0.59478  -0.983392  0  0  0  0  0  0  0  -0.580034  0  0  0
0.342526  0  0.489175  -1.06069  0  0  0  0  0  0  0  -0.474746  0  0  0
0.352439  0  0.393497  -1.13489  0  0  0  0  0  0  0  -0.374517  0  0  0
0.362442  0  0.307735  -1.206  0  0  0  0  0  0  0  -0.279307  0  0  0
0.372533  0  0.231793  -1.27406  0  0  0  0  0  0  0  -0.189032  0  0  0
0.382709  0  0.165516  -1.33912  0  0  0  0  0  0  0  -0.103559  0  0  0
0.392967  0  0.108694  -1.40123  0  0  0  0  0  0  0  -0.0227242  0  0  0
0.403306  0  0.0610768  -1.46046  0  0  0  0  0  0  0  0.053678  0  0  0
0.413723  0  0.0223672  -1.51688  0  0  0  0  0  0  0  0.125875  0  0  0
0.424216  0  -0.00776056  -1.57053  0  0  0  0  0  0  0  0.194125  0  0  0
0.434783  0  -0.0296562  -1.62144  0  0  0  0  0  0  0  0.258706  0  0  0
0.445422  0  -0.0437052  -1.66961  0  0  0  0  0  0  0  0.319925  0  0  0
0.45613  0  -0.0503145  -1.71499  0  0  0  0  0  0  0  0.3781  0  0  0
0.466905  0  -0.049929  -1.75746  0  0  0  0  0  0  0  0.433575  0  0  0
0.477747  0  -0.0430256  -1.79684  0  0  0  0  0  0  0  0.486712  0  0  0
0.488653  0  -0.0301313  -1.83286  0  0  0  0  0  0  0  0.53789  0  0  0
0.499621  0  -0.0118309  -1.86512  0  0  0  0  0  0  0  0.587512  0  0  0
0.510649  0  0.0112248  -1.8931  0  0  0  0  0  0  0  0.636  0  0  0
0.521736  0  0.0382846  -1.9161  0  0  0  0  0  0  0  0.683797  0  0  0
0.532881  0  0.0685038  -1.93324  0  0  0  0  0  0  0  0.731374  0  0  0
0.544082  0  0.100893  -1.94342  0  0  0  0  0  0  0  0.779224  0  0  0
0.555337  0  0.13432  -1.94529  0  0  0  0  0  0  0  0.827857  0  0  0
0.566644  0  0.167467  -1.93722  0  0  0  0  0  0  0  0.877812  0  0  0
0.578004  0  0.198814  -1.91728  0  0  0  0  0  0  0  0.92964  0  0  0
0.589413  0  0.226616  -1.88322  0  0  0  0  0  0  0  0.983896  0  0  0
0.600872  0  0.248876  -1.83245  0  0  0  0  0  0  0  1.04114  0  0  0
0.612378  0  0.263346  -1.76206  0  0  0  0  0  0  0  1.1019  0  0  0
0.62393  0  0.267521  -1.66886  0  0  0  0  0  0  0  1.16668  0  0  0
0.635528  0  0.258641  -1.54938  0  0  0  0  0  0  0  1.23586  0  0  0
0.64717  0  0.233735  -1.40003  0  0  0  0  0  0  0  1.30975  0  0  0
0.658855  0  0.189666  -1.21718  0  0  0  0  0  0  0  1.38846  0  0  0
0.670582  0  0.123204  -0.997317  0  0  0  0  0  0  0  1.47183  0  0  0
0.68235  0  0.0311265  -0.737298  0  0  0  0  0  0  0  1.55943  0  0  0
0.694158  0  -0.0896786  -0.434545  0  0  0  0  0  0  0  1.65038  0  0  0
0.706005  0  -0.242075  -0.0873122  0  0  0  0  0  0  0  1.74335  0  0  0
0.71789  0  -0.428559  0.305058  0  0  0  0  0  0  0  1.83639  0  0  0
0.729812  0  -0.651152  0.741928  0  0  0  0  0  0  0  1.92694  0  0  0
0.741771  0  -0.911303  1.2212  0  0  0  0  0  0  0  2.01172  0  0  0
0.753765  0  -1.20985  1.73927  0  0  0  0  0  0  0  2.08677  0  0  0
0.765793  0  -1.54701  2.29103  0  0  0  0  0  0  0  2.14749  0  0  0
0.777856  0  -1.92235  2.87006  0  0  0  0  0  0  0  2.18874  0  0  0
0.789952  0  -2.33482  3.46881  0  0  0  0  0  0  0  2.20508  0  0  0
0.80208  0  -2.78267  4.07888  0  0  0  0  0  0  0  2.191  0  0  0
0.814239  0  -3.26329  4.69119  0  0  0  0  0  0  0  2.14135  0  0  0
0.82643  0  -3.77279  5.29612  0  0  0  0  0  0  0  2.05175  0  0  0
0.838651  0  -4.3054  5.88323  0  0  0  0  0  0  0  1.91917  0  0  0
0.850901  0  -4.8524  6.44078  0  0  0  0  0  0  0  1.74252  0  0  0
0.863181  0  -5.40062  6.95457  0  0  0  0  0  0  0  1.52329  0  0  0
0.875488  0  -5.93025  7.40608  0  0  0  0  0  0  0  1.26627  0  0  0
0.887824  0  -6.41193  7.76971  0  0  0  0  0  0  0  0.98026  0  0  0
0.900186  0  -6.80305  8.00906  0  0  0  0  0  0  0  0.678791  0  0  0
0.912576  0  -7.04406  8.07311  0  0  0  0  0  0  0  0.380679  0  0  0
0.924991  0  -7.05698  7.89431  0  0  0  0  0  0  0  0.109973  0  0  0
0.937432  0  -6.75146  7.39398  0  0  0  0  0  0  0  -0.105852  0  0  0
0.949897  0  -6.0461  6.50281  0  0  0  0  0  0  0  -0.241069  0  0  0
0.962388  0  -4.90931  5.20048  0  0  0  0  0  0  0  -0.281055  0  0  0
0.974902  0  -3.40435  3.55961  0  0  0  0  0  0  0  -0.232475  0  0  0
0.987439  0  -1.69772  1.75389  0  0  0  0  0  0  0  -0.125308  0  0  0
1  0  -0  0  0  0  0  0  0  0  0  0  0  0  0
