1e-05  0  2.10607  1.72614  0  0  0  0  0  0  0  3.44592  0  0  0
1.09199e-05  0  2.10593  1.72628  0  0  0  0  0  0  0  3.44558  0  0  0
1.19243e-05  0  2.1058  1.72642  0  0  0  0  0  0  0  3.44522  0  0  0
1.30212e-05  0  2.10565  1.72657  0  0  0  0  0  0  0  3.44485  0  0  0
1.4219e-05  0  2.1055  1.72672  0  0  0  0  0  0  0  3.44446  0  0  0
1.55269e-05  0  2.10534  1.72688  0  0  0  0  0  0  0  3.44405  0  0  0
1.69551e-05  0  2.10518  1.72705  0  0  0  0  0  0  0  3.44363  0  0  0
1.85147e-05  0  2.105  1.72723  0  0  0  0  0  0  0  3.44318  0  0  0
2.02177e-05  0  2.10483  1.72741  0  0  0  0  0  0  0  3.44273  0  0  0
2.20773e-05  0  2.10464  1.7276  0  0  0  0  0  0  0  3.44225  0  0  0
2.4108e-05  0  2.10445  1.7278  0  0  0  0  0  0  0  3.44175  0  0  0
2.63254e-05  0  2.10424  1.728  0  0  0  0  0  0  0  3.44123  0  0  0
2.87468e-05  0  2.10403  1.72822  0  0  0  0  0  0  0  3.44069  0  0  0
3.13908e-05  0  2.10381  1.72845  0  0  0  0  0  0  0  3.44012  0  0  0
3.42779e-05  0  2.10359  1.72868  0  0  0  0  0  0  0  3.43954  0  0  0
3.74305e-05  0  2.10335  1.72893  0  0  0  0  0  0  0  3.43893  0  0  0
4.0873e-05  0  2.1031  1.72918  0  0  0  0  0  0  0  3.43829  0  0  0
4.4632e-05  0  2.10284  1.72945  0  0  0  0  0  0  0  3.43762  0  0  0
4.87366e-05  0  2.10257  1.72972  0  0  0  0  0  0  0  3.43694  0  0  0
5.32186e-05  0  2.10229  1.73001  0  0  0  0  0  0  0  3.43621  0  0  0
5.81127e-05  0  2.102  1.73031  0  0  0  0  0  0  0  3.43546  0  0  0
6.34566e-05  0  2.10169  1.73062  0  0  0  0  0  0  0  3.43468  0  0  0
6.92917e-05  0  2.10138  1.73095  0  0  0  0  0  0  0  3.43386  0  0  0
7.56631e-05  0  2.10105  1.73129  0  0  0  0  0  0  0  3.43301  0  0  0
8.26202e-05  0  2.1007  1.73164  0  0  0  0  0  0  0  3.43213  0  0  0
9.02165e-05  0  2.10035  1.73201  0  0  0  0  0  0  0  3.43121  0  0  0
9.85109e-05  0  2.09997  1.7324  0  0  0  0  0  0  0  3.43024  0  0  0
0.000107567  0  2.09958  1.7328  0  0  0  0  0  0  0  3.42924  0  0  0
0.000117456  0  2.09918  1.73322  0  0  0  0  0  0  0  3.4282  0  0  0
0.000128253  0  2.09876  1.73366  0  0  0  0  0  0  0  3.42711  0  0  0
0.000140041  0  2.09832  1.73412  0  0  0  0  0  0  0  3.42598  0  0  0
0.000152912  0  2.09786  1.7346  0  0  0  0  0  0  0  3.4248  0  0  0
0.000166965  0  2.09739  1.7351  0  0  0  0  0  0  0  3.42357  0  0  0
0.000182307  0  2.09689  1.73562  0  0  0  0  0  0  0  3.42229  0  0  0
0.000199058  0  2.09638  1.73617  0  0  0  0  0  0  0  3.42095  0  0  0
0.000217347  0  2.09584  1.73674  0  0  0  0  0  0  0  3.41956  0  0  0
0.000237312  0  2.09528  1.73734  0  0  0  0  0  0  0  3.41811  0  0  0
0.00025911  0  2.0947  1.73796  0  0  0  0  0  0  0  3.41661  0  0  0
0.000282906  0  2.0941  1.73862  0  0  0  0  0  0  0  3.41503  0  0  0
0.000308883  0  2.09347  1.7393  0  0  0  0  0  0  0  3.41339  0  0  0
0.00033724  0  2.09281  1.74003  0  0  0  0  0  0  0  3.41169  0  0  0
0.000368196  0  2.09214  1.74078  0  0  0  0  0  0  0  3.40991  0  0  0
0.000401985  0  2.09143  1.74158  0  0  0  0  0  0  0  3.40806  0  0  0
0.000438868  0  2.0907  1.74242  0  0  0  0  0  0  0  3.40613  0  0  0
0.000479125  0  2.08994  1.74331  0  0  0  0  0  0  0  3.40411  0  0  0
0.000523063  0  2.08915  1.74425  0  0  0  0  0  0  0  3.40202  0  0  0
0.000571017  0  2.08833  1.74524  0  0  0  0  0  0  0  3.39984  0  0  0
0.000623351  0  2.08748  1.74628  0  0  0  0  0  0  0  3.39756  0  0  0
0.000680461  0  2.0866  1.7474  0  0  0  0  0  0  0  3.3952  0  0  0
0.000742781  0  2.08569  1.74858  0  0  0  0  0  0  0  3.39273  0  0  0
0.000810781  0  2.08475  1.74984  0  0  0  0  0  0  0  3.39016  0  0  0
0.000884973  0  2.08378  1.75119  0  0  0  0  0  0  0  3.38748  0  0  0
0.000965915  0  2.08278  1.75263  0  0  0  0  0  0  0  3.3847  0  0  0
0.00105421  0  2.08175  1.75419  0  0  0  0  0  0  0  3.3818  0  0  0
0.00115053  0  2.0807  1.75586  0  0  0  0  0  0  0  3.37878  0  0  0
0.00125558  0  2.07961  1.75768  0  0  0  0  0  0  0  3.37563  0  0  0
0.00137014  0  2.07851  1.75964  0  0  0  0  0  0  0  3.37236  0  0  0
0.00149506  0  2.07738  1.76178  0  0  0  0  0  0  0  3.36896  0  0  0
0.00163126  0  2.07623  1.76412  0  0  0  0  0  0  0  3.36542  0  0  0
0.00177974  0  2.07508  1.76668  0  0  0  0  0  0  0  3.36173  0  0  0
0.00194158  0  2.07391  1.76951  0  0  0  0  0  0  0  3.3579  0  0  0
0.00211795  0  2.07275  1.77263  0  0  0  0  0  0  0  3.35393  0  0  0
0.00231012  0  2.0716  1.77609  0  0  0  0  0  0  0  3.3498  0  0  0
0.00251947  0  2.07047  1.77995  0  0  0  0  0  0  0  3.34551  0  0  0
0.00274748  0  2.06938  1.78426  0  0  0  0  0  0  0  3.34106  0  0  0
0.00299576  0  2.06833  1.78909  0  0  0  0  0  0  0  3.33645  0  0  0
0.00326605  0  2.06736  1.79451  0  0  0  0  0  0  0  3.33168  0  0  0
0.00356021  0  2.06648  1.80064  0  0  0  0  0  0  0  3.32674  0  0  0
0.00388027  0  2.06572  1.80757  0  0  0  0  0  0  0  3.32163  0  0  0
0.00422838  0  2.06512  1.81544  0  0  0  0  0  0  0  3.31636  0  0  0
0.00460689  0  2.06471  1.82437  0  0  0  0  0  0  0  3.31093  0  0  0
0.00501829  0  2.06453  1.83456  0  0  0  0  0  0  0  3.30534  0  0  0
0.00546526  0  2.06463  1.84618  0  0  0  0  0  0  0  3.2996  0  0  0
0.00595067  0  2.06509  1.85946  0  0  0  0  0  0  0  3.29372  0  0  0
0.00647757  0  2.06596  1.87466  0  0  0  0  0  0  0  3.28771  0  0  0
0.00704924  0  2.06732  1.89206  0  0  0  0  0  0  0  3.28158  0  0  0
0.00766915  0  2.06927  1.91198  0  0  0  0  0  0  0  3.27535  0  0  0
0.00834097  0  2.07191  1.93481  0  0  0  0  0  0  0  3.26905  0  0  0
0.0090686  0  2.07536  1.96094  0  0  0  0  0  0  0  3.2627  0  0  0
0.00985616  0  2.07973  1.99084  0  0  0  0  0  0  0  3.25633  0  0  0
0.010708  0  2.08518  2.02502  0  0  0  0  0  0  0  3.24998  0  0  0
0.0116286  0  2.09187  2.06404  0  0  0  0  0  0  0  3.2437  0  0  0
0.0126229  0  2.09996  2.10847  0  0  0  0  0  0  0  3.23753  0  0  0
0.0136956  0  2.10964  2.15895  0  0  0  0  0  0  0  3.23154  0  0  0
0.0148521  0  2.12109  2.21613  0  0  0  0  0  0  0  3.22579  0  0  0
0.0160977  0  2.13451  2.28067  0  0  0  0  0  0  0  3.22037  0  0  0
0.0174377  0  2.15008  2.3532  0  0  0  0  0  0  0  3.21539  0  0  0
0.0188781  0  2.168  2.43428  0  0  0  0  0  0  0  3.21095  0  0  0
0.0204243  0  2.1884  2.52439  0  0  0  0  0  0  0  3.20723  0  0  0
0.0220824  0  2.21141  2.62383  0  0  0  0  0  0  0  3.20442  0  0  0
0.0238583  0  2.2371  2.7326  0  0  0  0  0  0  0  3.20278  0  0  0
0.0257578  0  2.26543  2.85041  0  0  0  0  0  0  0  3.20265  0  0  0
0.027787  0  2.29629  2.97644  0  0  0  0  0  0  0  3.20449  0  0  0
0.0299516  0  2.32942  3.10924  0  0  0  0  0  0  0  3.2089  0  0  0
0.0322576  0  2.36437  3.24654  0  0  0  0  0  0  0  3.21667  0  0  0
0.0347104  0  2.4005  3.3851  0  0  0  0  0  0  0  3.22888  0  0  0
0.0373157  0  2.43693  3.52049  0  0  0  0  0  0  0  3.24686  0  0  0
0.0400785  0  2.47248  3.64695  0  0  0  0  0  0  0  3.27232  0  0  0
0.043004  0  2.50571  3.75735  0  0  0  0  0  0  0  3.30736  0  0  0
0.0460967  0  2.53491  3.84325  0  0  0  0  0  0  0  3.35436  0  0  0
0.0493609  0  2.55814  3.89527  0  0  0  0  0  0  0  3.41598  0  0  0
0.0528007  0  2.57339  3.90375  0  0  0  0  0  0  0  3.49483  0  0  0
0.0564196  0  2.57875  3.85979  0  0  0  0  0  0  0  3.59311  0  0  0
0.0602206  0  2.57264  3.7567  0  0  0  0  0  0  0  3.71217  0  0  0
0.0642064  0  2.55413  3.59155  0  0  0  0  0  0  0  3.85184  0  0  0
0.0683793  0  2.52313  3.36649  0  0  0  0  0  0  0  4.01006  0  0  0
0.072741  0  2.48055  3.08955  0  0  0  0  0  0  0  4.18253  0  0  0
0.0772927  0  2.42825  2.77411  0  0  0  0  0  0  0  4.36302  0  0  0
0.0820352  0  2.36874  2.43746  0  0  0  0  0  0  0  4.54385  0  0  0
0.0869689  0  2.30483  2.09843  0  0  0  0  0  0  0  4.71685  0  0  0
0.0920937  0  2.23917  1.77477  0  0  0  0  0  0  0  4.87433  0  0  0
0.097409  0  2.17389  1.48109  0  0  0  0  0  0  0  5.00989  0  0  0
0.102914  0  2.11043  1.22765  0  0  0  0  0  0  0  5.11884  0  0  0
0.108607  0  2.04947  1.02016  0  0  0  0  0  0  0  5.19835  0  0  0
0.114487  0  1.99105  0.860352  0  0  0  0  0  0  0  5.24716  0  0  0
0.120552  0  1.93473  0.746826  0  0  0  0  0  0  0  5.26533  0  0  0
0.126799  0  1.87978  0.676132  0  0  0  0  0  0  0  5.2538  0  0  0
0.133226  0  1.82534  0.643669  0  0  0  0  0  0  0  5.21405  0  0  0
0.13983  0  1.7705  0.644394  0  0  0  0  0  0  0  5.14792  0  0  0
0.146608  0  1.71447  0.673256  0  0  0  0  0  0  0  5.05731  0  0  0
0.153557  0  1.65657  0.72551  0  0  0  0  0  0  0  4.94422  0  0  0
0.160674  0  1.59628  0.796822  0  0  0  0  0  0  0  4.81059  0  0  0
0.167955  0  1.53325  0.883339  0  0  0  0  0  0  0  4.65833  0  0  0
0.175396  0  1.46731  0.981651  0  0  0  0  0  0  0  4.48936  0  0  0
0.182995  0  1.39843  1.08876  0  0  0  0  0  0  0  4.30553  0  0  0
0.190747  0  1.32675  1.202  0  0  0  0  0  0  0  4.10873  0  0  0
0.198649  0  1.25253  1.31898  0  0  0  0  0  0  0  3.90082  0  0  0
0.206698  0  1.17612  1.43758  0  0  0  0  0  0  0  3.68365  0  0  0
0.214888  0  1.098  1.55581  0  0  0  0  0  0  0  3.45908  0  0  0
0.223217  0  1.01867  1.67187  0  0  0  0  0  0  0  3.2289  0  0  0
0.231682  0  0.938685  1.78405  0  0  0  0  0  0  0  2.99482  0  0  0
0.240277  0  0.858629  1.89079  0  0  0  0  0  0  0  2.75844  0  0  0
0.249001  0  0.779064  1.99058  0  0  0  0  0  0  0  2.5212  0  0  0
0.257849  0  0.700537  2.08202  0  0  0  0  0  0  0  2.28431  0  0  0
0.266818  0  0.62355  2.16373  0  0  0  0  0  0  0  2.0487  0  0  0
0.275904  0  0.548559  2.23436  0  0  0  0  0  0  0  1.81493  0  0  0
0.285104  0  0.475966  2.29256  0  0  0  0  0  0  0  1.58318  0  0  0
0.294416  0  0.406114  2.33692  0  0  0  0  0  0  0  1.3531  0  0  0
0.303834  0  0.339299  2.36587  0  0  0  0  0  0  0  1.12374  0  0  0
0.313358  0  0.275768  2.3777  0  0  0  0  0  0  0  0.893578  0  0  0
0.322983  0  0.215737  2.3705  0  0  0  0  0  0  0  0.660378  0  0  0
0.332707  0  0.159394  2.34211  0  0  0  0  0  0  0  0.421249  0  0  0
0.342526  0  0.106902  2.29022  0  0  0  0  0  0  0  0.172783  0  0  0
0.352439  0  0.0584048  2.21239  0  0  0  0  0  0  0  -0.0888748  0  0  0
0.362442  0  0.0140121  2.10632  0  0  0  0  0  0  0  -0.367737  0  0  0
0.372533  0  -0.0262073  1.96999  0  0  0  0  0  0  0  -0.667549  0  0  0
0.382709  0  -0.0622533  1.80195  0  0  0  0  0  0  0  -0.99144  0  0  0
0.392967  0  -0.0942105  1.60175  0  0  0  0  0  0  0  -1.3414  0  0  0
0.403306  0  -0.122275  1.37008  0  0  0  0  0  0  0  -1.7179  0  0  0
0.413723  0  -0.14676  1.10909  0  0  0  0  0  0  0  -2.11948  0  0  0
0.424216  0  -0.168098  0.822487  0  0  0  0  0  0  0  -2.54252  0  0  0
0.434783  0  -0.186811  0.515457  0  0  0  0  0  0  0  -2.98122  0  0  0
0.445422  0  -0.203465  0.194496  0  0  0  0  0  0  0  -3.42764  0  0  0
0.45613  0  -0.218576  -0.13295  0  0  0  0  0  0  0  -3.87187  0  0  0
0.466905  0  -0.232498  -0.458946  0  0  0  0  0  0  0  -4.30225  0  0  0
0.477747  0  -0.245251  -0.775574  0  0  0  0  0  0  0  -4.70535  0  0  0
0.488653  0  -0.256327  -1.07557  0  0  0  0  0  0  0  -5.0659  0  0  0
0.499621  0  -0.264444  -1.3528  0  0  0  0  0  0  0  -5.36626  0  0  0
0.510649  0  -0.267275  -1.60276  0  0  0  0  0  0  0  -5.58577  0  0  0
0.521736  0  -0.261201  -1.82303  0  0  0  0  0  0  0  -5.6998  0  0  0
0.532881  0  -0.241138  -2.01345  0  0  0  0  0  0  0  -5.67918  0  0  0
0.544082  0  -0.200558  -2.17628  0  0  0  0  0  0  0  -5.49035  0  0  0
0.555337  0  -0.131869  -2.3158  0  0  0  0  0  0  0  -5.09704  0  0  0
0.566644  0  -0.027239  -2.43774  0  0  0  0  0  0  0  -4.46442  0  0  0
0.578004  0  0.120005  -2.54821  0  0  0  0  0  0  0  -3.5657  0  0  0
0.589413  0  0.31369  -2.65231  0  0  0  0  0  0  0  -2.39045  0  0  0
0.600872  0  0.553202  -2.75291  0  0  0  0  0  0  0  -0.952072  0  0  0
0.612378  0  0.83268  -2.84991  0  0  0  0  0  0  0  0.708549  0  0  0
0.62393  0  1.14145  -2.94039  0  0  0  0  0  0  0  2.52628  0  0  0
0.635528  0  1.46576  -3.01984  0  0  0  0  0  0  0  4.42104  0  0  0
0.64717  0  1.79111  -3.0836  0  0  0  0  0  0  0  6.31076  0  0  0
0.658855  0  2.10446  -3.1283  0  0  0  0  0  0  0  8.123  0  0  0
0.670582  0  2.39563  -3.15264  0  0  0  0  0  0  0  9.80224  0  0  0
0.68235  0  2.65767  -3.15755  0  0  0  0  0  0  0  11.3121  0  0  0
0.694158  0  2.88662  -3.14554  0  0  0  0  0  0  0  12.6333  0  0  0
0.706005  0  3.08076  -3.12022  0  0  0  0  0  0  0  13.7597  0  0  0
0.71789  0  3.23991  -3.08544  0  0  0  0  0  0  0  14.6943  0  0  0
0.729812  0  3.36484  -3.04482  0  0  0  0  0  0  0  15.4453  0  0  0
0.741771  0  3.45676  -3.00134  0  0  0  0  0  0  0  16.0233  0  0  0
0.753765  0  3.51712  -2.95712  0  0  0  0  0  0  0  16.4398  0  0  0
0.765793  0  3.54745  -2.91345  0  0  0  0  0  0  0  16.706  0  0  0
0.777856  0  3.54928  -2.87064  0  0  0  0  0  0  0  16.8322  0  0  0
0.789952  0  3.52403  -2.82821  0  0  0  0  0  0  0  16.827  0  0  0
0.80208  0  3.47314  -2.7849  0  0  0  0  0  0  0  16.6979  0  0  0
0.814239  0  3.39788  -2.73881  0  0  0  0  0  0  0  16.451  0  0  0
0.82643  0  3.29946  -2.68753  0  0  0  0  0  0  0  16.0904  0  0  0
0.838651  0  3.17893  -2.62823  0  0  0  0  0  0  0  15.619  0  0  0
0.850901  0  3.0372  -2.55779  0  0  0  0  0  0  0  15.0382  0  0  0
0.863181  0  2.87496  -2.47292  0  0  0  0  0  0  0  14.348  0  0  0
0.875488  0  2.69276  -2.37033  0  0  0  0  0  0  0  13.5472  0  0  0
0.887824  0  2.49102  -2.24687  0  0  0  0  0  0  0  12.6341  0  0  0
0.900186  0  2.2701  -2.0997  0  0  0  0  0  0  0  11.607  0  0  0
0.912576  0  2.0305  -1.92653  0  0  0  0  0  0  0  10.4653  0  0  0
0.924991  0  1.77301  -1.72579  0  0  0  0  0  0  0  9.21039  0  0  0
0.937432  0  1.49904  -1.49693  0  0  0  0  0  0  0  7.84747  0  0  0
0.949897  0  1.21084  -1.24052  0  0  0  0  0  0  0  6.38681  0  0  0
0.962388  0  0.911774  -0.958626  0  0  0  0  0  0  0  4.84515  0  0  0
0.974902  0  0.606368  -0.654587  0  0  0  0  0  0  0  3.246  0  0  0
0.987439  0  0.300303  -0.333145  0  0  0  0  0  0  0  1.61945  0  0  0
1  0  -0  0  0  0  0  0  0  0  0  0  0  0  0
