1e-05  0  1.21433  2.49124  0  0  0  0  0  0  0  7.05659  0  0  0
1.09199e-05  0  1.21424  2.49142  0  0  0  0  0  0  0  7.05533  0  0  0
1.19243e-05  0  1.21414  2.49161  0  0  0  0  0  0  0  7.054  0  0  0
1.30212e-05  0  1.21404  2.49182  0  0  0  0  0  0  0  7.0526  0  0  0
1.4219e-05  0  1.21394  2.49204  0  0  0  0  0  0  0  7.05112  0  0  0
1.55269e-05  0  1.21382  2.49227  0  0  0  0  0  0  0  7.04956  0  0  0
1.69551e-05  0  1.2137  2.49251  0  0  0  0  0  0  0  7.04791  0  0  0
1.85147e-05  0  1.21358  2.49278  0  0  0  0  0  0  0  7.04618  0  0  0
2.02177e-05  0  1.21344  2.49305  0  0  0  0  0  0  0  7.04435  0  0  0
2.20773e-05  0  1.21331  2.49335  0  0  0  0  0  0  0  7.04242  0  0  0
2.4108e-05  0  1.21316  2.49366  0  0  0  0  0  0  0  7.04039  0  0  0
2.63254e-05  0  1.213  2.49399  0  0  0  0  0  0  0  7.03825  0  0  0
2.87468e-05  0  1.21284  2.49434  0  0  0  0  0  0  0  7.036  0  0  0
3.13908e-05  0  1.21267  2.49472  0  0  0  0  0  0  0  7.03363  0  0  0
3.42779e-05  0  1.21249  2.49511  0  0  0  0  0  0  0  7.03113  0  0  0
3.74305e-05  0  1.2123  2.49552  0  0  0  0  0  0  0  7.02849  0  0  0
4.0873e-05  0  1.2121  2.49596  0  0  0  0  0  0  0  7.02572  0  0  0
4.4632e-05  0  1.21189  2.49643  0  0  0  0  0  0  0  7.0228  0  0  0
4.87366e-05  0  1.21167  2.49692  0  0  0  0  0  0  0  7.01973  0  0  0
5.32186e-05  0  1.21143  2.49744  0  0  0  0  0  0  0  7.01649  0  0  0
5.81127e-05  0  1.21119  2.49799  0  0  0  0  0  0  0  7.01309  0  0  0
6.34566e-05  0  1.21093  2.49857  0  0  0  0  0  0  0  7.00951  0  0  0
6.92917e-05  0  1.21066  2.49918  0  0  0  0  0  0  0  7.00574  0  0  0
7.56631e-05  0  1.21038  2.49983  0  0  0  0  0  0  0  7.00178  0  0  0
8.26202e-05  0  1.21008  2.50051  0  0  0  0  0  0  0  6.99761  0  0  0
9.02165e-05  0  1.20976  2.50123  0  0  0  0  0  0  0  6.99323  0  0  0
9.85109e-05  0  1.20943  2.50199  0  0  0  0  0  0  0  6.98863  0  0  0
0.000107567  0  1.20909  2.50278  0  0  0  0  0  0  0  6.98379  0  0  0
0.000117456  0  1.20872  2.50362  0  0  0  0  0  0  0  6.97871  0  0  0
0.000128253  0  1.20834  2.50451  0  0  0  0  0  0  0  6.97338  0  0  0
0.000140041  0  1.20794  2.50544  0  0  0  0  0  0  0  6.96778  0  0  0
0.000152912  0  1.20752  2.50642  0  0  0  0  0  0  0  6.9619  0  0  0
0.000166965  0  1.20709  2.50745  0  0  0  0  0  0  0  6.95574  0  0  0
0.000182307  0  1.20663  2.50853  0  0  0  0  0  0  0  6.94927  0  0  0
0.000199058  0  1.20614  2.50966  0  0  0  0  0  0  0  6.94249  0  0  0
0.000217347  0  1.20564  2.51085  0  0  0  0  0  0  0  6.93538  0  0  0
0.000237312  0  1.20511  2.5121  0  0  0  0  0  0  0  6.92794  0  0  0
0.00025911  0  1.20456  2.51341  0  0  0  0  0  0  0  6.92014  0  0  0
0.000282906  0  1.20399  2.51478  0  0  0  0  0  0  0  6.91197  0  0  0
0.000308883  0  1.20339  2.51622  0  0  0  0  0  0  0  6.90343  0  0  0
0.00033724  0  1.20277  2.51772  0  0  0  0  0  0  0  6.8945  0  0  0
0.000368196  0  1.20212  2.51929  0  0  0  0  0  0  0  6.88516  0  0  0
0.000401985  0  1.20144  2.52093  0  0  0  0  0  0  0  6.87541  0  0  0
0.000438868  0  1.20074  2.52265  0  0  0  0  0  0  0  6.86521  0  0  0
0.000479125  0  1.20001  2.52443  0  0  0  0  0  0  0  6.85458  0  0  0
0.000523063  0  1.19926  2.5263  0  0  0  0  0  0  0  6.84348  0  0  0
0.000571017  0  1.19847  2.52824  0  0  0  0  0  0  0  6.83191  0  0  0
0.000623351  0  1.19767  2.53026  0  0  0  0  0  0  0  6.81986  0  0  0
0.000680461  0  1.19684  2.53236  0  0  0  0  0  0  0  6.8073  0  0  0
0.000742781  0  1.19598  2.53454  0  0  0  0  0  0  0  6.79424  0  0  0
0.000810781  0  1.19511  2.5368  0  0  0  0  0  0  0  6.78065  0  0  0
0.000884973  0  1.19421  2.53914  0  0  0  0  0  0  0  6.76652  0  0  0
0.000965915  0  1.1933  2.54157  0  0  0  0  0  0  0  6.75185  0  0  0
0.00105421  0  1.19237  2.54408  0  0  0  0  0  0  0  6.73663  0  0  0
0.00115053  0  1.19143  2.54667  0  0  0  0  0  0  0  6.72084  0  0  0
0.00125558  0  1.19049  2.54935  0  0  0  0  0  0  0  6.70448  0  0  0
0.00137014  0  1.18956  2.55211  0  0  0  0  0  0  0  6.68754  0  0  0
0.00149506  0  1.18863  2.55495  0  0  0  0  0  0  0  6.67002  0  0  0
0.00163126  0  1.18772  2.55788  0  0  0  0  0  0  0  6.65191  0  0  0
0.00177974  0  1.18684  2.56089  0  0  0  0  0  0  0  6.63321  0  0  0
0.00194158  0  1.18601  2.56399  0  0  0  0  0  0  0  6.61392  0  0  0
0.00211795  0  1.18523  2.56717  0  0  0  0  0  0  0  6.59404  0  0  0
0.00231012  0  1.18454  2.57045  0  0  0  0  0  0  0  6.57359  0  0  0
0.00251947  0  1.18394  2.57383  0  0  0  0  0  0  0  6.55257  0  0  0
0.00274748  0  1.18347  2.57731  0  0  0  0  0  0  0  6.53101  0  0  0
0.00299576  0  1.18315  2.58092  0  0  0  0  0  0  0  6.50891  0  0  0
0.00326605  0  1.18303  2.58466  0  0  0  0  0  0  0  6.48632  0  0  0
0.00356021  0  1.18315  2.58856  0  0  0  0  0  0  0  6.46328  0  0  0
0.00388027  0  1.18354  2.59265  0  0  0  0  0  0  0  6.43983  0  0  0
0.00422838  0  1.18428  2.59698  0  0  0  0  0  0  0  6.41605  0  0  0
0.00460689  0  1.18542  2.6016  0  0  0  0  0  0  0  6.39201  0  0  0
0.00501829  0  1.18705  2.60657  0  0  0  0  0  0  0  6.36784  0  0  0
0.00546526  0  1.18924  2.61199  0  0  0  0  0  0  0  6.34366  0  0  0
0.00595067  0  1.19209  2.61797  0  0  0  0  0  0  0  6.31963  0  0  0
0.00647757  0  1.19572  2.62464  0  0  0  0  0  0  0  6.29597  0  0  0
0.00704924  0  1.20025  2.63217  0  0  0  0  0  0  0  6.27292  0  0  0
0.00766915  0  1.20581  2.64075  0  0  0  0  0  0  0  6.25077  0  0  0
0.00834097  0  1.21256  2.65063  0  0  0  0  0  0  0  6.22987  0  0  0
0.0090686  0  1.22064  2.66208  0  0  0  0  0  0  0  6.21065  0  0  0
0.00985616  0  1.23024  2.67543  0  0  0  0  0  0  0  6.19359  0  0  0
0.010708  0  1.24152  2.69104  0  0  0  0  0  0  0  6.17921  0  0  0
0.0116286  0  1.25465  2.7093  0  0  0  0  0  0  0  6.16814  0  0  0
0.0126229  0  1.26981  2.73064  0  0  0  0  0  0  0  6.16102  0  0  0
0.0136956  0  1.28712  2.7555  0  0  0  0  0  0  0  6.15855  0  0  0
0.0148521  0  1.30672  2.78431  0  0  0  0  0  0  0  6.16141  0  0  0
0.0160977  0  1.32869  2.81748  0  0  0  0  0  0  0  6.17029  0  0  0
0.0174377  0  1.35305  2.85534  0  0  0  0  0  0  0  6.18579  0  0  0
0.0188781  0  1.37978  2.89816  0  0  0  0  0  0  0  6.20839  0  0  0
0.0204243  0  1.40876  2.94604  0  0  0  0  0  0  0  6.2384  0  0  0
0.0220824  0  1.43982  2.99896  0  0  0  0  0  0  0  6.27594  0  0  0
0.0238583  0  1.47271  3.0567  0  0  0  0  0  0  0  6.32085  0  0  0
0.0257578  0  1.50709  3.11884  0  0  0  0  0  0  0  6.37271  0  0  0
0.027787  0  1.54258  3.1848  0  0  0  0  0  0  0  6.43082  0  0  0
0.0299516  0  1.57875  3.2538  0  0  0  0  0  0  0  6.49425  0  0  0
0.0322576  0  1.61514  3.32495  0  0  0  0  0  0  0  6.56182  0  0  0
0.0347104  0  1.6513  3.39725  0  0  0  0  0  0  0  6.63222  0  0  0
0.0373157  0  1.68683  3.46963  0  0  0  0  0  0  0  6.70399  0  0  0
0.0400785  0  1.72135  3.54099  0  0  0  0  0  0  0  6.77559  0  0  0
0.043004  0  1.75464  3.61015  0  0  0  0  0  0  0  6.84531  0  0  0
0.0460967  0  1.78657  3.67575  0  0  0  0  0  0  0  6.9111  0  0  0
0.0493609  0  1.81732  3.73599  0  0  0  0  0  0  0  6.97013  0  0  0
0.0528007  0  1.84748  3.78808  0  0  0  0  0  0  0  7.01787  0  0  0
0.0564196  0  1.87841  3.82724  0  0  0  0  0  0  0  7.04645  0  0  0
0.0602206  0  1.91278  3.84489  0  0  0  0  0  0  0  7.0416  0  0  0
0.0642064  0  1.95556  3.82579  0  0  0  0  0  0  0  6.97795  0  0  0
0.0683793  0  2.01517  3.74432  0  0  0  0  0  0  0  6.8128  0  0  0
0.072741  0  2.10425  3.56212  0  0  0  0  0  0  0  6.48212  0  0  0
0.0772927  0  2.23787  3.23359  0  0  0  0  0  0  0  5.90971  0  0  0
0.0820352  0  2.42576  2.72947  0  0  0  0  0  0  0  5.04627  0  0  0
0.0869689  0  2.65951  2.07583  0  0  0  0  0  0  0  3.93408  0  0  0
0.0920937  0  2.90736  1.37011  0  0  0  0  0  0  0  2.73347  0  0  0
0.097409  0  3.12953  0.734366  0  0  0  0  0  0  0  1.6447  0  0  0
0.102914  0  3.30123  0.245074  0  0  0  0  0  0  0  0.79095  0  0  0
0.108607  0  3.41934  -0.0869381  0  0  0  0  0  0  0  0.184325  0  0  0
0.114487  0  3.49317  -0.288339  0  0  0  0  0  0  0  -0.227905  0  0  0
0.120552  0  3.53422  -0.391894  0  0  0  0  0  0  0  -0.511611  0  0  0
0.126799  0  3.5513  -0.421771  0  0  0  0  0  0  0  -0.721501  0  0  0
0.133226  0  3.5498  -0.391418  0  0  0  0  0  0  0  -0.896793  0  0  0
0.13983  0  3.53233  -0.306736  0  0  0  0  0  0  0  -1.06399  0  0  0
0.146608  0  3.49991  -0.171098  0  0  0  0  0  0  0  -1.24021  0  0  0
0.153557  0  3.45298  0.00899982  0  0  0  0  0  0  0  -1.43512  0  0  0
0.160674  0  3.39231  0.218537  0  0  0  0  0  0  0  -1.65148  0  0  0
0.167955  0  3.31958  0.430642  0  0  0  0  0  0  0  -1.88535  0  0  0
0.175396  0  3.2375  0.607566  0  0  0  0  0  0  0  -2.12697  0  0  0
0.182995  0  3.14923  0.706932  0  0  0  0  0  0  0  -2.36294  0  0  0
0.190747  0  3.05754  0.691594  0  0  0  0  0  0  0  -2.57908  0  0  0
0.198649  0  2.96385  0.539455  0  0  0  0  0  0  0  -2.76273  0  0  0
0.206698  0  2.86774  0.250132  0  0  0  0  0  0  0  -2.90356  0  0  0
0.214888  0  2.76667  -0.152391  0  0  0  0  0  0  0  -2.99238  0  0  0
0.223217  0  2.65598  -0.6203  0  0  0  0  0  0  0  -3.01905  0  0  0
0.231682  0  2.52898  -1.08502  0  0  0  0  0  0  0  -2.97025  0  0  0
0.240277  0  2.37737  -1.46377  0  0  0  0  0  0  0  -2.82885  0  0  0
0.249001  0  2.1928  -1.67242  0  0  0  0  0  0  0  -2.57711  0  0  0
0.257849  0  1.97018  -1.64739  0  0  0  0  0  0  0  -2.20526  0  0  0
0.266818  0  1.71229  -1.37326  0  0  0  0  0  0  0  -1.7243  0  0  0
0.275904  0  1.43303  -0.901316  0  0  0  0  0  0  0  -1.1749  0  0  0
0.285104  0  1.15521  -0.33824  0  0  0  0  0  0  0  -0.621517  0  0  0
0.294416  0  0.902498  0.19669  0  0  0  0  0  0  0  -0.130395  0  0  0
0.303834  0  0.690904  0.617832  0  0  0  0  0  0  0  0.25395  0  0  0
0.313358  0  0.525455  0.892264  0  0  0  0  0  0  0  0.517649  0  0  0
0.322983  0  0.402591  1.02936  0  0  0  0  0  0  0  0.670858  0  0  0
0.332707  0  0.31457  1.05933  0  0  0  0  0  0  0  0.735465  0  0  0
0.342526  0  0.252975  1.01598  0  0  0  0  0  0  0  0.735324  0  0  0
0.352439  0  0.210501  0.928079  0  0  0  0  0  0  0  0.691252  0  0  0
0.362442  0  0.181481  0.816907  0  0  0  0  0  0  0  0.619505  0  0  0
0.372533  0  0.161775  0.696859  0  0  0  0  0  0  0  0.532006  0  0  0
0.382709  0  0.14847  0.577038  0  0  0  0  0  0  0  0.437168  0  0  0
0.392967  0  0.139545  0.46282  0  0  0  0  0  0  0  0.340763  0  0  0
0.403306  0  0.133618  0.357104  0  0  0  0  0  0  0  0.246632  0  0  0
0.413723  0  0.12974  0.261206  0  0  0  0  0  0  0  0.157247  0  0  0
0.424216  0  0.127265  0.175464  0  0  0  0  0  0  0  0.0740962  0  0  0
0.434783  0  0.125748  0.0996225  0  0  0  0  0  0  0  -0.00202227  0  0  0
0.445422  0  0.124884  0.0331075  0  0  0  0  0  0  0  -0.0708022  0  0  0
0.45613  0  0.124463  -0.0248365  0  0  0  0  0  0  0  -0.132267  0  0  0
0.466905  0  0.12434  -0.0750265  0  0  0  0  0  0  0  -0.186678  0  0  0
0.477747  0  0.124416  -0.118291  0  0  0  0  0  0  0  -0.234438  0  0  0
0.488653  0  0.124622  -0.155431  0  0  0  0  0  0  0  -0.276037  0  0  0
0.499621  0  0.124912  -0.187195  0  0  0  0  0  0  0  -0.312014  0  0  0
0.510649  0  0.125253  -0.21427  0  0  0  0  0  0  0  -0.342918  0  0  0
0.521736  0  0.125625  -0.237281  0  0  0  0  0  0  0  -0.369292  0  0  0
0.532881  0  0.126014  -0.256785  0  0  0  0  0  0  0  -0.391651  0  0  0
0.544082  0  0.126411  -0.273275  0  0  0  0  0  0  0  -0.410482  0  0  0
0.555337  0  0.126811  -0.287186  0  0  0  0  0  0  0  -0.42623  0  0  0
0.566644  0  0.127211  -0.298897  0  0  0  0  0  0  0  -0.439297  0  0  0
0.578004  0  0.12761  -0.308737  0  0  0  0  0  0  0  -0.450047  0  0  0
0.589413  0  0.128007  -0.316989  0  0  0  0  0  0  0  -0.4588  0  0  0
0.600872  0  0.128404  -0.323899  0  0  0  0  0  0  0  -0.465841  0  0  0
0.612378  0  0.128802  -0.329674  0  0  0  0  0  0  0  -0.471416  0  0  0
0.62393  0  0.129201  -0.334494  0  0  0  0  0  0  0  -0.475742  0  0  0
0.635528  0  0.129603  -0.338509  0  0  0  0  0  0  0  -0.479002  0  0  0
0.64717  0  0.130009  -0.341845  0  0  0  0  0  0  0  -0.481358  0  0  0
0.658855  0  0.13042  -0.344609  0  0  0  0  0  0  0  -0.482944  0  0  0
0.670582  0  0.130836  -0.34689  0  0  0  0  0  0  0  -0.483874  0  0  0
0.68235  0  0.131258  -0.348759  0  0  0  0  0  0  0  -0.484246  0  0  0
0.694158  0  0.131685  -0.350279  0  0  0  0  0  0  0  -0.484141  0  0  0
0.706005  0  0.132118  -0.351496  0  0  0  0  0  0  0  -0.483623  0  0  0
0.71789  0  0.132553  -0.352444  0  0  0  0  0  0  0  -0.482743  0  0  0
0.729812  0  0.132987  -0.353145  0  0  0  0  0  0  0  -0.481538  0  0  0
0.741771  0  0.133415  -0.35362  0  0  0  0  0  0  0  -0.480036  0  0  0
0.753765  0  0.133831  -0.353871  0  0  0  0  0  0  0  -0.478249  0  0  0
0.765793  0  0.134223  -0.353885  0  0  0  0  0  0  0  -0.476171  0  0  0
0.777856  0  0.134578  -0.353645  0  0  0  0  0  0  0  -0.473784  0  0  0
0.789952  0  0.134874  -0.353112  0  0  0  0  0  0  0  -0.471051  0  0  0
0.80208  0  0.135085  -0.352231  0  0  0  0  0  0  0  -0.467906  0  0  0
0.814239  0  0.135174  -0.35092  0  0  0  0  0  0  0  -0.464256  0  0  0
0.82643  0  0.135092  -0.349065  0  0  0  0  0  0  0  -0.459969  0  0  0
0.838651  0  0.134772  -0.346519  0  0  0  0  0  0  0  -0.454862  0  0  0
0.850901  0  0.134129  -0.343078  0  0  0  0  0  0  0  -0.448689  0  0  0
0.863181  0  0.133046  -0.338481  0  0  0  0  0  0  0  -0.441126  0  0  0
0.875488  0  0.131375  -0.332379  0  0  0  0  0  0  0  -0.431743  0  0  0
0.887824  0  0.12892  -0.324326  0  0  0  0  0  0  0  -0.41998  0  0  0
0.900186  0  0.125431  -0.313743  0  0  0  0  0  0  0  -0.405112  0  0  0
0.912576  0  0.120587  -0.299891  0  0  0  0  0  0  0  -0.386211  0  0  0
0.924991  0  0.11398  -0.281838  0  0  0  0  0  0  0  -0.362102  0  0  0
0.937432  0  0.105101  -0.258421  0  0  0  0  0  0  0  -0.331308  0  0  0
0.949897  0  0.0933221  -0.228198  0  0  0  0  0  0  0  -0.292012  0  0  0
0.962388  0  0.0778823  -0.189433  0  0  0  0  0  0  0  -0.242013  0  0  0
0.974902  0  0.057883  -0.14008  0  0  0  0  0  0  0  -0.178708  0  0  0
0.987439  0  0.0322972  -0.0777886  0  0  0  0  0  0  0  -0.0991225  0  0  0
1  0  0  0  0  0  0  0  0  0  0  0  0  0  0
