1e-05  0  35.1172  -49.5565  0  0  0  0  0  0  0  -110.338  0  0  0
1.09199e-05  0  35.1428  -49.5747  0  0  0  0  0  0  0  -110.364  0  0  0
1.19243e-05  0  35.1685  -49.5926  0  0  0  0  0  0  0  -110.389  0  0  0
1.30212e-05  0  35.1944  -49.6099  0  0  0  0  0  0  0  -110.414  0  0  0
1.4219e-05  0  35.2204  -49.6268  0  0  0  0  0  0  0  -110.439  0  0  0
1.55269e-05  0  35.2464  -49.6429  0  0  0  0  0  0  0  -110.462  0  0  0
1.69551e-05  0  35.2724  -49.6583  0  0  0  0  0  0  0  -110.484  0  0  0
1.85147e-05  0  35.2984  -49.6728  0  0  0  0  0  0  0  -110.504  0  0  0
2.02177e-05  0  35.3242  -49.6861  0  0  0  0  0  0  0  -110.523  0  0  0
2.20773e-05  0  35.3498  -49.6983  0  0  0  0  0  0  0  -110.54  0  0  0
2.4108e-05  0  35.3751  -49.7089  0  0  0  0  0  0  0  -110.555  0  0  0
2.63254e-05  0  35.3999  -49.7178  0  0  0  0  0  0  0  -110.568  0  0  0
2.87468e-05  0  35.4242  -49.7248  0  0  0  0  0  0  0  -110.577  0  0  0
3.13908e-05  0  35.4477  -49.7294  0  0  0  0  0  0  0  -110.583  0  0  0
3.42779e-05  0  35.4703  -49.7314  0  0  0  0  0  0  0  -110.584  0  0  0
3.74305e-05  0  35.4917  -49.7303  0  0  0  0  0  0  0  -110.582  0  0  0
4.0873e-05  0  35.5118  -49.7256  0  0  0  0  0  0  0  -110.573  0  0  0
4.4632e-05  0  35.5302  -49.7169  0  0  0  0  0  0  0  -110.559  0  0  0
4.87366e-05  0  35.5466  -49.7033  0  0  0  0  0  0  0  -110.537  0  0  0
5.32186e-05  0  35.5606  -49.6844  0  0  0  0  0  0  0  -110.507  0  0  0
5.81127e-05  0  35.5718  -49.6591  0  0  0  0  0  0  0  -110.468  0  0  0
6.34566e-05  0  35.5797  -49.6267  0  0  0  0  0  0  0  -110.418  0  0  0
6.92917e-05  0  35.5837  -49.586  0  0  0  0  0  0  0  -110.355  0  0  0
7.56631e-05  0  35.5832  -49.5358  0  0  0  0  0  0  0  -110.278  0  0  0
8.26202e-05  0  35.5774  -49.4747  0  0  0  0  0  0  0  -110.184  0  0  0
9.02165e-05  0  35.5656  -49.4012  0  0  0  0  0  0  0  -110.072  0  0  0
9.85109e-05  0  35.5466  -49.3135  0  0  0  0  0  0  0  -109.938  0  0  0
0.000107567  0  35.5194  -49.2096  0  0  0  0  0  0  0  -109.779  0  0  0
0.000117456  0  35.4829  -49.0872  0  0  0  0  0  0  0  -109.592  0  0  0
0.000128253  0  35.4355  -48.9438  0  0  0  0  0  0  0  -109.374  0  0  0
0.000140041  0  35.3759  -48.7765  0  0  0  0  0  0  0  -109.119  0  0  0
0.000152912  0  35.3021  -48.5822  0  0  0  0  0  0  0  -108.823  0  0  0
0.000166965  0  35.2124  -48.3574  0  0  0  0  0  0  0  -108.481  0  0  0
0.000182307  0  35.1045  -48.0981  0  0  0  0  0  0  0  -108.086  0  0  0
0.000199058  0  34.9762  -47.8003  0  0  0  0  0  0  0  -107.633  0  0  0
0.000217347  0  34.825  -47.4592  0  0  0  0  0  0  0  -107.114  0  0  0
0.000237312  0  34.648  -47.07  0  0  0  0  0  0  0  -106.522  0  0  0
0.00025911  0  34.4426  -46.6275  0  0  0  0  0  0  0  -105.849  0  0  0
0.000282906  0  34.2056  -46.1261  0  0  0  0  0  0  0  -105.087  0  0  0
0.000308883  0  33.934  -45.5603  0  0  0  0  0  0  0  -104.226  0  0  0
0.00033724  0  33.6247  -44.9246  0  0  0  0  0  0  0  -103.259  0  0  0
0.000368196  0  33.2746  -44.2132  0  0  0  0  0  0  0  -102.178  0  0  0
0.000401985  0  32.8809  -43.4213  0  0  0  0  0  0  0  -100.973  0  0  0
0.000438868  0  32.4411  -42.544  0  0  0  0  0  0  0  -99.6392  0  0  0
0.000479125  0  31.9532  -41.5779  0  0  0  0  0  0  0  -98.1699  0  0  0
0.000523063  0  31.4157  -40.5202  0  0  0  0  0  0  0  -96.5613  0  0  0
0.000571017  0  30.8279  -39.3699  0  0  0  0  0  0  0  -94.8118  0  0  0
0.000623351  0  30.1904  -38.1277  0  0  0  0  0  0  0  -92.9223  0  0  0
0.000680461  0  29.5046  -36.7963  0  0  0  0  0  0  0  -90.897  0  0  0
0.000742781  0  28.7733  -35.3807  0  0  0  0  0  0  0  -88.7435  0  0  0
0.000810781  0  28.0005  -33.8883  0  0  0  0  0  0  0  -86.4729  0  0  0
0.000884973  0  27.1917  -32.3289  0  0  0  0  0  0  0  -84.0999  0  0  0
0.000965915  0  26.3535  -30.7145  0  0  0  0  0  0  0  -81.6428  0  0  0
0.00105421  0  25.4934  -29.0589  0  0  0  0  0  0  0  -79.1225  0  0  0
0.00115053  0  24.6202  -27.3777  0  0  0  0  0  0  0  -76.5624  0  0  0
0.00125558  0  23.7426  -25.6871  0  0  0  0  0  0  0  -73.9873  0  0  0
0.00137014  0  22.8701  -24.0039  0  0  0  0  0  0  0  -71.4226  0  0  0
0.00149506  0  22.0115  -22.3446  0  0  0  0  0  0  0  -68.893  0  0  0
0.00163126  0  21.1755  -20.7245  0  0  0  0  0  0  0  -66.4218  0  0  0
0.00177974  0  20.3695  -19.1577  0  0  0  0  0  0  0  -64.0302  0  0  0
0.00194158  0  19.6002  -17.6562  0  0  0  0  0  0  0  -61.7363  0  0  0
0.00211795  0  18.8728  -16.2299  0  0  0  0  0  0  0  -59.5549  0  0  0
0.00231012  0  18.1915  -14.8862  0  0  0  0  0  0  0  -57.4973  0  0  0
0.00251947  0  17.5589  -13.6304  0  0  0  0  0  0  0  -55.5709  0  0  0
0.00274748  0  16.9763  -12.4654  0  0  0  0  0  0  0  -53.78  0  0  0
0.00299576  0  16.444  -11.3919  0  0  0  0  0  0  0  -52.1256  0  0  0
0.00326605  0  15.9614  -10.4092  0  0  0  0  0  0  0  -50.6061  0  0  0
0.00356021  0  15.5267  -9.5148  0  0  0  0  0  0  0  -49.2175  0  0  0
0.00388027  0  15.1377  -8.70522  0  0  0  0  0  0  0  -47.954  0  0  0
0.00422838  0  14.7917  -7.97607  0  0  0  0  0  0  0  -46.8087  0  0  0
0.00460689  0  14.4855  -7.32236  0  0  0  0  0  0  0  -45.7734  0  0  0
0.00501829  0  14.2157  -6.73876  0  0  0  0  0  0  0  -44.8398  0  0  0
0.00546526  0  13.979  -6.21976  0  0  0  0  0  0  0  -43.9987  0  0  0
0.00595067  0  13.7718  -5.7598  0  0  0  0  0  0  0  -43.2413  0  0  0
0.00647757  0  13.5906  -5.35349  0  0  0  0  0  0  0  -42.5588  0  0  0
0.00704924  0  13.4321  -4.99551  0  0  0  0  0  0  0  -41.9426  0  0  0
0.00766915  0  13.2929  -4.68084  0  0  0  0  0  0  0  -41.3842  0  0  0
0.00834097  0  13.17  -4.40464  0  0  0  0  0  0  0  -40.8757  0  0  0
0.0090686  0  13.0603  -4.16232  0  0  0  0  0  0  0  -40.4094  0  0  0
0.00985616  0  12.9611  -3.94948  0  0  0  0  0  0  0  -39.9779  0  0  0
0.010708  0  12.8696  -3.76187  0  0  0  0  0  0  0  -39.5742  0  0  0
0.0116286  0  12.7833  -3.59535  0  0  0  0  0  0  0  -39.1911  0  0  0
0.0126229  0  12.6998  -3.44583  0  0  0  0  0  0  0  -38.822  0  0  0
0.0136956  0  12.6169  -3.30915  0  0  0  0  0  0  0  -38.46  0  0  0
0.0148521  0  12.5326  -3.18109  0  0  0  0  0  0  0  -38.0983  0  0  0
0.0160977  0  12.445  -3.05719  0  0  0  0  0  0  0  -37.7301  0  0  0
0.0174377  0  12.3523  -2.93282  0  0  0  0  0  0  0  -37.3485  0  0  0
0.0188781  0  12.253  -2.80304  0  0  0  0  0  0  0  -36.9465  0  0  0
0.0204243  0  12.1459  -2.66266  0  0  0  0  0  0  0  -36.5172  0  0  0
0.0220824  0  12.0301  -2.50627  0  0  0  0  0  0  0  -36.0541  0  0  0
0.0238583  0  11.9052  -2.32846  0  0  0  0  0  0  0  -35.5513  0  0  0
0.0257578  0  11.771  -2.12397  0  0  0  0  0  0  0  -35.0041  0  0  0
0.027787  0  11.6284  -1.88821  0  0  0  0  0  0  0  -34.4097  0  0  0
0.0299516  0  11.4787  -1.61776  0  0  0  0  0  0  0  -33.7684  0  0  0
0.0322576  0  11.3245  -1.31111  0  0  0  0  0  0  0  -33.0844  0  0  0
0.0347104  0  11.1691  -0.969555  0  0  0  0  0  0  0  -32.3673  0  0  0
0.0373157  0  11.0172  -0.598122  0  0  0  0  0  0  0  -31.6334  0  0  0
0.0400785  0  10.8747  -0.206314  0  0  0  0  0  0  0  -30.9065  0  0  0
0.043004  0  10.7483  0.191441  0  0  0  0  0  0  0  -30.2176  0  0  0
0.0460967  0  10.6455  0.576077  0  0  0  0  0  0  0  -29.6041  0  0  0
0.0493609  0  10.5734  0.925209  0  0  0  0  0  0  0  -29.1063  0  0  0
0.0528007  0  10.538  1.21565  0  0  0  0  0  0  0  -28.7626  0  0  0
0.0564196  0  10.5429  1.42701  0  0  0  0  0  0  0  -28.6021  0  0  0
0.0602206  0  10.5882  1.54563  0  0  0  0  0  0  0  -28.638  0  0  0
0.0642064  0  10.6694  1.56829  0  0  0  0  0  0  0  -28.8614  0  0  0
0.0683793  0  10.7775  1.50386  0  0  0  0  0  0  0  -29.2387  0  0  0
0.072741  0  10.8994  1.37255  0  0  0  0  0  0  0  -29.7145  0  0  0
0.0772927  0  11.0195  1.20263  0  0  0  0  0  0  0  -30.2184  0  0  0
0.0820352  0  11.1214  1.02512  0  0  0  0  0  0  0  -30.6754  0  0  0
0.0869689  0  11.1904  0.868328  0  0  0  0  0  0  0  -31.0174  0  0  0
0.0920937  0  11.2146  0.75359  0  0  0  0  0  0  0  -31.1911  0  0  0
0.097409  0  11.186  0.693024  0  0  0  0  0  0  0  -31.1628  0  0  0
0.102914  0  11.1006  0.689522  0  0  0  0  0  0  0  -30.9191  0  0  0
0.108607  0  10.9582  0.738407  0  0  0  0  0  0  0  -30.4636  0  0  0
0.114487  0  10.7612  0.82975  0  0  0  0  0  0  0  -29.8126  0  0  0
0.120552  0  10.514  0.951038  0  0  0  0  0  0  0  -28.9902  0  0  0
0.126799  0  10.222  1.08924  0  0  0  0  0  0  0  -28.0243  0  0  0
0.133226  0  9.89138  1.23228  0  0  0  0  0  0  0  -26.9428  0  0  0
0.13983  0  9.52809  1.36994  0  0  0  0  0  0  0  -25.7721  0  0  0
0.146608  0  9.13786  1.49427  0  0  0  0  0  0  0  -24.5353  0  0  0
0.153557  0  8.72598  1.59961  0  0  0  0  0  0  0  -23.2524  0  0  0
0.160674  0  8.29717  1.68228  0  0  0  0  0  0  0  -21.9397  0  0  0
0.167955  0  7.8556  1.74041  0  0  0  0  0  0  0  -20.6107  0  0  0
0.175396  0  7.40495  1.77351  0  0  0  0  0  0  0  -19.2759  0  0  0
0.182995  0  6.9484  1.7822  0  0  0  0  0  0  0  -17.9435  0  0  0
0.190747  0  6.4887  1.76783  0  0  0  0  0  0  0  -16.6202  0  0  0
0.198649  0  6.02827  1.7323  0  0  0  0  0  0  0  -15.3108  0  0  0
0.206698  0  5.56918  1.67785  0  0  0  0  0  0  0  -14.0191  0  0  0
0.214888  0  5.11325  1.60692  0  0  0  0  0  0  0  -12.7482  0  0  0
0.223217  0  4.66203  1.52198  0  0  0  0  0  0  0  -11.5002  0  0  0
0.231682  0  4.21694  1.42549  0  0  0  0  0  0  0  -10.2767  0  0  0
0.240277  0  3.77915  1.31983  0  0  0  0  0  0  0  -9.07919  0  0  0
0.249001  0  3.34972  1.20729  0  0  0  0  0  0  0  -7.90845  0  0  0
0.257849  0  2.92959  1.08997  0  0  0  0  0  0  0  -6.76526  0  0  0
0.266818  0  2.51954  0.96983  0  0  0  0  0  0  0  -5.65009  0  0  0
0.275904  0  2.1203  0.848644  0  0  0  0  0  0  0  -4.56334  0  0  0
0.285104  0  1.73245  0.728027  0  0  0  0  0  0  0  -3.5052  0  0  0
0.294416  0  1.35652  0.60944  0  0  0  0  0  0  0  -2.4758  0  0  0
0.303834  0  0.992939  0.494164  0  0  0  0  0  0  0  -1.47522  0  0  0
0.313358  0  0.642067  0.383335  0  0  0  0  0  0  0  -0.503372  0  0  0
0.322983  0  0.304215  0.277924  0  0  0  0  0  0  0  0.439804  0  0  0
0.332707  0  -0.0204018  0.178814  0  0  0  0  0  0  0  1.35447  0  0  0
0.342526  0  -0.331611  0.0867271  0  0  0  0  0  0  0  2.24083  0  0  0
0.352439  0  -0.629293  0.00225449  0  0  0  0  0  0  0  3.0991  0  0  0
0.362442  0  -0.913398  -0.0741005  0  0  0  0  0  0  0  3.92958  0  0  0
0.372533  0  -1.18391  -0.141937  0  0  0  0  0  0  0  4.73257  0  0  0
0.382709  0  -1.44086  -0.200909  0  0  0  0  0  0  0  5.50835  0  0  0
0.392967  0  -1.68434  -0.25082  0  0  0  0  0  0  0  6.2573  0  0  0
0.403306  0  -1.91447  -0.291504  0  0  0  0  0  0  0  6.97979  0  0  0
0.413723  0  -2.13141  -0.322899  0  0  0  0  0  0  0  7.67615  0  0  0
0.424216  0  -2.33536  -0.344955  0  0  0  0  0  0  0  8.34677  0  0  0
0.434783  0  -2.52657  -0.357738  0  0  0  0  0  0  0  8.99202  0  0  0
0.445422  0  -2.70528  -0.361324  0  0  0  0  0  0  0  9.61222  0  0  0
0.45613  0  -2.87181  -0.355858  0  0  0  0  0  0  0  10.2078  0  0  0
0.466905  0  -3.02648  -0.34153  0  0  0  0  0  0  0  10.7791  0  0  0
0.477747  0  -3.16963  -0.318573  0  0  0  0  0  0  0  11.3264  0  0  0
0.488653  0  -3.30163  -0.287254  0  0  0  0  0  0  0  11.85  0  0  0
0.499621  0  -3.42287  -0.247879  0  0  0  0  0  0  0  12.3502  0  0  0
0.510649  0  -3.53375  -0.20079  0  0  0  0  0  0  0  12.8272  0  0  0
0.521736  0  -3.63466  -0.146358  0  0  0  0  0  0  0  13.2814  0  0  0
0.532881  0  -3.72602  -0.0850182  0  0  0  0  0  0  0  13.7128  0  0  0
0.544082  0  -3.80825  -0.0172005  0  0  0  0  0  0  0  14.1216  0  0  0
0.555337  0  -3.88172  0.0566368  0  0  0  0  0  0  0  14.508  0  0  0
0.566644  0  -3.94682  0.135937  0  0  0  0  0  0  0  14.8719  0  0  0
0.578004  0  -4.00391  0.220169  0  0  0  0  0  0  0  15.2135  0  0  0
0.589413  0  -4.0533  0.308746  0  0  0  0  0  0  0  15.5327  0  0  0
0.600872  0  -4.09529  0.401043  0  0  0  0  0  0  0  15.8293  0  0  0
0.612378  0  -4.13011  0.496391  0  0  0  0  0  0  0  16.1033  0  0  0
0.62393  0  -4.15794  0.594074  0  0  0  0  0  0  0  16.3545  0  0  0
0.635528  0  -4.1789  0.693333  0  0  0  0  0  0  0  16.5825  0  0  0
0.64717  0  -4.19303  0.793358  0  0  0  0  0  0  0  16.787  0  0  0
0.658855  0  -4.20029  0.893284  0  0  0  0  0  0  0  16.9677  0  0  0
0.670582  0  -4.20058  0.992191  0  0  0  0  0  0  0  17.124  0  0  0
0.68235  0  -4.19365  1.0891  0  0  0  0  0  0  0  17.2553  0  0  0
0.694158  0  -4.17923  1.18295  0  0  0  0  0  0  0  17.3609  0  0  0
0.706005  0  -4.15687  1.27261  0  0  0  0  0  0  0  17.4401  0  0  0
0.71789  0  -4.12606  1.35689  0  0  0  0  0  0  0  17.492  0  0  0
0.729812  0  -4.08619  1.43451  0  0  0  0  0  0  0  17.5155  0  0  0
0.741771  0  -4.03649  1.50412  0  0  0  0  0  0  0  17.5095  0  0  0
0.753765  0  -3.97613  1.56424  0  0  0  0  0  0  0  17.4729  0  0  0
0.765793  0  -3.90415  1.61332  0  0  0  0  0  0  0  17.4041  0  0  0
0.777856  0  -3.81948  1.64973  0  0  0  0  0  0  0  17.3016  0  0  0
0.789952  0  -3.72098  1.67175  0  0  0  0  0  0  0  17.1637  0  0  0
0.80208  0  -3.60738  1.67748  0  0  0  0  0  0  0  16.9886  0  0  0
0.814239  0  -3.47734  1.66501  0  0  0  0  0  0  0  16.7742  0  0  0
0.82643  0  -3.32943  1.63229  0  0  0  0  0  0  0  16.5183  0  0  0
0.838651  0  -3.16215  1.57718  0  0  0  0  0  0  0  16.2187  0  0  0
0.850901  0  -2.97395  1.49744  0  0  0  0  0  0  0  15.8729  0  0  0
0.863181  0  -2.76323  1.39079  0  0  0  0  0  0  0  15.4781  0  0  0
0.875488  0  -2.52836  1.25486  0  0  0  0  0  0  0  15.0317  0  0  0
0.887824  0  -2.2677  1.08726  0  0  0  0  0  0  0  14.5308  0  0  0
0.900186  0  -1.97969  0.885643  0  0  0  0  0  0  0  13.972  0  0  0
0.912576  0  -1.66289  0.647896  0  0  0  0  0  0  0  13.3517  0  0  0
0.924991  0  -1.31639  0.372547  0  0  0  0  0  0  0  12.6639  0  0  0
0.937432  0  -0.940653  0.0602417  0  0  0  0  0  0  0  11.8965  0  0  0
0.949897  0  -0.54035  -0.282173  0  0  0  0  0  0  0  11.0181  0  0  0
0.962388  0  -0.132451  -0.629417  0  0  0  0  0  0  0  9.93923  0  0  0
0.974902  0  0.230199  -0.902557  0  0  0  0  0  0  0  8.4002  0  0  0
0.987439  0  0.397467  -0.877007  0  0  0  0  0  0  0  5.67728  0  0  0
1  0  0  0  0  0  0  0  0  0  0  0  0  0  0
