0.356848
0.360778
0.341166
0.34268
0.344065
0.318918
0.318948
0.31896
0.318857
0.318831
0.295157
0.294277
0.293368
0.292448
0.291623
0.290693
0.289283
0.267197
0.265634
0.26403
0.262418
0.260991
0.259414
0.257311
0.255674
0.253799
0.232616
0.230395
0.228207
0.226302
0.22423
0.221539
0.219469
0.217215
0.215004
0.213025
0.181686
0.17916
0.176694
0.174569
0.172276
0.169298
0.167067
0.164661
0.162424
0.160342
0.158255
0.156144
0.120182
0.117771
0.115431
0.113428
0.111281
0.108466
0.106425
0.104242
0.102228
0.100369
0.0985195
0.0967271
0.0950171
0.0934021
0.0655632
0.0640256
0.0623926
0.0602554
0.0587423
0.0571394
0.0556742
0.0543334
0.0530108
0.0517392
0.0505359
0.0494082
0.0483114
0.0275872
0.0267157
0.0258005
0.0249711
0.0242183
0.0234814
0.0227782
0.0221177
0.0215031
0.0209094
0.020326
0.00836234
0.00805245
0.00775903
0.00748547
0.00723272
0.00699025
0.00675358
0.37273
0.375224
0.347919
0.349123
0.350147
0.318757
0.318388
0.318237
0.31803
0.290693
0.289283
0.288284
0.28717
0.286093
0.285053
0.255674
0.253799
0.252091
0.250476
0.248827
0.24719
0.219469
0.217215
0.215004
0.213025
0.21101
0.209028
0.207109
0.205271
0.164661
0.162424
0.160342
0.158255
0.156144
0.15418
0.15231
0.150463
0.148606
0.104242
0.102228
0.100369
0.0985195
0.0967271
0.0950171
0.0934021
0.0917634
0.0901908
0.0885129
0.0571394
0.0556742
0.0543334
0.0530108
0.0517392
0.0505359
0.0494082
0.0483114
0.047226
0.0460847
0.0448214
0.0258005
0.0249711
0.0242183
0.0234814
0.0227782
0.0221177
0.0215031
0.0209094
0.020326
0.0197168
0.019063
0.00836234
0.00805245
0.00775903
0.00748547
0.00723272
0.00699025
0.00675358
0.00650825
0.00624696
0.352495
0.35359
0.317795
0.317539
0.317231
0.316875
0.286093
0.285053
0.28397
0.282874
0.281791
0.252091
0.250476
0.248827
0.24719
0.245591
0.244043
0.242492
0.215004
0.213025
0.21101
0.209028
0.207109
0.205271
0.203445
0.2016
0.199616
0.160342
0.158255
0.156144
0.15418
0.15231
0.150463
0.148606
0.146622
0.144437
0.100369
0.0985195
0.0967271
0.0950171
0.0934021
0.0917634
0.0901908
0.0885129
0.0866839
0.0842649
0.0543334
0.0530108
0.0517392
0.0505359
0.0494082
0.0483114
0.047226
0.0460847
0.0448214
0.0432043
0.0414903
0.0234814
0.0227782
0.0221177
0.0215031
0.0209094
0.020326
0.0197168
0.019063
0.0182134
0.0173155
0.00775903
0.00748547
0.00723272
0.00699025
0.00675358
0.00650825
0.00624696
0.00591158
0.0055644
