0.36566
0.369453
0.346878
0.348283
0.349575
0.324076
0.324036
0.323967
0.323777
0.323674
0.301747
0.300654
0.299538
0.298417
0.297421
0.296307
0.294683
0.271581
0.269898
0.268187
0.266481
0.264982
0.263335
0.261168
0.259472
0.257534
0.236417
0.234192
0.231996
0.230084
0.228001
0.225306
0.223222
0.220953
0.218728
0.216738
0.186144
0.183566
0.181045
0.178867
0.176513
0.173455
0.171155
0.168672
0.166361
0.164209
0.16205
0.159865
0.123825
0.121256
0.118772
0.116649
0.114377
0.111407
0.109256
0.106959
0.104843
0.102892
0.100953
0.0990749
0.097285
0.0955958
0.0650789
0.0635156
0.0618597
0.0597059
0.0581811
0.0565701
0.0551013
0.0537601
0.0524397
0.0511725
0.0499752
0.0488548
0.0477664
0.027459
0.0266641
0.0258252
0.0250617
0.0243664
0.0236838
0.0230306
0.0224154
0.0218415
0.0212858
0.0207383
0.0107514
0.0103902
0.0100458
0.00972306
0.00942359
0.00913515
0.00885256
0.380989
0.383393
0.353157
0.354272
0.3552
0.323513
0.323053
0.32281
0.322504
0.296307
0.294683
0.293512
0.292216
0.290975
0.289789
0.259472
0.257534
0.255768
0.2541
0.2524
0.250714
0.223222
0.220953
0.218728
0.216738
0.214711
0.212718
0.210786
0.208934
0.168672
0.166361
0.164209
0.16205
0.159865
0.157832
0.155895
0.153982
0.15206
0.106959
0.104843
0.102892
0.100953
0.0990749
0.097285
0.0955958
0.0938847
0.0922418
0.0904901
0.0565701
0.0551013
0.0537601
0.0524397
0.0511725
0.0499752
0.0488548
0.0477664
0.0466904
0.0455604
0.0443109
0.0258252
0.0250617
0.0243664
0.0236838
0.0230306
0.0224154
0.0218415
0.0212858
0.0207383
0.0201649
0.0195479
0.0107514
0.0103902
0.0100458
0.00972306
0.00942359
0.00913515
0.00885256
0.0085586
0.00824427
0.35736
0.358362
0.322176
0.321834
0.32144
0.321
0.290975
0.289789
0.288564
0.287334
0.286126
0.255768
0.2541
0.2524
0.250714
0.24907
0.24748
0.245889
0.218728
0.216738
0.214711
0.212718
0.210786
0.208934
0.207093
0.205232
0.20323
0.164209
0.16205
0.159865
0.157832
0.155895
0.153982
0.15206
0.150007
0.147747
0.102892
0.100953
0.0990749
0.097285
0.0955958
0.0938847
0.0922418
0.0904901
0.0885821
0.0860612
0.0537601
0.0524397
0.0511725
0.0499752
0.0488548
0.0477664
0.0466904
0.0455604
0.0443109
0.0427128
0.0410207
0.0236838
0.0230306
0.0224154
0.0218415
0.0212858
0.0207383
0.0201649
0.0195479
0.0187433
0.0178877
0.0100458
0.00972306
0.00942359
0.00913515
0.00885256
0.0085586
0.00824427
0.007839
0.00741727
