0.357541
0.361495
0.342268
0.343846
0.345285
0.324649
0.324618
0.324544
0.324337
0.324211
0.300491
0.299411
0.298305
0.297191
0.296199
0.295089
0.293483
0.272035
0.270268
0.268475
0.266693
0.26513
0.263416
0.261161
0.259405
0.257405
0.235041
0.232706
0.230411
0.228417
0.226251
0.223446
0.221296
0.218962
0.216682
0.214645
0.18192
0.179429
0.176989
0.17488
0.172599
0.169631
0.1674
0.164991
0.162747
0.160657
0.158561
0.156439
0.120703
0.118213
0.115806
0.11375
0.111553
0.108683
0.106605
0.104387
0.102343
0.100459
0.0985868
0.096774
0.0950463
0.0934159
0.0647156
0.0632302
0.0616527
0.0595852
0.0581234
0.0565747
0.0551589
0.0538628
0.0525837
0.0513533
0.0501881
0.0490953
0.0480314
0.0281879
0.0273045
0.0263759
0.0255334
0.0247678
0.0240175
0.0233007
0.0226267
0.0219989
0.0213918
0.0207945
0.00799638
0.00767596
0.00737343
0.00709213
0.00683289
0.00658482
0.00634326
0.373552
0.376067
0.349316
0.35058
0.3517
0.324016
0.323498
0.323208
0.322847
0.295089
0.293483
0.29231
0.29101
0.289764
0.288572
0.259405
0.257405
0.255585
0.253868
0.25212
0.250388
0.221296
0.218962
0.216682
0.214645
0.212575
0.210543
0.208579
0.206698
0.164991
0.162747
0.160657
0.158561
0.156439
0.154465
0.152584
0.150728
0.148862
0.104387
0.102343
0.100459
0.0985868
0.096774
0.0950463
0.0934159
0.0917638
0.0901791
0.0884898
0.0565747
0.0551589
0.0538628
0.0525837
0.0513533
0.0501881
0.0490953
0.0480314
0.0469775
0.0458683
0.0446384
0.0263759
0.0255334
0.0247678
0.0240175
0.0233007
0.0226267
0.0219989
0.0213918
0.0207945
0.0201703
0.0194996
0.00799638
0.00767596
0.00737343
0.00709213
0.00683289
0.00658482
0.00634326
0.0060935
0.00582824
0.354142
0.355274
0.322468
0.322076
0.321633
0.321147
0.289764
0.288572
0.287341
0.286105
0.284891
0.255585
0.253868
0.25212
0.250388
0.248702
0.247072
0.245443
0.216682
0.214645
0.212575
0.210543
0.208579
0.206698
0.204832
0.202949
0.200925
0.160657
0.158561
0.156439
0.154465
0.152584
0.150728
0.148862
0.146869
0.144675
0.100459
0.0985868
0.096774
0.0950463
0.0934159
0.0917638
0.0901791
0.0884898
0.0866502
0.0842202
0.0538628
0.0525837
0.0513533
0.0501881
0.0490953
0.0480314
0.0469775
0.0458683
0.0446384
0.0430626
0.0413897
0.0240175
0.0233007
0.0226267
0.0219989
0.0213918
0.0207945
0.0201703
0.0194996
0.018627
0.0177034
0.00737343
0.00709213
0.00683289
0.00658482
0.00634326
0.0060935
0.00582824
0.00548892
0.00513908
