0.360215
0.364114
0.343719
0.345383
0.346874
0.327446
0.327337
0.327191
0.32692
0.326745
0.304237
0.303106
0.301951
0.300792
0.299762
0.298613
0.29695
0.273239
0.271491
0.269719
0.267959
0.266417
0.264727
0.26251
0.26078
0.258807
0.236936
0.23474
0.232573
0.230684
0.228625
0.22596
0.223897
0.22165
0.219443
0.21747
0.187649
0.185014
0.182438
0.180214
0.177814
0.174688
0.172346
0.16982
0.167469
0.16528
0.163085
0.160865
0.122141
0.119641
0.117221
0.115152
0.112938
0.110041
0.107942
0.1057
0.103634
0.101728
0.0998327
0.0979962
0.0962447
0.0945908
0.0659819
0.0643857
0.0626912
0.0604739
0.0589088
0.0572533
0.0557424
0.0543615
0.0530012
0.0516948
0.0504599
0.0493037
0.0481801
0.0258858
0.0250718
0.0242157
0.0234392
0.0227344
0.0220446
0.0213867
0.0207692
0.0201951
0.0196409
0.0190966
0.00862044
0.00833089
0.00805521
0.00779702
0.00755763
0.00732725
0.00710173
0.376127
0.378653
0.350914
0.352155
0.35324
0.326502
0.325952
0.325622
0.32522
0.298613
0.29695
0.295742
0.294404
0.293125
0.291903
0.26078
0.258807
0.257012
0.255318
0.253594
0.251886
0.223897
0.22165
0.219443
0.21747
0.215458
0.213478
0.211559
0.209718
0.16982
0.167469
0.16528
0.163085
0.160865
0.158799
0.156832
0.154889
0.152936
0.1057
0.103634
0.101728
0.0998327
0.0979962
0.0962447
0.0945908
0.0929137
0.0913035
0.0895854
0.0572533
0.0557424
0.0543615
0.0530012
0.0516948
0.0504599
0.0493037
0.0481801
0.047069
0.0459017
0.0446116
0.0242157
0.0234392
0.0227344
0.0220446
0.0213867
0.0207692
0.0201951
0.0196409
0.0190966
0.0185286
0.0179196
0.00862044
0.00833089
0.00805521
0.00779702
0.00755763
0.00732725
0.00710173
0.00686733
0.00661696
0.35561
0.356705
0.324804
0.324381
0.323907
0.323393
0.293125
0.291903
0.290642
0.289378
0.288139
0.257012
0.255318
0.253594
0.251886
0.250223
0.248615
0.247008
0.219443
0.21747
0.215458
0.213478
0.211559
0.209718
0.207887
0.206035
0.204042
0.16528
0.163085
0.160865
0.158799
0.156832
0.154889
0.152936
0.150851
0.148556
0.101728
0.0998327
0.0979962
0.0962447
0.0945908
0.0929137
0.0913035
0.0895854
0.0877126
0.085236
0.0543615
0.0530012
0.0516948
0.0504599
0.0493037
0.0481801
0.047069
0.0459017
0.0446116
0.0429605
0.0412119
0.0220446
0.0213867
0.0207692
0.0201951
0.0196409
0.0190966
0.0185286
0.0179196
0.0171289
0.0162937
0.00805521
0.00779702
0.00755763
0.00732725
0.00710173
0.00686733
0.00661696
0.00629455
0.00595954
