0.362079
0.365941
0.343329
0.344995
0.346486
0.326831
0.326715
0.326574
0.326316
0.326157
0.304128
0.303078
0.302005
0.300923
0.29996
0.298881
0.297308
0.275053
0.273324
0.271567
0.269818
0.268281
0.266595
0.264378
0.262643
0.260663
0.239373
0.23709
0.234836
0.232872
0.230731
0.227957
0.225814
0.223481
0.221196
0.21915
0.187468
0.184789
0.18217
0.179909
0.177468
0.174299
0.17192
0.169356
0.166971
0.164753
0.162531
0.160288
0.124543
0.121924
0.119391
0.117225
0.114908
0.111877
0.109685
0.107344
0.105187
0.103198
0.101222
0.0993087
0.0974856
0.0957658
0.0641387
0.0625906
0.0609505
0.0588077
0.0572969
0.0557
0.0542431
0.0529123
0.0516016
0.0503432
0.0491539
0.0480405
0.0469586
0.0260634
0.0252275
0.024351
0.0235579
0.0228388
0.0221358
0.0214657
0.0208369
0.0202523
0.019688
0.0191339
0.00718576
0.00695109
0.00672808
0.00651941
0.00632591
0.00613962
0.00595711
0.377857
0.380366
0.350501
0.351725
0.35278
0.325937
0.32543
0.325131
0.324763
0.298881
0.297308
0.296164
0.294894
0.293676
0.292507
0.262643
0.260663
0.258859
0.257157
0.255422
0.253702
0.225814
0.223481
0.221196
0.21915
0.217069
0.215022
0.213039
0.211139
0.169356
0.166971
0.164753
0.162531
0.160288
0.158201
0.156216
0.154259
0.152293
0.107344
0.105187
0.103198
0.101222
0.0993087
0.0974856
0.0957658
0.0940257
0.0923547
0.0905749
0.0557
0.0542431
0.0529123
0.0516016
0.0503432
0.0491539
0.0480405
0.0469586
0.0458888
0.0447648
0.0435224
0.024351
0.0235579
0.0228388
0.0221358
0.0214657
0.0208369
0.0202523
0.019688
0.0191339
0.0185558
0.0179358
0.00718576
0.00695109
0.00672808
0.00651941
0.00632591
0.00613962
0.00595711
0.00576717
0.005564
0.355105
0.35618
0.324381
0.323988
0.323546
0.323062
0.293676
0.292507
0.291298
0.29008
0.288882
0.258859
0.257157
0.255422
0.253702
0.252024
0.250401
0.248776
0.221196
0.21915
0.217069
0.215022
0.213039
0.211139
0.209251
0.207342
0.205288
0.164753
0.162531
0.160288
0.158201
0.156216
0.154259
0.152293
0.150196
0.147892
0.103198
0.101222
0.0993087
0.0974856
0.0957658
0.0940257
0.0923547
0.0905749
0.0886377
0.0860802
0.0529123
0.0516016
0.0503432
0.0491539
0.0480405
0.0469586
0.0458888
0.0447648
0.0435224
0.0419328
0.0402501
0.0221358
0.0214657
0.0208369
0.0202523
0.019688
0.0191339
0.0185558
0.0179358
0.0171311
0.0162815
0.00672808
0.00651941
0.00632591
0.00613962
0.00595711
0.00576717
0.005564
0.00530178
0.00502846
