0.36842
0.372054
0.349431
0.350701
0.351878
0.327506
0.327407
0.327285
0.327046
0.326905
0.3051
0.3041
0.303072
0.302031
0.301099
0.300051
0.298519
0.277843
0.276062
0.274249
0.272442
0.270854
0.26911
0.266818
0.265022
0.262975
0.241372
0.238964
0.23659
0.234524
0.232276
0.229364
0.227123
0.224688
0.22231
0.22018
0.18635
0.183658
0.181028
0.178759
0.176311
0.173139
0.170756
0.168188
0.165802
0.163584
0.161363
0.159122
0.121736
0.119258
0.116858
0.114806
0.112609
0.109745
0.107659
0.10543
0.103376
0.101481
0.0995972
0.0977726
0.0960332
0.0943916
0.0669637
0.0653912
0.0637229
0.061544
0.0600007
0.0583668
0.0568741
0.0555085
0.0541619
0.0528675
0.0516428
0.0504952
0.049379
0.0283636
0.0274816
0.026555
0.0257148
0.0249516
0.0242042
0.0234904
0.0228195
0.0221946
0.0215906
0.0209964
0.00873697
0.00839796
0.00807768
0.00777969
0.0075049
0.00724178
0.0069854
0.382992
0.385259
0.355115
0.356117
0.356936
0.326705
0.326222
0.325942
0.325596
0.300051
0.298519
0.297396
0.296145
0.294942
0.293785
0.265022
0.262975
0.261109
0.259348
0.257553
0.255773
0.227123
0.224688
0.22231
0.22018
0.218017
0.215892
0.213837
0.211869
0.168188
0.165802
0.163584
0.161363
0.159122
0.157039
0.155058
0.153105
0.151146
0.10543
0.103376
0.101481
0.0995972
0.0977726
0.0960332
0.0943916
0.0927273
0.0911313
0.0894298
0.0583668
0.0568741
0.0555085
0.0541619
0.0528675
0.0516428
0.0504952
0.049379
0.0482745
0.0471132
0.0458277
0.026555
0.0257148
0.0249516
0.0242042
0.0234904
0.0228195
0.0221946
0.0215906
0.0209964
0.0203755
0.0197085
0.00873697
0.00839796
0.00807768
0.00777969
0.0075049
0.00724178
0.0069854
0.00672013
0.00643818
0.358862
0.359754
0.325232
0.324856
0.32443
0.32396
0.294942
0.293785
0.292585
0.291374
0.29018
0.261109
0.259348
0.257553
0.255773
0.254038
0.25236
0.250682
0.22231
0.22018
0.218017
0.215892
0.213837
0.211869
0.209916
0.207944
0.205824
0.163584
0.161363
0.159122
0.157039
0.155058
0.153105
0.151146
0.149056
0.14676
0.101481
0.0995972
0.0977726
0.0960332
0.0943916
0.0927273
0.0911313
0.0894298
0.0875766
0.0851283
0.0555085
0.0541619
0.0528675
0.0516428
0.0504952
0.049379
0.0482745
0.0471132
0.0458277
0.0441825
0.0424389
0.0242042
0.0234904
0.0228195
0.0221946
0.0215906
0.0209964
0.0203755
0.0197085
0.0188408
0.0179223
0.00807768
0.00777969
0.0075049
0.00724178
0.0069854
0.00672013
0.00643818
0.00607713
0.00570442
