0.362573
0.366388
0.347906
0.349341
0.350652
0.326756
0.326475
0.326177
0.325772
0.325492
0.29743
0.296796
0.296112
0.295387
0.294716
0.293935
0.292747
0.27814
0.276238
0.274309
0.272395
0.270719
0.268886
0.266489
0.26462
0.262499
0.240714
0.238293
0.235908
0.233835
0.231581
0.228667
0.226425
0.223991
0.221615
0.21949
0.187096
0.184428
0.181822
0.179574
0.177147
0.173995
0.17163
0.16908
0.166708
0.164503
0.162294
0.160063
0.122948
0.120393
0.117923
0.115814
0.113559
0.110612
0.108483
0.106212
0.104121
0.102195
0.100281
0.098428
0.0966612
0.0949937
0.0644345
0.0629057
0.0612849
0.0591601
0.0576654
0.0560843
0.0546409
0.0533216
0.0520215
0.0507727
0.0495919
0.0484861
0.0474111
0.0263041
0.0255176
0.0246905
0.02394
0.0232576
0.0225888
0.0219497
0.0213484
0.020788
0.0202459
0.0197122
0.00907789
0.00877293
0.00848302
0.00821167
0.00796
0.00771768
0.00748026
0.377971
0.380382
0.354243
0.355352
0.356288
0.325148
0.324468
0.324068
0.3236
0.293935
0.292747
0.291853
0.290838
0.289845
0.288876
0.26462
0.262499
0.26057
0.258754
0.25691
0.255087
0.226425
0.223991
0.221615
0.21949
0.217332
0.215215
0.213168
0.21121
0.16908
0.166708
0.164503
0.162294
0.160063
0.157989
0.156016
0.15407
0.152117
0.106212
0.104121
0.102195
0.100281
0.098428
0.0966612
0.0949937
0.0933042
0.0916827
0.0899542
0.0560843
0.0546409
0.0533216
0.0520215
0.0507727
0.0495919
0.0484861
0.0474111
0.0463477
0.0452302
0.0439938
0.0246905
0.02394
0.0232576
0.0225888
0.0219497
0.0213484
0.020788
0.0202459
0.0197122
0.0191542
0.0185543
0.00907789
0.00877293
0.00848302
0.00821167
0.00796
0.00771768
0.00748026
0.0072332
0.00696896
0.358402
0.359377
0.323131
0.322662
0.322148
0.321597
0.289845
0.288876
0.287858
0.28682
0.285786
0.26057
0.258754
0.25691
0.255087
0.253315
0.251607
0.249902
0.221615
0.21949
0.217332
0.215215
0.213168
0.21121
0.209269
0.207311
0.205208
0.164503
0.162294
0.160063
0.157989
0.156016
0.15407
0.152117
0.150033
0.147743
0.102195
0.100281
0.098428
0.0966612
0.0949937
0.0933042
0.0916827
0.0899542
0.0880718
0.0855849
0.0533216
0.0520215
0.0507727
0.0495919
0.0484861
0.0474111
0.0463477
0.0452302
0.0439938
0.0424119
0.0407359
0.0225888
0.0219497
0.0213484
0.020788
0.0202459
0.0197122
0.0191542
0.0185543
0.0177727
0.0169436
0.00848302
0.00821167
0.00796
0.00771768
0.00748026
0.0072332
0.00696896
0.00662802
0.00627282
