0.361458
0.36541
0.345571
0.347033
0.348369
0.324972
0.324956
0.324895
0.3247
0.324584
0.303223
0.302142
0.301035
0.299919
0.298925
0.297811
0.296204
0.27467
0.272873
0.271054
0.269249
0.267669
0.26594
0.263676
0.261907
0.259893
0.237815
0.235544
0.233305
0.231358
0.229238
0.226497
0.22438
0.222079
0.219823
0.217807
0.186392
0.183827
0.181313
0.17914
0.176791
0.173739
0.171439
0.168957
0.166645
0.164493
0.162334
0.16015
0.125132
0.122547
0.120048
0.117913
0.11563
0.112645
0.11048
0.108165
0.10603
0.10406
0.102101
0.100202
0.098392
0.0966831
0.0664574
0.0648143
0.0630744
0.060806
0.0592081
0.0575221
0.0559872
0.0545876
0.0532113
0.0518916
0.0506456
0.0494798
0.0483477
0.025761
0.0249812
0.024159
0.0234112
0.0227307
0.0220633
0.0214253
0.0208253
0.0202663
0.0197258
0.0191939
0.00813657
0.00786504
0.00760621
0.00736354
0.00713827
0.00692125
0.0067086
0.377425
0.379924
0.352086
0.35325
0.354246
0.3244
0.323912
0.323632
0.32328
0.297811
0.296204
0.295023
0.293713
0.292457
0.291256
0.261907
0.259893
0.258061
0.256333
0.254576
0.252836
0.22438
0.222079
0.219823
0.217807
0.215755
0.213737
0.211783
0.209911
0.168957
0.166645
0.164493
0.162334
0.16015
0.158117
0.156181
0.154269
0.152348
0.108165
0.10603
0.10406
0.102101
0.100202
0.098392
0.0966831
0.0949518
0.0932894
0.0915167
0.0575221
0.0559872
0.0545876
0.0532113
0.0518916
0.0506456
0.0494798
0.0483477
0.0472289
0.0460542
0.0447569
0.024159
0.0234112
0.0227307
0.0220633
0.0214253
0.0208253
0.0202663
0.0197258
0.0191939
0.0186379
0.0180405
0.00813657
0.00786504
0.00760621
0.00736354
0.00713827
0.00692125
0.0067086
0.00648736
0.00625079
0.356496
0.357539
0.322908
0.322523
0.322086
0.321607
0.292457
0.291256
0.290014
0.288767
0.287542
0.258061
0.256333
0.254576
0.252836
0.251141
0.249504
0.247868
0.219823
0.217807
0.215755
0.213737
0.211783
0.209911
0.208051
0.206171
0.204149
0.164493
0.162334
0.16015
0.158117
0.156181
0.154269
0.152348
0.150296
0.148039
0.10406
0.102101
0.100202
0.098392
0.0966831
0.0949518
0.0932894
0.0915167
0.0895855
0.0870336
0.0545876
0.0532113
0.0518916
0.0506456
0.0494798
0.0483477
0.0472289
0.0460542
0.0447569
0.0430974
0.0413415
0.0220633
0.0214253
0.0208253
0.0202663
0.0197258
0.0191939
0.0186379
0.0180405
0.0172629
0.0164388
0.00760621
0.00736354
0.00713827
0.00692125
0.0067086
0.00648736
0.00625079
0.0059458
0.00562846
