0.363936
0.367638
0.347402
0.348889
0.350255
0.327794
0.327793
0.32777
0.327626
0.327566
0.304611
0.303639
0.302641
0.30163
0.300723
0.299702
0.298183
0.275491
0.273767
0.272011
0.270262
0.268724
0.267034
0.264804
0.263064
0.261078
0.238972
0.236686
0.234429
0.232462
0.230317
0.227541
0.225394
0.223059
0.22077
0.218723
0.187091
0.184476
0.181914
0.1797
0.177306
0.174206
0.171864
0.169337
0.166984
0.164794
0.162599
0.16038
0.125752
0.123142
0.120613
0.118451
0.116135
0.113114
0.110916
0.108568
0.106404
0.104408
0.102424
0.100504
0.0986731
0.0969461
0.067007
0.0653828
0.0636621
0.0614197
0.0598336
0.0581566
0.0566265
0.0552286
0.0538517
0.0525298
0.0512804
0.050111
0.0489748
0.0273311
0.0264665
0.0255592
0.0247374
0.0239917
0.023262
0.0225658
0.0219119
0.0213035
0.0207157
0.020138
0.00819765
0.00789047
0.00759971
0.00732869
0.00707833
0.00683819
0.00660382
0.378937
0.3813
0.354056
0.355242
0.356271
0.327451
0.327046
0.326847
0.326585
0.299702
0.298183
0.297089
0.29587
0.294696
0.293564
0.263064
0.261078
0.259268
0.257559
0.255815
0.254086
0.225394
0.223059
0.22077
0.218723
0.216639
0.214591
0.212607
0.210705
0.169337
0.166984
0.164794
0.162599
0.16038
0.158317
0.156353
0.154415
0.152469
0.108568
0.106404
0.104408
0.102424
0.100504
0.0986731
0.0969461
0.0951977
0.0935198
0.0917321
0.0581566
0.0566265
0.0552286
0.0538517
0.0525298
0.0512804
0.050111
0.0489748
0.0478518
0.0466722
0.0453688
0.0255592
0.0247374
0.0239917
0.023262
0.0225658
0.0219119
0.0213035
0.0207157
0.020138
0.0195348
0.0188873
0.00819765
0.00789047
0.00759971
0.00732869
0.00707833
0.00683819
0.00660382
0.00636089
0.00610219
0.35857
0.35964
0.326297
0.325988
0.325625
0.325212
0.294696
0.293564
0.292388
0.291199
0.290025
0.259268
0.257559
0.255815
0.254086
0.252398
0.250764
0.249128
0.22077
0.218723
0.216639
0.214591
0.212607
0.210705
0.208816
0.206905
0.20485
0.164794
0.162599
0.16038
0.158317
0.156353
0.154415
0.152469
0.150391
0.148106
0.104408
0.102424
0.100504
0.0986731
0.0969461
0.0951977
0.0935198
0.0917321
0.0897861
0.0872167
0.0552286
0.0538517
0.0525298
0.0512804
0.050111
0.0489748
0.0478518
0.0466722
0.0453688
0.043702
0.0419385
0.023262
0.0225658
0.0219119
0.0213035
0.0207157
0.020138
0.0195348
0.0188873
0.0180459
0.0171563
0.00759971
0.00732869
0.00707833
0.00683819
0.00660382
0.00636089
0.00610219
0.00577017
0.00542649
