0.359758
0.363685
0.344717
0.346183
0.34752
0.324201
0.324148
0.324069
0.32387
0.323762
0.300748
0.299775
0.298778
0.297769
0.296867
0.295853
0.294353
0.272195
0.270528
0.268834
0.267148
0.265667
0.26404
0.261898
0.260222
0.258306
0.237118
0.234927
0.232763
0.230876
0.228819
0.226155
0.224091
0.221843
0.219635
0.21766
0.187809
0.185216
0.182675
0.180477
0.1781
0.175012
0.172685
0.170172
0.167831
0.165652
0.163466
0.161253
0.125344
0.122732
0.120204
0.118043
0.11573
0.112709
0.110516
0.108174
0.106016
0.104026
0.102049
0.100135
0.0983109
0.0965901
0.0664864
0.0648834
0.0631847
0.0609705
0.0594047
0.0577494
0.056239
0.0548591
0.0534999
0.0521947
0.0509611
0.0498063
0.0486842
0.0271079
0.026268
0.0253857
0.024586
0.0238599
0.0231492
0.0224709
0.0218337
0.0212405
0.0206674
0.0201038
0.0087952
0.0084862
0.00819275
0.00791846
0.00766445
0.00742025
0.0071814
0.375564
0.378032
0.351205
0.352347
0.353315
0.323596
0.323133
0.322888
0.322579
0.295853
0.294353
0.293271
0.292067
0.290908
0.289795
0.260222
0.258306
0.256562
0.254914
0.253233
0.251565
0.224091
0.221843
0.219635
0.21766
0.215648
0.213668
0.211748
0.209906
0.170172
0.167831
0.165652
0.163466
0.161253
0.159195
0.157235
0.155299
0.153354
0.108174
0.106016
0.104026
0.102049
0.100135
0.0983109
0.0965901
0.0948482
0.0931763
0.0913952
0.0577494
0.056239
0.0548591
0.0534999
0.0521947
0.0509611
0.0498063
0.0486842
0.0475748
0.0464094
0.0451213
0.0253857
0.024586
0.0238599
0.0231492
0.0224709
0.0218337
0.0212405
0.0206674
0.0201038
0.0195152
0.0188831
0.0087952
0.0084862
0.00819275
0.00791846
0.00766445
0.00742025
0.0071814
0.0069333
0.00666848
0.355517
0.356539
0.32225
0.321906
0.321511
0.321072
0.290908
0.289795
0.288638
0.287472
0.286323
0.256562
0.254914
0.253233
0.251565
0.249937
0.24836
0.246781
0.219635
0.21766
0.215648
0.213668
0.211748
0.209906
0.208073
0.206219
0.204222
0.165652
0.163466
0.161253
0.159195
0.157235
0.155299
0.153354
0.151276
0.14899
0.104026
0.102049
0.100135
0.0983109
0.0965901
0.0948482
0.0931763
0.0913952
0.0894562
0.0868962
0.0548591
0.0534999
0.0521947
0.0509611
0.0498063
0.0486842
0.0475748
0.0464094
0.0451213
0.0434739
0.0417302
0.0231492
0.0224709
0.0218337
0.0212405
0.0206674
0.0201038
0.0195152
0.0188831
0.0180611
0.017191
0.00819275
0.00791846
0.00766445
0.00742025
0.0071814
0.0069333
0.00666848
0.00632764
0.00597368
