0.367251
0.370856
0.346694
0.34806
0.34933
0.322544
0.322604
0.322645
0.322568
0.322565
0.300673
0.299822
0.298935
0.298028
0.297209
0.296279
0.29488
0.27484
0.273154
0.271427
0.269699
0.268176
0.266498
0.264285
0.26255
0.260568
0.239421
0.237106
0.234818
0.232823
0.230647
0.227832
0.225654
0.223284
0.220965
0.218889
0.188226
0.185483
0.182807
0.180502
0.178016
0.174791
0.172374
0.169769
0.167348
0.165097
0.162844
0.160571
0.121428
0.118916
0.116489
0.114417
0.112204
0.109321
0.107235
0.105012
0.102967
0.101083
0.0992106
0.0973974
0.0956686
0.0940366
0.0652609
0.0637578
0.0621583
0.0600517
0.0585638
0.0569851
0.0555399
0.0542161
0.0529094
0.0516523
0.0504622
0.0493465
0.0482606
0.0275656
0.0267011
0.0257917
0.0249662
0.0242158
0.0234804
0.022778
0.0221177
0.0215029
0.0209088
0.0203248
0.00870762
0.00837655
0.00806327
0.00777137
0.00750185
0.00724348
0.00699148
0.38188
0.384188
0.352896
0.354017
0.35495
0.322514
0.322189
0.322057
0.32187
0.296279
0.29488
0.293868
0.292735
0.291638
0.290579
0.26255
0.260568
0.25876
0.257052
0.25531
0.253581
0.225654
0.223284
0.220965
0.218889
0.216778
0.214703
0.212696
0.210773
0.169769
0.167348
0.165097
0.162844
0.160571
0.158458
0.156448
0.154468
0.15248
0.105012
0.102967
0.101083
0.0992106
0.0973974
0.0956686
0.0940366
0.0923816
0.0907936
0.0890998
0.0569851
0.0555399
0.0542161
0.0529094
0.0516523
0.0504622
0.0493465
0.0482606
0.0471853
0.0460539
0.0448003
0.0257917
0.0249662
0.0242158
0.0234804
0.022778
0.0221177
0.0215029
0.0209088
0.0203248
0.0197148
0.01906
0.00870762
0.00837655
0.00806327
0.00777137
0.00750185
0.00724348
0.00699148
0.00673047
0.00645276
0.357144
0.358166
0.321654
0.321413
0.321118
0.320772
0.291638
0.290579
0.289475
0.288357
0.28725
0.25876
0.257052
0.25531
0.253581
0.251896
0.250267
0.248636
0.220965
0.218889
0.216778
0.214703
0.212696
0.210773
0.208864
0.206938
0.204868
0.165097
0.162844
0.160571
0.158458
0.156448
0.154468
0.15248
0.150361
0.148033
0.101083
0.0992106
0.0973974
0.0956686
0.0940366
0.0923816
0.0907936
0.0890998
0.087254
0.0848132
0.0542161
0.0529094
0.0516523
0.0504622
0.0493465
0.0482606
0.0471853
0.0460539
0.0448003
0.043194
0.0414889
0.0234804
0.022778
0.0221177
0.0215029
0.0209088
0.0203248
0.0197148
0.01906
0.0182092
0.0173098
0.00806327
0.00777137
0.00750185
0.00724348
0.00699148
0.00673047
0.00645276
0.00609676
0.00572883
