0.361058
0.364778
0.342676
0.344174
0.345548
0.325154
0.325217
0.325246
0.325143
0.325108
0.304709
0.303594
0.302447
0.301288
0.300257
0.299104
0.297437
0.273855
0.272123
0.270361
0.268606
0.267064
0.265369
0.263138
0.261389
0.259393
0.238441
0.236109
0.233811
0.231814
0.229641
0.226835
0.224671
0.222319
0.22002
0.217965
0.185822
0.183202
0.180641
0.17843
0.176042
0.172934
0.170605
0.168092
0.165754
0.163578
0.161398
0.159193
0.122121
0.119577
0.117118
0.115016
0.11277
0.109828
0.107703
0.105434
0.103344
0.101417
0.0995032
0.0976497
0.0958834
0.0942166
0.0640649
0.0625261
0.060896
0.0587625
0.0572618
0.0556756
0.0542283
0.0529059
0.0516033
0.0503523
0.0491697
0.0480622
0.0469857
0.0255176
0.0247307
0.0239048
0.0231565
0.0224772
0.0218124
0.0211778
0.0205815
0.0200262
0.0194895
0.0189617
0.00801625
0.00773992
0.0074775
0.00723212
0.00700474
0.00678598
0.00657183
0.376164
0.378548
0.349399
0.350609
0.351672
0.325013
0.324637
0.32444
0.324177
0.299104
0.297437
0.296226
0.294888
0.293607
0.292384
0.261389
0.259393
0.257573
0.255856
0.254106
0.252372
0.224671
0.222319
0.22002
0.217965
0.215876
0.213824
0.211838
0.209936
0.168092
0.165754
0.163578
0.161398
0.159193
0.157143
0.155191
0.153265
0.151332
0.105434
0.103344
0.101417
0.0995032
0.0976497
0.0958834
0.0942166
0.092529
0.090909
0.0891827
0.0556756
0.0542283
0.0529059
0.0516033
0.0503523
0.0491697
0.0480622
0.0469857
0.0459211
0.0448024
0.0435653
0.0239048
0.0231565
0.0224772
0.0218124
0.0211778
0.0205815
0.0200262
0.0194895
0.0189617
0.0184102
0.0178177
0.00801625
0.00773992
0.0074775
0.00723212
0.00700474
0.00678598
0.00657183
0.00634916
0.00611123
0.354026
0.355123
0.323886
0.323573
0.323206
0.32279
0.293607
0.292384
0.291121
0.289853
0.288608
0.257573
0.255856
0.254106
0.252372
0.250683
0.24905
0.247419
0.22002
0.217965
0.215876
0.213824
0.211838
0.209936
0.208048
0.206142
0.204092
0.163578
0.161398
0.159193
0.157143
0.155191
0.153265
0.151332
0.149268
0.146998
0.101417
0.0995032
0.0976497
0.0958834
0.0942166
0.092529
0.090909
0.0891827
0.0873031
0.0848209
0.0529059
0.0516033
0.0503523
0.0491697
0.0480622
0.0469857
0.0459211
0.0448024
0.0435653
0.0419824
0.0403062
0.0218124
0.0211778
0.0205815
0.0200262
0.0194895
0.0189617
0.0184102
0.0178177
0.0170468
0.0162303
0.0074775
0.00723212
0.00700474
0.00678598
0.00657183
0.00634916
0.00611123
0.00580453
0.00548539
