0.359906
0.363722
0.343593
0.345133
0.34654
0.324962
0.325
0.32501
0.324896
0.324859
0.303572
0.302608
0.301611
0.300597
0.299687
0.29866
0.297138
0.275294
0.273547
0.271769
0.269997
0.268439
0.266728
0.264472
0.262714
0.260709
0.238337
0.236038
0.233775
0.231807
0.229667
0.226896
0.224761
0.222438
0.220163
0.218127
0.185937
0.183341
0.180802
0.178611
0.176245
0.173171
0.170863
0.168373
0.166057
0.163902
0.161741
0.159556
0.123454
0.120924
0.118472
0.116372
0.114124
0.111179
0.109043
0.10676
0.104654
0.102711
0.10078
0.0989089
0.097125
0.0954412
0.0656594
0.0640844
0.0624153
0.0602393
0.0586995
0.057071
0.0555847
0.0542263
0.052888
0.0516028
0.0503878
0.0492502
0.0481447
0.0276002
0.0267514
0.0258585
0.0250479
0.0243108
0.0235881
0.0228972
0.0222471
0.0216412
0.0210549
0.0204777
0.00904123
0.00865488
0.00829073
0.00795273
0.00764181
0.00734481
0.00705617
0.375366
0.3778
0.350451
0.351673
0.352741
0.324767
0.324397
0.324219
0.323979
0.29866
0.297138
0.296037
0.29481
0.293629
0.292492
0.262714
0.260709
0.258882
0.257159
0.255403
0.253662
0.224761
0.222438
0.220163
0.218127
0.216056
0.214021
0.21205
0.210161
0.168373
0.166057
0.163902
0.161741
0.159556
0.157524
0.155588
0.153678
0.151758
0.10676
0.104654
0.102711
0.10078
0.0989089
0.097125
0.0954412
0.0937353
0.0920978
0.0903523
0.057071
0.0555847
0.0542263
0.052888
0.0516028
0.0503878
0.0492502
0.0481447
0.0470516
0.0459032
0.0446335
0.0258585
0.0250479
0.0243108
0.0235881
0.0228972
0.0222471
0.0216412
0.0210549
0.0204777
0.0198741
0.0192252
0.00904123
0.00865488
0.00829073
0.00795273
0.00764181
0.00734481
0.00705617
0.00675835
0.00644279
0.355114
0.35622
0.323712
0.323424
0.323083
0.322694
0.293629
0.292492
0.291311
0.29012
0.288946
0.258882
0.257159
0.255403
0.253662
0.251965
0.250325
0.248685
0.220163
0.218127
0.216056
0.214021
0.21205
0.210161
0.208284
0.206388
0.204348
0.163902
0.161741
0.159556
0.157524
0.155588
0.153678
0.151758
0.149707
0.147451
0.102711
0.10078
0.0989089
0.097125
0.0954412
0.0937353
0.0920978
0.0903523
0.0884512
0.0859394
0.0542263
0.052888
0.0516028
0.0503878
0.0492502
0.0481447
0.0470516
0.0459032
0.0446335
0.0430096
0.0412905
0.0235881
0.0228972
0.0222471
0.0216412
0.0210549
0.0204777
0.0198741
0.0192252
0.01838
0.0174844
0.00829073
0.00795273
0.00764181
0.00734481
0.00705617
0.00675835
0.00644279
0.00604035
0.00562706
