0.35999
0.36394
0.345438
0.34689
0.348216
0.32544
0.32537
0.325265
0.325033
0.324891
0.302762
0.301699
0.300609
0.29951
0.298531
0.297433
0.295845
0.274109
0.27235
0.270566
0.268794
0.26724
0.265537
0.263305
0.261559
0.259569
0.238002
0.235744
0.233517
0.231577
0.229465
0.226732
0.22462
0.222323
0.220071
0.218057
0.187065
0.184458
0.181907
0.179704
0.177323
0.17423
0.171905
0.169396
0.16706
0.164887
0.162707
0.160503
0.123995
0.121438
0.118963
0.116848
0.114584
0.111623
0.109477
0.107185
0.105073
0.103125
0.101189
0.0993139
0.0975266
0.0958399
0.066243
0.0646607
0.0629833
0.0607898
0.0592422
0.0576051
0.0561106
0.0547444
0.0533982
0.0521049
0.0508819
0.0497365
0.0486231
0.0269205
0.0260779
0.0251935
0.0243925
0.0236655
0.0229542
0.0222754
0.0216379
0.0210445
0.0204713
0.0199078
0.00823541
0.00794305
0.00766581
0.00740695
0.00716742
0.00693729
0.00671231
0.375905
0.37839
0.351885
0.353025
0.353998
0.324683
0.324171
0.323875
0.323508
0.297433
0.295845
0.294682
0.293392
0.292155
0.290971
0.261559
0.259569
0.257758
0.25605
0.254312
0.25259
0.22462
0.222323
0.220071
0.218057
0.216007
0.213992
0.21204
0.21017
0.169396
0.16706
0.164887
0.162707
0.160503
0.158453
0.1565
0.154574
0.152638
0.107185
0.105073
0.103125
0.101189
0.0993139
0.0975266
0.0958399
0.0941311
0.0924913
0.0907434
0.0576051
0.0561106
0.0547444
0.0533982
0.0521049
0.0508819
0.0497365
0.0486231
0.0475218
0.0463644
0.0450843
0.0251935
0.0243925
0.0236655
0.0229542
0.0222754
0.0216379
0.0210445
0.0204713
0.0199078
0.0193193
0.0186875
0.00823541
0.00794305
0.00766581
0.00740695
0.00716742
0.00693729
0.00671231
0.00647872
0.0062295
0.356191
0.357206
0.323125
0.322732
0.322288
0.321804
0.292155
0.290971
0.289747
0.288516
0.287307
0.257758
0.25605
0.254312
0.25259
0.250911
0.24929
0.247668
0.220071
0.218057
0.216007
0.213992
0.21204
0.21017
0.208311
0.206432
0.20441
0.164887
0.162707
0.160503
0.158453
0.1565
0.154574
0.152638
0.150571
0.148297
0.103125
0.101189
0.0993139
0.0975266
0.0958399
0.0941311
0.0924913
0.0907434
0.0888399
0.0863254
0.0547444
0.0533982
0.0521049
0.0508819
0.0497365
0.0486231
0.0475218
0.0463644
0.0450843
0.0434464
0.0417117
0.0229542
0.0222754
0.0216379
0.0210445
0.0204713
0.0199078
0.0193193
0.0186875
0.0178661
0.0169973
0.00766581
0.00740695
0.00716742
0.00693729
0.00671231
0.00647872
0.0062295
0.00590889
0.00557604
