0.367491
0.371154
0.349061
0.350507
0.351835
0.328966
0.328939
0.328875
0.328685
0.32858
0.306934
0.305899
0.30483
0.303746
0.302775
0.301683
0.300088
0.27819
0.276378
0.274541
0.272716
0.271115
0.269362
0.267063
0.265266
0.263219
0.240661
0.23836
0.236094
0.234123
0.231978
0.229209
0.227067
0.224737
0.222455
0.220414
0.189315
0.186701
0.184141
0.181928
0.179535
0.176425
0.174083
0.171555
0.1692
0.167007
0.164806
0.162579
0.126084
0.123398
0.1208
0.118581
0.116209
0.113108
0.110865
0.108474
0.106272
0.104243
0.10223
0.100281
0.0984262
0.096677
0.0648106
0.0632754
0.0616469
0.0595209
0.058015
0.0564213
0.0549658
0.0536351
0.0523235
0.0510632
0.0498714
0.0487551
0.0476699
0.0275172
0.0266619
0.0257629
0.0249475
0.0242065
0.0234805
0.022787
0.0221351
0.0215279
0.020941
0.0203637
0.0086416
0.00831358
0.00800318
0.00771394
0.00744682
0.00719068
0.00694077
0.382391
0.384746
0.355523
0.356673
0.357659
0.328414
0.327956
0.327701
0.327379
0.301683
0.300088
0.298922
0.297625
0.296379
0.295184
0.265266
0.263219
0.261357
0.2596
0.257812
0.256042
0.227067
0.224737
0.222455
0.220414
0.218338
0.216296
0.214319
0.212423
0.171555
0.1692
0.167007
0.164806
0.162579
0.160507
0.158532
0.156582
0.154622
0.108474
0.106272
0.104243
0.10223
0.100281
0.0984262
0.096677
0.0949086
0.0932109
0.0914036
0.0564213
0.0549658
0.0536351
0.0523235
0.0510632
0.0498714
0.0487551
0.0476699
0.0465964
0.0454682
0.0442201
0.0257629
0.0249475
0.0242065
0.0234805
0.022787
0.0221351
0.0215279
0.020941
0.0203637
0.0197605
0.0191126
0.0086416
0.00831358
0.00800318
0.00771394
0.00744682
0.00719068
0.00694077
0.00668182
0.00640618
0.359886
0.36092
0.327036
0.326677
0.326267
0.325811
0.296379
0.295184
0.293946
0.292701
0.291476
0.261357
0.2596
0.257812
0.256042
0.254317
0.252651
0.250986
0.222455
0.220414
0.218338
0.216296
0.214319
0.212423
0.21054
0.208636
0.206589
0.167007
0.164806
0.162579
0.160507
0.158532
0.156582
0.154622
0.152527
0.150221
0.104243
0.10223
0.100281
0.0984262
0.096677
0.0949086
0.0932109
0.0914036
0.0894372
0.0868424
0.0536351
0.0523235
0.0510632
0.0498714
0.0487551
0.0476699
0.0465964
0.0454682
0.0442201
0.0426232
0.0409318
0.0234805
0.022787
0.0221351
0.0215279
0.020941
0.0203637
0.0197605
0.0191126
0.01827
0.0173781
0.00800318
0.00771394
0.00744682
0.00719068
0.00694077
0.00668182
0.00640618
0.00605259
0.00568685
