0.361753
0.365592
0.345466
0.346947
0.348298
0.326384
0.326336
0.326258
0.326058
0.325947
0.303968
0.302912
0.301827
0.300731
0.299754
0.298658
0.297056
0.273664
0.271926
0.27016
0.268402
0.266859
0.265167
0.262945
0.261206
0.259223
0.239133
0.236862
0.234615
0.232654
0.230513
0.227727
0.225578
0.223237
0.220941
0.218884
0.185282
0.182568
0.17992
0.17764
0.175181
0.171983
0.169597
0.167027
0.164639
0.162421
0.1602
0.157961
0.118832
0.116382
0.114012
0.111986
0.109819
0.106984
0.104932
0.102741
0.100722
0.0988599
0.0970099
0.0952182
0.0935103
0.0918985
0.0638257
0.062309
0.0606999
0.0585923
0.0571061
0.0555333
0.0540968
0.0527833
0.0514885
0.0502442
0.0490673
0.0479647
0.0468926
0.02571
0.0248979
0.024046
0.0232748
0.0225753
0.0218911
0.0212388
0.0206263
0.0200566
0.0195065
0.0189661
0.00779628
0.00752713
0.00727166
0.00703289
0.00681175
0.00659911
0.00639105
0.377262
0.379695
0.352019
0.353173
0.354164
0.325776
0.325314
0.325058
0.324735
0.298658
0.297056
0.295893
0.294604
0.293366
0.29218
0.261206
0.259223
0.257417
0.255713
0.253978
0.252257
0.225578
0.223237
0.220941
0.218884
0.216789
0.214727
0.212729
0.210814
0.167027
0.164639
0.162421
0.1602
0.157961
0.155878
0.153897
0.151945
0.149986
0.102741
0.100722
0.0988599
0.0970099
0.0952182
0.0935103
0.0918985
0.0902654
0.0886982
0.0870276
0.0555333
0.0540968
0.0527833
0.0514885
0.0502442
0.0490673
0.0479647
0.0468926
0.0458319
0.0447168
0.0434833
0.024046
0.0232748
0.0225753
0.0218911
0.0212388
0.0206263
0.0200566
0.0195065
0.0189661
0.018402
0.0177967
0.00779628
0.00752713
0.00727166
0.00703289
0.00681175
0.00659911
0.00639105
0.00617483
0.0059439
0.356387
0.357419
0.324392
0.324035
0.323626
0.323172
0.293366
0.29218
0.290952
0.289717
0.288503
0.257417
0.255713
0.253978
0.252257
0.250581
0.24896
0.247338
0.220941
0.218884
0.216789
0.214727
0.212729
0.210814
0.208909
0.206983
0.204911
0.162421
0.1602
0.157961
0.155878
0.153897
0.151945
0.149986
0.147896
0.145601
0.0988599
0.0970099
0.0952182
0.0935103
0.0918985
0.0902654
0.0886982
0.0870276
0.0852081
0.0828042
0.0527833
0.0514885
0.0502442
0.0490673
0.0479647
0.0468926
0.0458319
0.0447168
0.0434833
0.0419044
0.0402316
0.0218911
0.0212388
0.0206263
0.0200566
0.0195065
0.0189661
0.018402
0.0177967
0.0170103
0.0161791
0.00727166
0.00703289
0.00681175
0.00659911
0.00639105
0.00617483
0.0059439
0.00564647
0.00533723
