0.367914
0.371596
0.349719
0.351073
0.352322
0.329117
0.329081
0.329019
0.328837
0.328744
0.30779
0.30683
0.305839
0.304832
0.303929
0.30291
0.301414
0.281109
0.279368
0.277594
0.275824
0.274266
0.272554
0.270307
0.268541
0.266523
0.24546
0.2431
0.240774
0.23875
0.236547
0.233699
0.231497
0.229101
0.226753
0.224652
0.192294
0.189566
0.186898
0.184597
0.182111
0.178885
0.176462
0.173849
0.17142
0.169161
0.166897
0.164611
0.126249
0.123667
0.121167
0.119027
0.116737
0.113746
0.111571
0.109247
0.107105
0.105128
0.103164
0.101261
0.0994469
0.097735
0.0688702
0.0672408
0.0655121
0.0632537
0.061655
0.0599625
0.0584163
0.0570021
0.0556077
0.0542674
0.0529995
0.0518117
0.0506566
0.028638
0.0277267
0.0267708
0.0259054
0.0251204
0.0243526
0.0236205
0.022933
0.0222936
0.0216761
0.0210695
0.00844935
0.00814128
0.00784949
0.00757735
0.00732581
0.00708439
0.00684862
0.382729
0.385044
0.355778
0.356854
0.357758
0.328594
0.328171
0.327939
0.327643
0.30291
0.301414
0.300318
0.299096
0.297919
0.296786
0.268541
0.266523
0.264684
0.262948
0.261178
0.259423
0.231497
0.229101
0.226753
0.224652
0.222514
0.220413
0.218378
0.216427
0.173849
0.17142
0.169161
0.166897
0.164611
0.162484
0.160461
0.158465
0.15646
0.109247
0.107105
0.105128
0.103164
0.101261
0.0994469
0.097735
0.0960001
0.0943358
0.0925618
0.0599625
0.0584163
0.0570021
0.0556077
0.0542674
0.0529995
0.0518117
0.0506566
0.0495139
0.0483126
0.0469834
0.0267708
0.0259054
0.0251204
0.0243526
0.0236205
0.022933
0.0222936
0.0216761
0.0210695
0.0204363
0.0197568
0.00844935
0.00814128
0.00784949
0.00757735
0.00732581
0.00708439
0.00684862
0.00660409
0.0063435
0.359839
0.360807
0.327327
0.326995
0.326613
0.326186
0.297919
0.296786
0.29561
0.294423
0.293252
0.264684
0.262948
0.261178
0.259423
0.25771
0.256053
0.254395
0.226753
0.224652
0.222514
0.220413
0.218378
0.216427
0.214489
0.212531
0.210424
0.169161
0.166897
0.164611
0.162484
0.160461
0.158465
0.15646
0.15432
0.151967
0.105128
0.103164
0.101261
0.0994469
0.097735
0.0960001
0.0943358
0.0925618
0.0906298
0.0880775
0.0570021
0.0556077
0.0542674
0.0529995
0.0518117
0.0506566
0.0495139
0.0483126
0.0469834
0.0452824
0.0434804
0.0243526
0.0236205
0.022933
0.0222936
0.0216761
0.0210695
0.0204363
0.0197568
0.0188742
0.0179418
0.00784949
0.00757735
0.00732581
0.00708439
0.00684862
0.00660409
0.0063435
0.00600872
0.00566178
