0.361703
0.365522
0.343696
0.34505
0.346295
0.322376
0.322369
0.322332
0.322174
0.322099
0.301825
0.300837
0.299822
0.298794
0.297874
0.296839
0.295317
0.273664
0.271916
0.270144
0.268383
0.266838
0.265144
0.262914
0.261177
0.259197
0.236738
0.234498
0.232291
0.230369
0.228276
0.225563
0.223472
0.221196
0.218964
0.216968
0.185848
0.183254
0.180715
0.178523
0.176155
0.173075
0.170762
0.168268
0.165945
0.163784
0.161617
0.159424
0.122443
0.119938
0.117509
0.11543
0.113205
0.110296
0.108184
0.105927
0.103846
0.101927
0.100019
0.0981712
0.0964094
0.0947466
0.0662951
0.0647241
0.0630566
0.060877
0.0593323
0.0576959
0.0562004
0.0548327
0.0534844
0.0521888
0.0509634
0.0498157
0.0487
0.0275856
0.026716
0.0258032
0.0249763
0.024226
0.0234916
0.0227909
0.0221327
0.0215202
0.0209286
0.0203473
0.0086481
0.00833638
0.00804107
0.00776556
0.00751082
0.00726625
0.00702732
0.377019
0.3794
0.349726
0.350792
0.351676
0.321967
0.321563
0.321345
0.321066
0.296839
0.295317
0.294211
0.29298
0.291796
0.290658
0.261177
0.259197
0.257395
0.255694
0.253961
0.252242
0.223472
0.221196
0.218964
0.216968
0.214936
0.212937
0.210999
0.209141
0.168268
0.165945
0.163784
0.161617
0.159424
0.157385
0.155443
0.153526
0.151599
0.105927
0.103846
0.101927
0.100019
0.0981712
0.0964094
0.0947466
0.0930614
0.0914443
0.0897204
0.0576959
0.0562004
0.0548327
0.0534844
0.0521888
0.0509634
0.0498157
0.0487
0.0475964
0.0464366
0.0451538
0.0258032
0.0249763
0.024226
0.0234916
0.0227909
0.0221327
0.0215202
0.0209286
0.0203473
0.0197404
0.0190892
0.0086481
0.00833638
0.00804107
0.00776556
0.00751082
0.00726625
0.00702732
0.0067794
0.00651507
0.35374
0.3547
0.320763
0.320445
0.320076
0.319662
0.291796
0.290658
0.289477
0.288287
0.287115
0.257395
0.255694
0.253961
0.252242
0.250567
0.248948
0.247328
0.218964
0.216968
0.214936
0.212937
0.210999
0.209141
0.207294
0.205426
0.203416
0.163784
0.161617
0.159424
0.157385
0.155443
0.153526
0.151599
0.14954
0.147275
0.101927
0.100019
0.0981712
0.0964094
0.0947466
0.0930614
0.0914443
0.0897204
0.0878425
0.085361
0.0548327
0.0534844
0.0521888
0.0509634
0.0498157
0.0487
0.0475964
0.0464366
0.0451538
0.0435126
0.0417746
0.0234916
0.0227909
0.0221327
0.0215202
0.0209286
0.0203473
0.0197404
0.0190892
0.0182433
0.0173495
0.00804107
0.00776556
0.00751082
0.00726625
0.00702732
0.0067794
0.00651507
0.00617531
0.00582295
