0.37104
0.374548
0.353476
0.354806
0.356038
0.333057
0.332992
0.332893
0.332667
0.332533
0.310936
0.309813
0.308656
0.307485
0.30644
0.305268
0.303569
0.279483
0.277649
0.275796
0.273961
0.272356
0.270602
0.268307
0.266513
0.26447
0.24184
0.239558
0.23731
0.235355
0.233227
0.230483
0.228357
0.226046
0.223781
0.221758
0.191131
0.188519
0.185956
0.183737
0.181335
0.17821
0.175853
0.173306
0.170931
0.168719
0.166499
0.164252
0.128422
0.125686
0.12304
0.120779
0.118362
0.115205
0.112919
0.110479
0.108233
0.106163
0.104109
0.102121
0.100229
0.0984447
0.0655206
0.0639649
0.0623167
0.0601722
0.0586518
0.0570442
0.0555771
0.0542365
0.0529159
0.0516476
0.0504486
0.0493261
0.0482351
0.0287373
0.0278565
0.0269301
0.0260894
0.025325
0.0245757
0.0238596
0.0231859
0.022558
0.0219507
0.021353
0.00888728
0.00855381
0.00823827
0.00794423
0.00767267
0.00741226
0.00715816
0.385288
0.387539
0.35945
0.360513
0.361405
0.332335
0.331846
0.331559
0.331202
0.305268
0.303569
0.302331
0.300961
0.299648
0.298392
0.266513
0.26447
0.262609
0.260854
0.259067
0.257297
0.228357
0.226046
0.223781
0.221758
0.219698
0.217673
0.215711
0.213829
0.173306
0.170931
0.168719
0.166499
0.164252
0.16216
0.160167
0.158199
0.156221
0.110479
0.108233
0.106163
0.104109
0.102121
0.100229
0.0984447
0.0966412
0.09491
0.0930673
0.0570442
0.0555771
0.0542365
0.0529159
0.0516476
0.0504486
0.0493261
0.0482351
0.0471564
0.0460229
0.0447689
0.0269301
0.0260894
0.025325
0.0245757
0.0238596
0.0231859
0.022558
0.0219507
0.021353
0.020728
0.0200562
0.00888728
0.00855381
0.00823827
0.00794423
0.00767267
0.00741226
0.00715816
0.00689484
0.0066145
0.363453
0.364404
0.330825
0.330436
0.329993
0.329507
0.299648
0.298392
0.297095
0.295793
0.294514
0.262609
0.260854
0.259067
0.257297
0.255573
0.253908
0.252244
0.223781
0.221758
0.219698
0.217673
0.215711
0.213829
0.211959
0.210066
0.208028
0.168719
0.166499
0.164252
0.16216
0.160167
0.158199
0.156221
0.154107
0.15178
0.106163
0.104109
0.102121
0.100229
0.0984447
0.0966412
0.09491
0.0930673
0.0910629
0.0884189
0.0542365
0.0529159
0.0516476
0.0504486
0.0493261
0.0482351
0.0471564
0.0460229
0.0447689
0.0431655
0.0414676
0.0245757
0.0238596
0.0231859
0.022558
0.0219507
0.021353
0.020728
0.0200562
0.0191815
0.0182548
0.00823827
0.00794423
0.00767267
0.00741226
0.00715816
0.00689484
0.0066145
0.00625478
0.00588254
