0.36522
0.368873
0.346814
0.348146
0.349379
0.324503
0.324472
0.324419
0.324249
0.324166
0.302037
0.301114
0.300162
0.299195
0.298326
0.297345
0.295889
0.275415
0.273699
0.271951
0.270207
0.268673
0.266988
0.264765
0.263027
0.261043
0.239427
0.237099
0.234802
0.232803
0.230626
0.227805
0.225632
0.22327
0.220958
0.21889
0.185868
0.183272
0.180733
0.17854
0.176172
0.173104
0.170792
0.168298
0.165977
0.163817
0.161652
0.159463
0.124921
0.122396
0.119946
0.117846
0.115595
0.112646
0.110502
0.108208
0.10609
0.104135
0.10219
0.100303
0.098504
0.0968044
0.066165
0.0645567
0.0628505
0.0606147
0.0590395
0.0573728
0.0558509
0.0544596
0.0530887
0.0517719
0.0505271
0.0493617
0.0482293
0.025045
0.0243044
0.0235252
0.0228178
0.0221744
0.0215435
0.0209403
0.0203725
0.0198432
0.0193308
0.0188262
0.00877195
0.00846999
0.00818334
0.00791538
0.00766717
0.00742845
0.00719482
0.379932
0.382234
0.352801
0.353868
0.354753
0.324029
0.32361
0.323394
0.323117
0.297345
0.295889
0.294831
0.293652
0.292513
0.291416
0.263027
0.261043
0.259234
0.257526
0.255784
0.254055
0.225632
0.22327
0.220958
0.21889
0.216787
0.214721
0.212721
0.210805
0.168298
0.165977
0.163817
0.161652
0.159463
0.157427
0.155489
0.153577
0.151656
0.108208
0.10609
0.104135
0.10219
0.100303
0.098504
0.0968044
0.0950811
0.0934265
0.0916618
0.0573728
0.0558509
0.0544596
0.0530887
0.0517719
0.0505271
0.0493617
0.0482293
0.0471098
0.045934
0.0446355
0.0235252
0.0228178
0.0221744
0.0215435
0.0209403
0.0203725
0.0198432
0.0193308
0.0188262
0.0182983
0.0177304
0.00877195
0.00846999
0.00818334
0.00791538
0.00766717
0.00742845
0.00719482
0.00695199
0.00669259
0.356822
0.357784
0.322816
0.3225
0.322132
0.321718
0.292513
0.291416
0.290274
0.28912
0.287981
0.259234
0.257526
0.255784
0.254055
0.252368
0.250736
0.249103
0.220958
0.21889
0.216787
0.214721
0.212721
0.210805
0.208902
0.206979
0.204912
0.163817
0.161652
0.159463
0.157427
0.155489
0.153577
0.151656
0.149605
0.147349
0.104135
0.10219
0.100303
0.098504
0.0968044
0.0950811
0.0934265
0.0916618
0.0897387
0.0871963
0.0544596
0.0530887
0.0517719
0.0505271
0.0493617
0.0482293
0.0471098
0.045934
0.0446355
0.0429744
0.0412176
0.0215435
0.0209403
0.0203725
0.0198432
0.0193308
0.0188262
0.0182983
0.0177304
0.0169902
0.0162042
0.00818334
0.00791538
0.00766717
0.00742845
0.00719482
0.00695199
0.00669259
0.00635837
0.00601078
