0.36258
0.366416
0.346984
0.348485
0.349843
0.327435
0.327307
0.327158
0.326893
0.326729
0.303257
0.302254
0.301227
0.300191
0.299267
0.298231
0.296716
0.275512
0.27383
0.272111
0.270394
0.268881
0.267216
0.26502
0.263298
0.261328
0.240671
0.238327
0.236013
0.233998
0.231804
0.22896
0.226768
0.224385
0.222052
0.219965
0.186932
0.184255
0.181642
0.179388
0.176956
0.173798
0.171429
0.168876
0.166502
0.164294
0.162082
0.159849
0.122335
0.11983
0.117404
0.11533
0.11311
0.110209
0.108104
0.105856
0.103783
0.101872
0.0999731
0.0981333
0.0963792
0.0947234
0.0661014
0.0644872
0.062778
0.0605476
0.0589754
0.0573143
0.0557997
0.0544168
0.0530556
0.0517494
0.0505155
0.049361
0.0482398
0.027346
0.0264631
0.0255379
0.0247014
0.0239435
0.0232031
0.0224976
0.021836
0.0212213
0.0206281
0.0200459
0.00839199
0.00809876
0.00782037
0.00756011
0.00731903
0.00708717
0.00686027
0.378107
0.380548
0.35354
0.354679
0.355649
0.326504
0.325977
0.325673
0.3253
0.298231
0.296716
0.295615
0.294392
0.293216
0.292088
0.263298
0.261328
0.259533
0.257835
0.256103
0.254384
0.226768
0.224385
0.222052
0.219965
0.217842
0.215756
0.213737
0.211803
0.168876
0.166502
0.164294
0.162082
0.159849
0.157772
0.155797
0.153848
0.151893
0.105856
0.103783
0.101872
0.0999731
0.0981333
0.0963792
0.0947234
0.093045
0.0914344
0.0897171
0.0573143
0.0557997
0.0544168
0.0530556
0.0517494
0.0505155
0.049361
0.0482398
0.0471318
0.0459684
0.0446834
0.0255379
0.0247014
0.0239435
0.0232031
0.0224976
0.021836
0.0212213
0.0206281
0.0200459
0.0194388
0.0187881
0.00839199
0.00809876
0.00782037
0.00756011
0.00731903
0.00708717
0.00686027
0.00662444
0.00637256
0.357832
0.358843
0.324912
0.324515
0.324067
0.323576
0.293216
0.292088
0.290918
0.289739
0.288577
0.259533
0.257835
0.256103
0.254384
0.252707
0.251084
0.249458
0.222052
0.219965
0.217842
0.215756
0.213737
0.211803
0.209883
0.207942
0.205857
0.164294
0.162082
0.159849
0.157772
0.155797
0.153848
0.151893
0.149806
0.147512
0.101872
0.0999731
0.0981333
0.0963792
0.0947234
0.093045
0.0914344
0.0897171
0.0878463
0.0853741
0.0544168
0.0530556
0.0517494
0.0505155
0.049361
0.0482398
0.0471318
0.0459684
0.0446834
0.0430405
0.0413028
0.0232031
0.0224976
0.021836
0.0212213
0.0206281
0.0200459
0.0194388
0.0187881
0.0179437
0.0170529
0.00782037
0.00756011
0.00731903
0.00708717
0.00686027
0.00662444
0.00637256
0.00604811
0.00571079
