0.362218
0.365953
0.343865
0.345335
0.346685
0.323619
0.323687
0.323727
0.323643
0.323631
0.303499
0.302558
0.301584
0.300592
0.2997
0.298692
0.297197
0.276262
0.27449
0.272685
0.270886
0.269306
0.267572
0.265289
0.263508
0.26148
0.238805
0.236509
0.234243
0.23227
0.230122
0.227345
0.225199
0.222865
0.22058
0.218537
0.187911
0.185327
0.182799
0.180614
0.178253
0.175187
0.172874
0.170376
0.168047
0.165878
0.163701
0.161497
0.125166
0.122522
0.119967
0.117786
0.115455
0.112406
0.110205
0.107857
0.105696
0.103706
0.10173
0.0998181
0.0979973
0.0962799
0.0650495
0.0635008
0.0618583
0.0597081
0.0581915
0.0565867
0.0551212
0.0537813
0.0524608
0.051192
0.0499923
0.0488685
0.0477762
0.0265714
0.0257491
0.0248856
0.024103
0.0233924
0.0226967
0.0220327
0.0214086
0.0208277
0.0202662
0.0197141
0.00846004
0.0081622
0.00787968
0.00761577
0.00737148
0.0071367
0.0069071
0.377347
0.379728
0.350448
0.351625
0.352638
0.323568
0.323239
0.323088
0.322877
0.298692
0.297197
0.296111
0.2949
0.293732
0.292608
0.263508
0.26148
0.259632
0.257889
0.256115
0.254357
0.225199
0.222865
0.22058
0.218537
0.21646
0.214419
0.212444
0.210553
0.170376
0.168047
0.165878
0.163701
0.161497
0.159447
0.157493
0.155565
0.153626
0.107857
0.105696
0.103706
0.10173
0.0998181
0.0979973
0.0962799
0.0945421
0.092874
0.0910971
0.0565867
0.0551212
0.0537813
0.0524608
0.051192
0.0499923
0.0488685
0.0477762
0.0466957
0.0455602
0.0443043
0.0248856
0.024103
0.0233924
0.0226967
0.0220327
0.0214086
0.0208277
0.0202662
0.0197141
0.0191374
0.0185179
0.00846004
0.0081622
0.00787968
0.00761577
0.00737148
0.0071367
0.0069071
0.00666863
0.0064141
0.35493
0.355997
0.322638
0.322375
0.322059
0.321694
0.293732
0.292608
0.291439
0.29026
0.289097
0.259632
0.257889
0.256115
0.254357
0.252645
0.250991
0.249338
0.22058
0.218537
0.21646
0.214419
0.212444
0.210553
0.208675
0.206778
0.204739
0.165878
0.163701
0.161497
0.159447
0.157493
0.155565
0.153626
0.151556
0.149277
0.103706
0.10173
0.0998181
0.0979973
0.0962799
0.0945421
0.092874
0.0910971
0.0891628
0.0866089
0.0537813
0.0524608
0.051192
0.0499923
0.0488685
0.0477762
0.0466957
0.0455602
0.0443043
0.0426974
0.0409955
0.0226967
0.0220327
0.0214086
0.0208277
0.0202662
0.0197141
0.0191374
0.0185179
0.0177123
0.0168596
0.00787968
0.00761577
0.00737148
0.0071367
0.0069071
0.00666863
0.0064141
0.0060865
0.00574624
