0.364591
0.368346
0.345714
0.347142
0.348447
0.327047
0.327024
0.326971
0.326793
0.326701
0.30687
0.305845
0.304792
0.303728
0.302778
0.301709
0.30015
0.278516
0.276719
0.2749
0.273093
0.27151
0.269775
0.267499
0.265721
0.263696
0.24111
0.23883
0.23658
0.234621
0.232487
0.229725
0.227591
0.225268
0.22299
0.220953
0.18982
0.187166
0.184567
0.182321
0.179892
0.176735
0.17436
0.171798
0.169412
0.167191
0.164964
0.162712
0.125358
0.122746
0.120217
0.118055
0.115741
0.112719
0.110526
0.108184
0.106025
0.104035
0.102059
0.100145
0.0983215
0.0966015
0.0668057
0.0652138
0.0635255
0.0613222
0.0597621
0.0581111
0.0566033
0.0552247
0.0538658
0.0525601
0.0513253
0.0501687
0.0490444
0.0278901
0.0270029
0.0260718
0.0252284
0.0244631
0.0237142
0.0229997
0.0223286
0.0217041
0.021101
0.0205082
0.00813681
0.00782678
0.00753352
0.00726033
0.00700811
0.00676634
0.0065305
0.379696
0.382053
0.352032
0.353143
0.354091
0.326549
0.326127
0.325887
0.325582
0.301709
0.30015
0.299009
0.297741
0.296521
0.29535
0.265721
0.263696
0.261852
0.260113
0.258342
0.256587
0.227591
0.225268
0.22299
0.220953
0.218879
0.216839
0.214862
0.212966
0.171798
0.169412
0.167191
0.164964
0.162712
0.160617
0.158622
0.156653
0.154675
0.108184
0.106025
0.104035
0.102059
0.100145
0.0983215
0.0966015
0.0948606
0.0931898
0.0914101
0.0581111
0.0566033
0.0552247
0.0538658
0.0525601
0.0513253
0.0501687
0.0490444
0.0479323
0.0467636
0.0454709
0.0260718
0.0252284
0.0244631
0.0237142
0.0229997
0.0223286
0.0217041
0.021101
0.0205082
0.0198893
0.019225
0.00813681
0.00782678
0.00753352
0.00726033
0.00700811
0.00676634
0.0065305
0.00628621
0.00602623
0.356234
0.35723
0.325254
0.324913
0.32452
0.324083
0.296521
0.29535
0.294136
0.292913
0.29171
0.261852
0.260113
0.258342
0.256587
0.254876
0.253221
0.251567
0.22299
0.220953
0.218879
0.216839
0.214862
0.212966
0.211082
0.209176
0.207124
0.167191
0.164964
0.162712
0.160617
0.158622
0.156653
0.154675
0.152563
0.150239
0.104035
0.102059
0.100145
0.0983215
0.0966015
0.0948606
0.0931898
0.0914101
0.0894729
0.0869153
0.0552247
0.0538658
0.0525601
0.0513253
0.0501687
0.0490444
0.0479323
0.0467636
0.0454709
0.0438171
0.0420657
0.0237142
0.0229997
0.0223286
0.0217041
0.021101
0.0205082
0.0198893
0.019225
0.0183618
0.0174496
0.00753352
0.00726033
0.00700811
0.00676634
0.0065305
0.00628621
0.00602623
0.00569283
0.00534806
