0.357915
0.362033
0.342518
0.344116
0.345558
0.325027
0.324979
0.324888
0.324669
0.324537
0.30456
0.303508
0.302415
0.301306
0.300312
0.299195
0.29759
0.2776
0.275793
0.273953
0.272119
0.270508
0.268739
0.266434
0.264616
0.262548
0.241886
0.239511
0.237178
0.235152
0.232949
0.230104
0.227908
0.22552
0.223183
0.221093
0.188789
0.18604
0.183362
0.18106
0.17858
0.175358
0.17296
0.170381
0.167987
0.165763
0.163536
0.161288
0.120644
0.118233
0.115894
0.113889
0.111739
0.108913
0.106867
0.10468
0.102661
0.100797
0.0989434
0.0971463
0.095432
0.0938129
0.0640641
0.0626752
0.0611947
0.0592504
0.0578656
0.0563932
0.0550424
0.0538021
0.0525749
0.0513913
0.0502682
0.0492128
0.0481838
0.0294731
0.0285695
0.0276198
0.0267584
0.0259758
0.025209
0.0244766
0.0237878
0.0231463
0.0225259
0.0219154
0.00948725
0.0091424
0.00881558
0.0085106
0.00822855
0.00795771
0.0076931
0.374542
0.377145
0.349499
0.350716
0.351776
0.32434
0.323862
0.323574
0.323217
0.299195
0.29759
0.296398
0.295075
0.293806
0.292591
0.264616
0.262548
0.260664
0.25889
0.257085
0.255299
0.227908
0.22552
0.223183
0.221093
0.218967
0.216879
0.214859
0.212925
0.170381
0.167987
0.165763
0.163536
0.161288
0.159197
0.157208
0.155246
0.153276
0.10468
0.102661
0.100797
0.0989434
0.0971463
0.095432
0.0938129
0.0921702
0.0905937
0.0889118
0.0563932
0.0550424
0.0538021
0.0525749
0.0513913
0.0502682
0.0492128
0.0481838
0.047163
0.046087
0.0448908
0.0276198
0.0267584
0.0259758
0.025209
0.0244766
0.0237878
0.0231463
0.0225259
0.0219154
0.0212775
0.0205918
0.00948725
0.0091424
0.00881558
0.0085106
0.00822855
0.00795771
0.0076931
0.00741851
0.00712575
0.35411
0.35519
0.322843
0.322458
0.322024
0.32155
0.293806
0.292591
0.291337
0.29008
0.288846
0.260664
0.25889
0.257085
0.255299
0.253561
0.251885
0.250212
0.223183
0.221093
0.218967
0.216879
0.214859
0.212925
0.211004
0.209065
0.206981
0.165763
0.163536
0.161288
0.159197
0.157208
0.155246
0.153276
0.151173
0.14886
0.100797
0.0989434
0.0971463
0.095432
0.0938129
0.0921702
0.0905937
0.0889118
0.0870787
0.0846545
0.0538021
0.0525749
0.0513913
0.0502682
0.0492128
0.0481838
0.047163
0.046087
0.0448908
0.0433575
0.0417265
0.025209
0.0244766
0.0237878
0.0231463
0.0225259
0.0219154
0.0212775
0.0205918
0.0196995
0.0187541
0.00881558
0.0085106
0.00822855
0.00795771
0.0076931
0.00741851
0.00712575
0.00674943
0.00635919
