0.361635
0.365484
0.343764
0.345314
0.346723
0.324607
0.324602
0.324566
0.324406
0.324328
0.302566
0.301589
0.300584
0.299565
0.298653
0.297626
0.296116
0.274607
0.272911
0.271187
0.26947
0.267962
0.266305
0.264131
0.262424
0.260474
0.23967
0.237439
0.235235
0.233313
0.231218
0.228509
0.226408
0.22412
0.221873
0.219864
0.190055
0.187389
0.184779
0.182525
0.180088
0.176921
0.17454
0.171971
0.169579
0.167354
0.165122
0.162866
0.124928
0.122317
0.119792
0.117635
0.115329
0.112319
0.110137
0.107808
0.105664
0.103687
0.101725
0.0998254
0.098016
0.0963095
0.0665245
0.0649776
0.0633358
0.0611901
0.0596699
0.0580599
0.0565884
0.0552418
0.0539135
0.0526363
0.0514275
0.0502944
0.0491921
0.028665
0.0277693
0.0268286
0.0259758
0.0252015
0.0244433
0.0237195
0.0230392
0.0224059
0.0217937
0.0211918
0.00864042
0.00831501
0.00800723
0.00772056
0.00745592
0.00720225
0.00695484
0.377247
0.379706
0.350609
0.351816
0.352858
0.324193
0.323771
0.323551
0.323267
0.297626
0.296116
0.295018
0.293797
0.292622
0.291492
0.262424
0.260474
0.258699
0.257023
0.255314
0.253619
0.226408
0.22412
0.221873
0.219864
0.217817
0.215804
0.213853
0.211981
0.171971
0.169579
0.167354
0.165122
0.162866
0.160768
0.15877
0.156798
0.154817
0.107808
0.105664
0.103687
0.101725
0.0998254
0.098016
0.0963095
0.0945823
0.0929252
0.0911601
0.0580599
0.0565884
0.0552418
0.0539135
0.0526363
0.0514275
0.0502944
0.0491921
0.048101
0.0469534
0.0456823
0.0268286
0.0259758
0.0252015
0.0244433
0.0237195
0.0230392
0.0224059
0.0217937
0.0211918
0.020563
0.0198876
0.00864042
0.00831501
0.00800723
0.00772056
0.00745592
0.00720225
0.00695484
0.00669857
0.00642588
0.355188
0.35627
0.322959
0.322635
0.322259
0.321837
0.292622
0.291492
0.290321
0.28914
0.287977
0.258699
0.257023
0.255314
0.253619
0.251966
0.250366
0.248765
0.221873
0.219864
0.217817
0.215804
0.213853
0.211981
0.210121
0.208239
0.206213
0.167354
0.165122
0.162866
0.160768
0.15877
0.156798
0.154817
0.152703
0.150377
0.103687
0.101725
0.0998254
0.098016
0.0963095
0.0945823
0.0929252
0.0911601
0.0892391
0.0867033
0.0552418
0.0539135
0.0526363
0.0514275
0.0502944
0.0491921
0.048101
0.0469534
0.0456823
0.0440553
0.0423301
0.0244433
0.0237195
0.0230392
0.0224059
0.0217937
0.0211918
0.020563
0.0198876
0.0190093
0.01808
0.00800723
0.00772056
0.00745592
0.00720225
0.00695484
0.00669857
0.00642588
0.00607619
0.0057146
