0.366472
0.370029
0.345535
0.346931
0.348215
0.325188
0.325213
0.325208
0.325079
0.325027
0.304922
0.303944
0.30294
0.301925
0.301016
0.299993
0.298487
0.277201
0.275456
0.273683
0.27192
0.270372
0.268675
0.266441
0.264696
0.262705
0.240727
0.238446
0.236193
0.23423
0.232091
0.229319
0.227177
0.224847
0.222562
0.220518
0.189055
0.186397
0.183795
0.181547
0.179118
0.175962
0.173588
0.171026
0.168642
0.166423
0.164199
0.161951
0.124815
0.122228
0.119724
0.117584
0.115293
0.112305
0.110134
0.107815
0.105678
0.103709
0.101752
0.0998569
0.0980515
0.0963482
0.0669893
0.0654049
0.0637244
0.0615315
0.0599784
0.0583347
0.0568335
0.0554607
0.0541076
0.0528073
0.0515774
0.0504253
0.0493052
0.028201
0.0273248
0.0264045
0.0255701
0.0248124
0.0240705
0.0233621
0.0226964
0.0220765
0.0214774
0.0208881
0.00891442
0.00858576
0.00827433
0.00798375
0.00771507
0.00745713
0.00720517
0.380908
0.383187
0.351769
0.352877
0.353814
0.32492
0.324544
0.324348
0.32409
0.299993
0.298487
0.297391
0.29617
0.294994
0.293863
0.264696
0.262705
0.260892
0.25918
0.257435
0.255704
0.227177
0.224847
0.222562
0.220518
0.218437
0.21639
0.214407
0.212506
0.171026
0.168642
0.166423
0.164199
0.161951
0.159861
0.15787
0.155906
0.153934
0.107815
0.105678
0.103709
0.101752
0.0998569
0.0980515
0.0963482
0.0946235
0.0929688
0.0912058
0.0583347
0.0568335
0.0554607
0.0541076
0.0528073
0.0515774
0.0504253
0.0493052
0.0481971
0.0470324
0.0457437
0.0264045
0.0255701
0.0248124
0.0240705
0.0233621
0.0226964
0.0220765
0.0214774
0.0208881
0.0202725
0.0196113
0.00891442
0.00858576
0.00827433
0.00798375
0.00771507
0.00745713
0.00720517
0.00694379
0.0066652
0.355968
0.356971
0.323806
0.323503
0.323147
0.322746
0.294994
0.293863
0.292688
0.291502
0.290333
0.260892
0.25918
0.257435
0.255704
0.254015
0.252381
0.250746
0.222562
0.220518
0.218437
0.21639
0.214407
0.212506
0.210616
0.208705
0.206648
0.166423
0.164199
0.161951
0.159861
0.15787
0.155906
0.153934
0.151828
0.149512
0.103709
0.101752
0.0998569
0.0980515
0.0963482
0.0946235
0.0929688
0.0912058
0.0892865
0.0867524
0.0554607
0.0541076
0.0528073
0.0515774
0.0504253
0.0493052
0.0481971
0.0470324
0.0457437
0.0440949
0.0423482
0.0240705
0.0233621
0.0226964
0.0220765
0.0214774
0.0208881
0.0202725
0.0196113
0.0187513
0.0178409
0.00827433
0.00798375
0.00771507
0.00745713
0.00720517
0.00694379
0.0066652
0.00630727
0.0059363
