0.366063
0.369902
0.349164
0.35058
0.351886
0.328676
0.328604
0.328479
0.328219
0.328048
0.307186
0.306062
0.304895
0.303709
0.302647
0.301454
0.299754
0.278845
0.276929
0.274989
0.273068
0.271388
0.269552
0.267182
0.265309
0.263184
0.24478
0.242334
0.239923
0.237825
0.235541
0.232588
0.230312
0.227837
0.22542
0.223256
0.18915
0.186457
0.183825
0.181554
0.179102
0.175914
0.173526
0.170951
0.168556
0.166329
0.164097
0.161842
0.122256
0.119739
0.117306
0.115228
0.113007
0.110102
0.108002
0.10576
0.103694
0.101791
0.0998989
0.098067
0.096321
0.0946732
0.0655212
0.0639946
0.0623755
0.0602512
0.0587557
0.0571729
0.0557267
0.0544035
0.0530984
0.0518435
0.0506556
0.0495419
0.0484581
0.0271977
0.0263494
0.0254592
0.0246527
0.0239207
0.0232042
0.0225203
0.0218777
0.0212793
0.0207008
0.0201318
0.00794364
0.00765498
0.00738147
0.00712624
0.00689021
0.00666354
0.00644204
0.381636
0.384084
0.355526
0.356662
0.357632
0.327806
0.327265
0.326929
0.32652
0.301454
0.299754
0.298482
0.297072
0.295721
0.294431
0.265309
0.263184
0.261253
0.259437
0.257595
0.255775
0.230312
0.227837
0.22542
0.223256
0.221058
0.2189
0.216814
0.214818
0.170951
0.168556
0.166329
0.164097
0.161842
0.159746
0.15775
0.155782
0.153807
0.10576
0.103694
0.101791
0.0998989
0.098067
0.096321
0.0946732
0.0930033
0.0914013
0.0896935
0.0571729
0.0557267
0.0544035
0.0530984
0.0518435
0.0506556
0.0495419
0.0484581
0.0473851
0.0462561
0.0450053
0.0254592
0.0246527
0.0239207
0.0232042
0.0225203
0.0218777
0.0212793
0.0207008
0.0201318
0.0195374
0.0188988
0.00794364
0.00765498
0.00738147
0.00712624
0.00689021
0.00666354
0.00644204
0.00621216
0.005967
0.359813
0.360819
0.326097
0.325665
0.325183
0.32466
0.295721
0.294431
0.293103
0.291772
0.290468
0.261253
0.259437
0.257595
0.255775
0.254007
0.252304
0.250607
0.22542
0.223256
0.221058
0.2189
0.216814
0.214818
0.212838
0.21084
0.208694
0.166329
0.164097
0.161842
0.159746
0.15775
0.155782
0.153807
0.151699
0.149383
0.101791
0.0998989
0.098067
0.096321
0.0946732
0.0930033
0.0914013
0.0896935
0.0878338
0.0853771
0.0544035
0.0530984
0.0518435
0.0506556
0.0495419
0.0484581
0.0473851
0.0462561
0.0450053
0.0434034
0.0417042
0.0232042
0.0225203
0.0218777
0.0212793
0.0207008
0.0201318
0.0195374
0.0188988
0.0180677
0.017188
0.00738147
0.00712624
0.00689021
0.00666354
0.00644204
0.00621216
0.005967
0.00565176
0.00532466
