0.365748
0.369452
0.348566
0.349891
0.351114
0.326697
0.326593
0.326462
0.326212
0.326059
0.303818
0.302813
0.301776
0.300725
0.299784
0.298726
0.297185
0.276666
0.274923
0.273144
0.271369
0.269809
0.268094
0.265849
0.264082
0.262065
0.241769
0.239415
0.237092
0.235069
0.232864
0.230016
0.227813
0.225418
0.223074
0.220977
0.188719
0.186033
0.183407
0.181143
0.178698
0.175526
0.173145
0.170577
0.168188
0.165967
0.163742
0.161495
0.1223
0.119785
0.11736
0.115293
0.113086
0.110208
0.108123
0.105898
0.103848
0.101958
0.10008
0.0982603
0.0965257
0.0948882
0.066936
0.0653175
0.0636019
0.0613604
0.0597865
0.0581252
0.0566111
0.0552286
0.0538671
0.0525599
0.0513241
0.0501668
0.0490416
0.0258588
0.0250867
0.0242706
0.023528
0.0228526
0.0221912
0.0215601
0.0209668
0.0204142
0.0198799
0.019354
0.00920663
0.00890483
0.00861607
0.00834439
0.00809158
0.00784763
0.00760834
0.380684
0.383021
0.354489
0.355538
0.356406
0.325845
0.32534
0.325048
0.32469
0.298726
0.297185
0.296052
0.294793
0.293584
0.292425
0.264082
0.262065
0.260227
0.258492
0.256727
0.254978
0.227813
0.225418
0.223074
0.220977
0.218844
0.216749
0.214723
0.212783
0.170577
0.168188
0.165967
0.163742
0.161495
0.159405
0.157416
0.155455
0.153486
0.105898
0.103848
0.101958
0.10008
0.0982603
0.0965257
0.0948882
0.0932273
0.0916342
0.0899341
0.0581252
0.0566111
0.0552286
0.0538671
0.0525599
0.0513241
0.0501668
0.0490416
0.0479286
0.0467586
0.0454647
0.0242706
0.023528
0.0228526
0.0221912
0.0215601
0.0209668
0.0204142
0.0198799
0.019354
0.0188041
0.018213
0.00920663
0.00890483
0.00861607
0.00834439
0.00809158
0.00784763
0.00760834
0.00735927
0.00709288
0.358423
0.359357
0.324316
0.323932
0.323498
0.323021
0.293584
0.292425
0.291225
0.290017
0.288827
0.260227
0.258492
0.256727
0.254978
0.253274
0.251628
0.249982
0.223074
0.220977
0.218844
0.216749
0.214723
0.212783
0.210858
0.208914
0.206826
0.165967
0.163742
0.161495
0.159405
0.157416
0.155455
0.153486
0.151386
0.149079
0.101958
0.10008
0.0982603
0.0965257
0.0948882
0.0932273
0.0916342
0.0899341
0.0880813
0.0856324
0.0552286
0.0538671
0.0525599
0.0513241
0.0501668
0.0490416
0.0479286
0.0467586
0.0454647
0.0438076
0.0420509
0.0221912
0.0215601
0.0209668
0.0204142
0.0198799
0.019354
0.0188041
0.018213
0.017443
0.016626
0.00861607
0.00834439
0.00809158
0.00784763
0.00760834
0.00735927
0.00709288
0.00674945
0.0063922
