0.363244
0.367062
0.346565
0.348001
0.349319
0.325214
0.325218
0.325184
0.325021
0.324937
0.303265
0.302248
0.301202
0.300145
0.299201
0.298141
0.2966
0.275879
0.2742
0.272489
0.270783
0.269282
0.267632
0.265473
0.263767
0.261816
0.242272
0.239937
0.237636
0.235634
0.233455
0.230639
0.228464
0.226099
0.223783
0.221712
0.189445
0.186852
0.184311
0.182114
0.179738
0.176653
0.174325
0.171812
0.16947
0.167289
0.165101
0.162885
0.124451
0.121903
0.119437
0.117328
0.11507
0.11212
0.109979
0.107692
0.105584
0.103639
0.101706
0.0998338
0.0980488
0.0963641
0.0672124
0.0656106
0.0639124
0.0616934
0.0601262
0.0584683
0.0569547
0.0555711
0.0542076
0.0528977
0.0516591
0.050499
0.0493713
0.0276527
0.0268002
0.0259044
0.0250922
0.0243543
0.0236316
0.0229414
0.0222924
0.021688
0.0211036
0.0205287
0.00882662
0.00850121
0.00819281
0.00790503
0.00763891
0.0073834
0.00713378
0.37872
0.381154
0.35297
0.354108
0.35507
0.324792
0.324359
0.324123
0.323821
0.298141
0.2966
0.295471
0.294217
0.293013
0.291859
0.263767
0.261816
0.260039
0.25836
0.256648
0.25495
0.228464
0.226099
0.223783
0.221712
0.219605
0.217535
0.215532
0.213612
0.171812
0.16947
0.167289
0.165101
0.162885
0.160824
0.15886
0.156921
0.154972
0.107692
0.105584
0.103639
0.101706
0.0998338
0.0980488
0.0963641
0.0946566
0.0930183
0.0912717
0.0584683
0.0569547
0.0555711
0.0542076
0.0528977
0.0516591
0.050499
0.0493713
0.0482559
0.0470836
0.045787
0.0259044
0.0250922
0.0243543
0.0236316
0.0229414
0.0222924
0.021688
0.0211036
0.0205287
0.0199278
0.0192822
0.00882662
0.00850121
0.00819281
0.00790503
0.00763891
0.0073834
0.00713378
0.0068748
0.00659873
0.357274
0.358296
0.323497
0.323156
0.322764
0.322327
0.293013
0.291859
0.290665
0.289464
0.288283
0.260039
0.25836
0.256648
0.25495
0.253292
0.251688
0.250083
0.223783
0.221712
0.219605
0.217535
0.215532
0.213612
0.211706
0.209779
0.207707
0.167289
0.165101
0.162885
0.160824
0.15886
0.156921
0.154972
0.15289
0.150598
0.103639
0.101706
0.0998338
0.0980488
0.0963641
0.0946566
0.0930183
0.0912717
0.0893693
0.0868557
0.0555711
0.0542076
0.0528977
0.0516591
0.050499
0.0493713
0.0482559
0.0470836
0.045787
0.044128
0.042371
0.0236316
0.0229414
0.0222924
0.021688
0.0211036
0.0205287
0.0199278
0.0192822
0.018442
0.0175521
0.00819281
0.00790503
0.00763891
0.0073834
0.00713378
0.0068748
0.00659873
0.00624397
0.00587621
