0.367496
0.371146
0.348103
0.349465
0.350732
0.329713
0.329588
0.329439
0.329171
0.329004
0.304856
0.303811
0.302728
0.30163
0.300647
0.299544
0.297938
0.276224
0.274472
0.272672
0.270869
0.269281
0.267532
0.265248
0.263443
0.261386
0.241358
0.238993
0.236651
0.234607
0.232377
0.229501
0.227266
0.224835
0.222458
0.22033
0.189546
0.186784
0.184097
0.181786
0.179299
0.176084
0.173671
0.171071
0.168653
0.166404
0.164151
0.161877
0.121945
0.119429
0.116995
0.114916
0.112694
0.109782
0.107683
0.105444
0.103383
0.101484
0.0995975
0.0977712
0.0960305
0.0943875
0.0653702
0.0638219
0.0621772
0.0600142
0.0584911
0.0568772
0.0554015
0.0540511
0.0527191
0.0514387
0.0502274
0.0490926
0.047989
0.02555
0.024756
0.023923
0.0231688
0.0224845
0.0218152
0.0211768
0.0205773
0.0200195
0.0194809
0.0189516
0.0086171
0.00832903
0.00805516
0.00779876
0.00756093
0.00733189
0.00710744
0.382321
0.384661
0.354287
0.355404
0.356353
0.328774
0.328234
0.327925
0.327547
0.299544
0.297938
0.296762
0.295456
0.294202
0.293
0.263443
0.261386
0.259512
0.257744
0.255945
0.254164
0.227266
0.224835
0.222458
0.22033
0.218169
0.216047
0.213996
0.212034
0.171071
0.168653
0.166404
0.164151
0.161877
0.159762
0.15775
0.155766
0.153775
0.105444
0.103383
0.101484
0.0995975
0.0977712
0.0960305
0.0943875
0.0927219
0.0911231
0.0894181
0.0568772
0.0554015
0.0540511
0.0527191
0.0514387
0.0502274
0.0490926
0.047989
0.0468972
0.0457495
0.0444801
0.023923
0.0231688
0.0224845
0.0218152
0.0211768
0.0205773
0.0200195
0.0194809
0.0189516
0.018399
0.017806
0.0086171
0.00832903
0.00805516
0.00779876
0.00756093
0.00733189
0.00710744
0.00687382
0.00662389
0.358532
0.359544
0.327154
0.32675
0.326294
0.325793
0.294202
0.293
0.291757
0.290509
0.28928
0.259512
0.257744
0.255945
0.254164
0.25243
0.250757
0.249086
0.222458
0.22033
0.218169
0.216047
0.213996
0.212034
0.210089
0.208126
0.20602
0.166404
0.164151
0.161877
0.159762
0.15775
0.155766
0.153775
0.151652
0.149318
0.101484
0.0995975
0.0977712
0.0960305
0.0943875
0.0927219
0.0911231
0.0894181
0.0875601
0.0851031
0.0540511
0.0527191
0.0514387
0.0502274
0.0490926
0.047989
0.0468972
0.0457495
0.0444801
0.0428551
0.0411336
0.0218152
0.0211768
0.0205773
0.0200195
0.0194809
0.0189516
0.018399
0.017806
0.0170355
0.0162207
0.00805516
0.00779876
0.00756093
0.00733189
0.00710744
0.00687382
0.00662389
0.00630132
0.00596515
