0.367784
0.371451
0.348566
0.349977
0.351281
0.325869
0.32589
0.325893
0.325778
0.325744
0.303038
0.302164
0.301257
0.300331
0.299495
0.298548
0.297126
0.276208
0.274559
0.272875
0.271191
0.269706
0.268071
0.265916
0.26422
0.262277
0.242079
0.239785
0.237518
0.235542
0.233386
0.230597
0.228436
0.226082
0.223775
0.221709
0.190691
0.187949
0.185267
0.182952
0.180452
0.177204
0.174765
0.172136
0.16969
0.167415
0.165136
0.162836
0.123937
0.121324
0.118796
0.116638
0.114329
0.111318
0.109134
0.106804
0.104658
0.10268
0.100717
0.0988169
0.0970072
0.0953008
0.0654575
0.0638994
0.0622473
0.0600902
0.0585641
0.0569493
0.0554747
0.0541265
0.0527976
0.0515208
0.0503132
0.0491822
0.0480826
0.0272221
0.0263621
0.0254595
0.0246417
0.0238996
0.0231733
0.0224803
0.0218293
0.0212234
0.0206381
0.0200628
0.00810385
0.00780001
0.00751243
0.00724438
0.00699679
0.00675931
0.00652755
0.382636
0.384974
0.354923
0.356063
0.357022
0.325661
0.325295
0.325132
0.32491
0.298548
0.297126
0.296098
0.29495
0.293841
0.292769
0.26422
0.262277
0.260506
0.25883
0.257118
0.255418
0.228436
0.226082
0.223775
0.221709
0.219606
0.217537
0.215533
0.213611
0.172136
0.16969
0.167415
0.165136
0.162836
0.160696
0.158659
0.156651
0.154635
0.106804
0.104658
0.10268
0.100717
0.0988169
0.0970072
0.0953008
0.0935746
0.0919181
0.0901542
0.0569493
0.0554747
0.0541265
0.0527976
0.0515208
0.0503132
0.0491822
0.0480826
0.046995
0.0458519
0.0445874
0.0254595
0.0246417
0.0238996
0.0231733
0.0224803
0.0218293
0.0212234
0.0206381
0.0200628
0.019462
0.018817
0.00810385
0.00780001
0.00751243
0.00724438
0.00699679
0.00675931
0.00652755
0.00628734
0.00603156
0.359242
0.360277
0.32466
0.324389
0.324063
0.323689
0.293841
0.292769
0.291653
0.290523
0.289405
0.260506
0.25883
0.257118
0.255418
0.253757
0.252148
0.250537
0.223775
0.221709
0.219606
0.217537
0.215533
0.213611
0.2117
0.209768
0.207689
0.167415
0.165136
0.162836
0.160696
0.158659
0.156651
0.154635
0.152484
0.15012
0.10268
0.100717
0.0988169
0.0970072
0.0953008
0.0935746
0.0919181
0.0901542
0.0882348
0.0857018
0.0541265
0.0527976
0.0515208
0.0503132
0.0491822
0.0480826
0.046995
0.0458519
0.0445874
0.0429696
0.0412561
0.0231733
0.0224803
0.0218293
0.0212234
0.0206381
0.0200628
0.019462
0.018817
0.0179787
0.0170924
0.00751243
0.00724438
0.00699679
0.00675931
0.00652755
0.00628734
0.00603156
0.00570331
0.00536356
