0.360552
0.364231
0.339465
0.340974
0.342355
0.319851
0.319908
0.319942
0.319855
0.319841
0.298797
0.297891
0.296954
0.296
0.295143
0.294174
0.292734
0.272218
0.270545
0.268832
0.267119
0.265611
0.263952
0.261769
0.260056
0.258098
0.237687
0.235408
0.233152
0.231183
0.229035
0.226252
0.224099
0.221756
0.219461
0.217408
0.186079
0.183395
0.180781
0.17853
0.176106
0.172967
0.170611
0.16807
0.165707
0.163509
0.161308
0.159086
0.123311
0.120751
0.118278
0.116166
0.113908
0.110955
0.108821
0.106543
0.104446
0.102514
0.100595
0.0987371
0.096967
0.0952967
0.0648096
0.0632966
0.0616891
0.0595775
0.0580879
0.0565095
0.055066
0.0537446
0.0524407
0.0511865
0.0499992
0.0488861
0.047803
0.0263181
0.0255066
0.0246542
0.0238814
0.0231795
0.0224921
0.0218357
0.0212188
0.0206443
0.0200889
0.0195426
0.00845448
0.00814952
0.00786035
0.00759035
0.00734053
0.00710054
0.00686595
0.37546
0.377808
0.346197
0.347398
0.348439
0.319777
0.319443
0.319294
0.319087
0.294174
0.292734
0.29169
0.290524
0.2894
0.288317
0.260056
0.258098
0.256315
0.25463
0.252913
0.25121
0.224099
0.221756
0.219461
0.217408
0.215319
0.213267
0.211281
0.209379
0.16807
0.165707
0.163509
0.161308
0.159086
0.15702
0.155056
0.153119
0.151175
0.106543
0.104446
0.102514
0.100595
0.0987371
0.096967
0.0952967
0.0936043
0.0919799
0.0902483
0.0565095
0.055066
0.0537446
0.0524407
0.0511865
0.0499992
0.0488861
0.047803
0.0467308
0.045603
0.0443544
0.0246542
0.0238814
0.0231795
0.0224921
0.0218357
0.0212188
0.0206443
0.0200889
0.0195426
0.0189717
0.0183584
0.00845448
0.00814952
0.00786035
0.00759035
0.00734053
0.00710054
0.00686595
0.00662242
0.00636264
0.350776
0.351864
0.318852
0.318595
0.318284
0.317924
0.2894
0.288317
0.287191
0.286053
0.28493
0.256315
0.25463
0.252913
0.25121
0.249549
0.247943
0.246336
0.219461
0.217408
0.215319
0.213267
0.211281
0.209379
0.20749
0.205583
0.203533
0.163509
0.161308
0.159086
0.15702
0.155056
0.153119
0.151175
0.149102
0.146824
0.102514
0.100595
0.0987371
0.096967
0.0952967
0.0936043
0.0919799
0.0902483
0.0883619
0.0858688
0.0537446
0.0524407
0.0511865
0.0499992
0.0488861
0.047803
0.0467308
0.045603
0.0443544
0.0427554
0.04106
0.0224921
0.0218357
0.0212188
0.0206443
0.0200889
0.0195426
0.0189717
0.0183584
0.0175605
0.0167155
0.00786035
0.00759035
0.00734053
0.00710054
0.00686595
0.00662242
0.00636264
0.00602854
0.00568186
