0.36443
0.368097
0.346537
0.34791
0.349179
0.324307
0.324281
0.324231
0.324063
0.323981
0.301576
0.300625
0.299645
0.29865
0.297757
0.296752
0.295262
0.273722
0.272021
0.270288
0.268559
0.26704
0.265371
0.263174
0.261455
0.259492
0.238109
0.235879
0.233674
0.23175
0.229652
0.226936
0.224831
0.222538
0.220289
0.218276
0.188446
0.185763
0.18314
0.180876
0.178432
0.175254
0.17287
0.170299
0.167906
0.16568
0.16345
0.161197
0.122732
0.120167
0.117688
0.115573
0.113313
0.110364
0.10823
0.105954
0.103858
0.101927
0.100009
0.0981518
0.0963825
0.0947133
0.0652309
0.0637107
0.0620961
0.0599784
0.0584819
0.0568966
0.0554477
0.0541221
0.052815
0.0515584
0.0503693
0.0492547
0.0481704
0.0276492
0.0267384
0.025785
0.0249238
0.0241444
0.0233835
0.0226594
0.0219809
0.0213511
0.0207442
0.0201491
0.0084982
0.0082163
0.00794817
0.00769706
0.00746404
0.00723956
0.00701952
0.379272
0.381606
0.352707
0.353808
0.35473
0.323845
0.32342
0.323203
0.322926
0.296752
0.295262
0.294183
0.292982
0.291824
0.290711
0.261455
0.259492
0.257704
0.256016
0.254296
0.25259
0.224831
0.222538
0.220289
0.218276
0.216227
0.214211
0.212258
0.210386
0.170299
0.167906
0.16568
0.16345
0.161197
0.159102
0.157108
0.155141
0.153166
0.105954
0.103858
0.101927
0.100009
0.0981518
0.0963825
0.0947133
0.0930229
0.091401
0.0896726
0.0568966
0.0554477
0.0541221
0.052815
0.0515584
0.0503693
0.0492547
0.0481704
0.047097
0.045968
0.0447175
0.025785
0.0249238
0.0241444
0.0233835
0.0226594
0.0219809
0.0213511
0.0207442
0.0201491
0.0195293
0.0188658
0.0084982
0.0082163
0.00794817
0.00769706
0.00746404
0.00723956
0.00701952
0.00679041
0.00654523
0.356868
0.357863
0.322626
0.322309
0.32194
0.321525
0.291824
0.290711
0.289555
0.288389
0.287239
0.257704
0.256016
0.254296
0.25259
0.250926
0.249317
0.247708
0.220289
0.218276
0.216227
0.214211
0.212258
0.210386
0.208525
0.206644
0.20462
0.16568
0.16345
0.161197
0.159102
0.157108
0.155141
0.153166
0.151058
0.148741
0.101927
0.100009
0.0981518
0.0963825
0.0947133
0.0930229
0.091401
0.0896726
0.0877909
0.0853054
0.0541221
0.052815
0.0515584
0.0503693
0.0492547
0.0481704
0.047097
0.045968
0.0447175
0.0431163
0.0414181
0.0233835
0.0226594
0.0219809
0.0213511
0.0207442
0.0201491
0.0195293
0.0188658
0.0180064
0.0171017
0.00794817
0.00769706
0.00746404
0.00723956
0.00701952
0.00679041
0.00654523
0.00622866
0.00589863
