0.363899
0.367589
0.346058
0.347363
0.34857
0.323535
0.323454
0.32335
0.32313
0.323003
0.300558
0.299587
0.298586
0.297572
0.296665
0.295644
0.294144
0.273231
0.271535
0.269806
0.268081
0.266563
0.264895
0.262706
0.260985
0.25902
0.238709
0.236428
0.234173
0.232208
0.230065
0.227293
0.225146
0.22281
0.220521
0.218473
0.187637
0.184952
0.182326
0.18006
0.177614
0.174438
0.172054
0.169483
0.167092
0.164869
0.162643
0.160395
0.122299
0.119762
0.117314
0.115227
0.113001
0.110101
0.108
0.105757
0.103691
0.101786
0.0998929
0.0980598
0.0963127
0.0946638
0.0659439
0.0644096
0.0627796
0.0606451
0.0591363
0.05754
0.0560827
0.0547507
0.0534382
0.0521773
0.0509846
0.0498667
0.048779
0.0278351
0.0270099
0.0261382
0.0253438
0.0246194
0.0239077
0.0232264
0.0225846
0.021986
0.0214066
0.020836
0.00984807
0.00949349
0.00915678
0.00884211
0.00855082
0.00827096
0.00799741
0.378745
0.381062
0.35191
0.352949
0.353804
0.322818
0.322345
0.322084
0.32176
0.295644
0.294144
0.293051
0.291834
0.290664
0.28954
0.260985
0.25902
0.25723
0.255539
0.253815
0.252107
0.225146
0.22281
0.220521
0.218473
0.216388
0.214339
0.212354
0.210454
0.169483
0.167092
0.164869
0.162643
0.160395
0.158305
0.156316
0.154355
0.152386
0.105757
0.103691
0.101786
0.0998929
0.0980598
0.0963127
0.0946638
0.0929928
0.0913898
0.0896806
0.05754
0.0560827
0.0547507
0.0534382
0.0521773
0.0509846
0.0498667
0.048779
0.0477021
0.0465692
0.0453136
0.0261382
0.0253438
0.0246194
0.0239077
0.0232264
0.0225846
0.021986
0.0214066
0.020836
0.0202389
0.0195967
0.00984807
0.00949349
0.00915678
0.00884211
0.00855082
0.00827096
0.00799741
0.00771353
0.00741085
0.355811
0.356741
0.321417
0.321062
0.320657
0.320207
0.290664
0.28954
0.288375
0.2872
0.286042
0.25723
0.255539
0.253815
0.252107
0.250442
0.248831
0.24722
0.220521
0.218473
0.216388
0.214339
0.212354
0.210454
0.208566
0.20666
0.204609
0.164869
0.162643
0.160395
0.158305
0.156316
0.154355
0.152386
0.150287
0.14798
0.101786
0.0998929
0.0980598
0.0963127
0.0946638
0.0929928
0.0913898
0.0896806
0.0878187
0.0853585
0.0547507
0.0534382
0.0521773
0.0509846
0.0498667
0.048779
0.0477021
0.0465692
0.0453136
0.0437054
0.0419984
0.0239077
0.0232264
0.0225846
0.021986
0.0214066
0.020836
0.0202389
0.0195967
0.01876
0.0178722
0.00915678
0.00884211
0.00855082
0.00827096
0.00799741
0.00771353
0.00741085
0.00702191
0.00661886
