0.971509
0.96243
0.967113
0.969955
0.991211
0.990476
0.989962
0.989494
0.976113
0.975962
0.975902
0.975885
0.975929
0.963524
0.963865
0.964136
0.964439
0.964783
0.965101
0.965398
0.952285
0.952648
0.952895
0.95316
0.953444
0.953699
0.953946
0.954193
0.940457
0.940526
0.940542
0.94054
0.940535
0.940525
0.940517
0.940508
0.940379
0.929453
0.929186
0.928928
0.928609
0.928279
0.927977
0.927669
0.927365
0.92693
0.926683
0.918724
0.918084
0.917545
0.916918
0.916264
0.915686
0.915101
0.914525
0.913799
0.913335
0.912951
0.904318
0.903008
0.901985
0.900829
0.899626
0.898567
0.897507
0.896473
0.895296
0.894503
0.893754
0.882504
0.881206
0.880138
0.878942
0.877666
0.876509
0.875302
0.874098
0.872693
0.871719
0.870796
0.869877
0.872346
0.868083
0.863688
0.859879
0.856707
0.853749
0.851076
0.848383
0.846572
0.845002
0.843532
0.83553
0.832272
0.829226
0.826888
0.824713
0.82281
0.820962
0.819692
0.818608
0.817596
0.816531
0.816802
0.812038
0.808291
0.805069
0.802214
0.79954
0.797696
0.796146
0.794743
0.793068
0.774739
0.770755
0.767484
0.764484
0.762476
0.760816
0.759348
0.757559
0.720881
0.72046
0.720466
0.720515
0.72057
0.720616
0.679745
0.687712
0.694214
0.699883
0.706396
