0.990933
0.986046
0.986426
0.986685
0.981386
0.981778
0.982076
0.982373
0.974924
0.975309
0.97559
0.975895
0.97622
0.966999
0.967346
0.967603
0.967873
0.968166
0.968425
0.968662
0.957334
0.957279
0.957232
0.957193
0.957179
0.957184
0.957201
0.957244
0.940941
0.940908
0.940879
0.940851
0.940844
0.94085
0.940872
0.940902
0.940823
0.929108
0.929554
0.929671
0.929639
0.92949
0.929284
0.929032
0.928757
0.928331
0.92809
0.922281
0.920479
0.919344
0.918279
0.917359
0.916658
0.916032
0.915484
0.914875
0.914504
0.914212
0.910608
0.91045
0.91005
0.909402
0.90856
0.907704
0.90675
0.905731
0.904496
0.9036
0.902724
0.899223
0.895413
0.892693
0.889968
0.887328
0.885124
0.882979
0.880969
0.878831
0.877364
0.876029
0.874754
0.869062
0.866052
0.862894
0.860103
0.85773
0.855471
0.853385
0.851216
0.84973
0.848415
0.847154
0.845787
0.841795
0.83799
0.835014
0.832193
0.82968
0.827174
0.825446
0.823953
0.822542
0.821048
0.814537
0.809354
0.805249
0.801703
0.79855
0.795591
0.793568
0.791877
0.790359
0.788572
0.765537
0.763849
0.762634
0.761654
0.761055
0.760604
0.760231
0.759787
0.739417
0.737554
0.736486
0.735617
0.734824
0.733819
0.710035
0.723915
0.734636
0.743544
0.753248
