0.985841
0.98144
0.982097
0.982541
0.977109
0.977723
0.978185
0.978641
0.971077
0.97164
0.97205
0.972492
0.972956
0.963617
0.964015
0.964335
0.964692
0.965093
0.965456
0.965789
0.952976
0.953186
0.953355
0.953569
0.953837
0.954103
0.954377
0.954659
0.939382
0.939614
0.939759
0.939901
0.940049
0.940187
0.940338
0.940487
0.940519
0.927738
0.928056
0.928194
0.928267
0.928282
0.928252
0.928198
0.928123
0.927913
0.927826
0.919136
0.919166
0.919053
0.918826
0.918511
0.918176
0.917794
0.917383
0.916818
0.916445
0.916127
0.909728
0.908673
0.907813
0.906806
0.905722
0.904735
0.903714
0.902682
0.901488
0.900643
0.899834
0.898383
0.89521
0.892853
0.890413
0.887977
0.885886
0.883805
0.881814
0.879651
0.878156
0.876783
0.875466
0.869832
0.866205
0.862467
0.859221
0.856504
0.853956
0.851638
0.849278
0.847687
0.846302
0.844998
0.838239
0.834697
0.831441
0.828984
0.826734
0.824798
0.822946
0.821696
0.820644
0.819674
0.818671
0.818364
0.813821
0.810331
0.807408
0.804888
0.8026
0.801044
0.799764
0.798621
0.797272
0.783292
0.779815
0.776927
0.774244
0.772445
0.770946
0.769605
0.767931
0.734302
0.732512
0.731526
0.730662
0.729791
0.728522
0.636327
0.64629
0.654595
0.661919
0.670376
