0.982758
0.978032
0.978914
0.979514
0.973785
0.974638
0.975281
0.975915
0.968429
0.969222
0.969795
0.970408
0.971043
0.962059
0.962695
0.963179
0.963694
0.964238
0.964717
0.965144
0.953553
0.953983
0.954275
0.95459
0.954927
0.955227
0.955515
0.955794
0.943156
0.943193
0.94318
0.943139
0.94309
0.943044
0.943004
0.942966
0.942815
0.931635
0.931513
0.931341
0.931089
0.930793
0.930497
0.930179
0.929857
0.929401
0.929133
0.921368
0.920885
0.920422
0.919844
0.919207
0.918612
0.917985
0.917349
0.916554
0.916028
0.915596
0.908321
0.906666
0.905446
0.904115
0.90277
0.901607
0.900454
0.899331
0.898067
0.897206
0.896398
0.888708
0.886054
0.884132
0.882185
0.880285
0.87869
0.877136
0.875679
0.874107
0.873047
0.87208
0.871151
0.86584
0.863424
0.860885
0.858641
0.856738
0.854934
0.853276
0.851557
0.850381
0.849344
0.848352
0.850706
0.846769
0.843032
0.840131
0.837405
0.835
0.832645
0.831015
0.829615
0.828301
0.826915
0.831279
0.826486
0.82193
0.817526
0.813292
0.809042
0.806074
0.803516
0.80117
0.798353
0.766278
0.763851
0.762099
0.760728
0.759902
0.759301
0.758826
0.758294
0.727883
0.725846
0.724908
0.724355
0.723988
0.723648
0.67982
0.686624
0.692042
0.696673
0.701887
