0.961087
0.968843
0.970839
0.972149
0.971259
0.972578
0.973546
0.974477
0.970124
0.971018
0.97165
0.972315
0.972986
0.96521
0.96578
0.966219
0.966693
0.967199
0.967643
0.968036
0.958006
0.958269
0.958442
0.958625
0.958826
0.95901
0.959189
0.959368
0.946566
0.946638
0.946633
0.946582
0.946503
0.94641
0.946307
0.946199
0.94598
0.935427
0.93534
0.935166
0.934889
0.934547
0.934198
0.93381
0.933404
0.932866
0.93251
0.92603
0.925455
0.924918
0.924251
0.923513
0.922824
0.922093
0.921351
0.920457
0.919826
0.919309
0.913361
0.911785
0.910584
0.90924
0.90784
0.906601
0.905344
0.904097
0.902702
0.90171
0.90077
0.8967
0.893688
0.891461
0.889169
0.886892
0.88495
0.883023
0.881184
0.879195
0.87781
0.876536
0.875309
0.872588
0.869289
0.865818
0.862741
0.860119
0.857618
0.855303
0.852899
0.851247
0.849786
0.848388
0.845337
0.841148
0.83719
0.834122
0.831238
0.828689
0.826176
0.824453
0.822974
0.821586
0.82013
0.813149
0.808291
0.8045
0.801276
0.798457
0.795879
0.794121
0.792674
0.79139
0.789897
0.774511
0.771147
0.768486
0.766167
0.764653
0.763451
0.762427
0.761229
0.73754
0.73736
0.737517
0.737657
0.737759
0.737804
0.687765
0.69426
0.699356
0.703594
0.708129
