0.98982
0.985748
0.986226
0.986543
0.981527
0.982031
0.982394
0.98274
0.976099
0.976442
0.976691
0.976964
0.977257
0.96889
0.969033
0.96916
0.969317
0.969517
0.969711
0.969901
0.957351
0.957478
0.957563
0.957661
0.957782
0.957899
0.95802
0.958152
0.943172
0.943266
0.943284
0.943269
0.943242
0.943207
0.94317
0.943131
0.942971
0.931768
0.931577
0.931363
0.931078
0.930764
0.930467
0.930156
0.929847
0.929406
0.929151
0.921455
0.920882
0.920381
0.919783
0.919146
0.918569
0.917974
0.917384
0.91665
0.91617
0.915777
0.906934
0.9058
0.904909
0.903894
0.902828
0.90188
0.900921
0.899971
0.898881
0.898134
0.897425
0.891808
0.88945
0.887692
0.885874
0.884061
0.88251
0.88097
0.879502
0.877904
0.876799
0.875782
0.874799
0.873566
0.870657
0.867608
0.864909
0.862609
0.860411
0.858371
0.856249
0.854776
0.853469
0.852214
0.852784
0.848647
0.844711
0.841631
0.838703
0.836082
0.833457
0.831635
0.830052
0.82855
0.826957
0.817666
0.812398
0.808282
0.804773
0.801694
0.798859
0.796927
0.795329
0.793907
0.792249
0.775937
0.77301
0.770766
0.768896
0.767693
0.766768
0.766003
0.765127
0.749315
0.748566
0.74829
0.747996
0.747625
0.746955
0.677179
0.681366
0.684389
0.686691
0.688793
