0.970553
0.974202
0.975842
0.976919
0.976562
0.977708
0.97853
0.979306
0.977273
0.977906
0.978321
0.97873
0.97912
0.974359
0.974215
0.974091
0.973957
0.973839
0.973741
0.973673
0.960886
0.960094
0.959564
0.959059
0.958628
0.958307
0.958047
0.957865
0.936102
0.936165
0.936228
0.936317
0.936448
0.936592
0.936766
0.936954
0.937034
0.921365
0.922132
0.922619
0.923083
0.923499
0.923821
0.924127
0.924394
0.924536
0.924697
0.916032
0.916663
0.916975
0.917183
0.91728
0.917282
0.917219
0.917097
0.916819
0.916631
0.916445
0.913787
0.912833
0.911986
0.910945
0.909782
0.908698
0.907556
0.906386
0.905029
0.90405
0.903108
0.901738
0.897977
0.895216
0.892388
0.889593
0.887219
0.884873
0.882645
0.880251
0.878598
0.877087
0.875642
0.868944
0.865393
0.86171
0.858489
0.855776
0.853215
0.850869
0.84846
0.846824
0.845389
0.844028
0.838573
0.834768
0.831218
0.828495
0.825963
0.823748
0.82159
0.820118
0.818864
0.817695
0.816474
0.812271
0.807887
0.804463
0.801546
0.798989
0.796636
0.79502
0.793681
0.792482
0.791072
0.782245
0.777798
0.774178
0.770876
0.768677
0.766862
0.765257
0.76329
0.718109
0.716963
0.716463
0.716019
0.715556
0.714861
0.679724
0.69492
0.707277
0.718108
0.730754
