0.971578
0.970382
0.971984
0.973055
0.969974
0.971309
0.972291
0.973237
0.969294
0.970262
0.970937
0.971636
0.972334
0.966868
0.967196
0.967431
0.967677
0.967942
0.968178
0.968394
0.957143
0.956908
0.956742
0.956585
0.956463
0.956382
0.956326
0.956309
0.938721
0.938648
0.938582
0.938509
0.938455
0.938419
0.938401
0.938397
0.93828
0.924944
0.925025
0.925026
0.924984
0.924921
0.924848
0.92477
0.924687
0.924478
0.924403
0.915929
0.915767
0.915557
0.915263
0.914922
0.914596
0.914248
0.913891
0.913395
0.913092
0.912832
0.905091
0.904145
0.903391
0.90252
0.90159
0.900756
0.899907
0.899062
0.898078
0.897405
0.896761
0.891969
0.889679
0.88796
0.886174
0.884393
0.882862
0.881333
0.879867
0.878262
0.877152
0.876127
0.875134
0.874319
0.871294
0.868099
0.865259
0.862838
0.860528
0.858384
0.856149
0.854607
0.853242
0.851933
0.85097
0.846659
0.842596
0.83945
0.8365
0.833899
0.831342
0.829587
0.828078
0.826662
0.825173
0.817546
0.812736
0.808975
0.805764
0.802944
0.800342
0.79857
0.797104
0.795798
0.794269
0.77778
0.774351
0.771616
0.769221
0.767646
0.766392
0.765325
0.764081
0.740023
0.739862
0.740064
0.740287
0.740506
0.740756
0.699677
0.707078
0.712884
0.717731
0.722976
