0.981005
0.976444
0.977482
0.978184
0.972276
0.973258
0.973999
0.974729
0.96691
0.967847
0.968525
0.969249
0.969994
0.960861
0.961636
0.962215
0.962826
0.963465
0.964023
0.964516
0.95282
0.95336
0.953729
0.954115
0.954514
0.954863
0.955193
0.955509
0.942762
0.942913
0.942976
0.943012
0.943036
0.943045
0.94305
0.943047
0.942927
0.932615
0.932396
0.932163
0.931857
0.931522
0.931205
0.930872
0.930536
0.930071
0.929784
0.922331
0.921751
0.921233
0.920609
0.919936
0.919321
0.918681
0.91804
0.917248
0.91671
0.916267
0.907381
0.906334
0.905468
0.904442
0.903333
0.902326
0.901288
0.900244
0.89904
0.89819
0.897375
0.894416
0.891643
0.889547
0.887356
0.885139
0.883209
0.881268
0.879391
0.87733
0.875887
0.87455
0.873251
0.872358
0.868506
0.864454
0.860865
0.85781
0.854883
0.852158
0.849317
0.847369
0.845644
0.843994
0.837974
0.833309
0.828921
0.82554
0.822389
0.819631
0.816927
0.815086
0.813516
0.812055
0.810536
0.803703
0.799395
0.79572
0.792407
0.789398
0.786564
0.784635
0.783041
0.78163
0.780001
0.764742
0.762669
0.761134
0.759918
0.759179
0.758651
0.75825
0.757832
0.744451
0.744587
0.744968
0.745226
0.745366
0.745338
0.646478
0.64952
0.6528
0.656256
0.660987
