0.989491
0.985796
0.986218
0.986502
0.98182
0.982195
0.982476
0.982755
0.975819
0.97613
0.97635
0.976588
0.976841
0.967758
0.967903
0.968008
0.968124
0.968267
0.968402
0.968537
0.955131
0.95503
0.954955
0.954893
0.954862
0.954855
0.954866
0.954909
0.937348
0.937166
0.937055
0.936965
0.936923
0.936919
0.936947
0.936995
0.936922
0.924305
0.924313
0.924173
0.923946
0.923687
0.923449
0.923226
0.923033
0.92273
0.922619
0.911054
0.910227
0.909853
0.909614
0.909521
0.909525
0.909587
0.909683
0.90971
0.909798
0.909847
0.923823
0.920926
0.918756
0.916384
0.913978
0.911908
0.909867
0.907914
0.905816
0.904375
0.903051
0.886168
0.883858
0.882207
0.880539
0.878905
0.877524
0.876163
0.874864
0.873439
0.87247
0.871581
0.87072
0.86984
0.86709
0.864154
0.861521
0.859261
0.857093
0.855081
0.852984
0.851542
0.850265
0.849045
0.847536
0.843341
0.839455
0.836491
0.833744
0.831345
0.829016
0.827424
0.82607
0.824811
0.823498
0.819259
0.814693
0.811096
0.808007
0.805278
0.802732
0.800988
0.799533
0.798223
0.796675
0.778292
0.774577
0.771643
0.769073
0.767414
0.766092
0.764961
0.763624
0.734798
0.733892
0.733554
0.733257
0.73294
0.732434
0.671254
0.678103
0.683487
0.68801
0.692966
