0.968706
0.986263
0.987152
0.987692
0.987948
0.987901
0.98786
0.987818
0.980257
0.980025
0.979882
0.979759
0.979677
0.967962
0.967861
0.967817
0.967806
0.967853
0.967924
0.96802
0.951912
0.952024
0.952117
0.952241
0.95241
0.952584
0.952771
0.952975
0.93554
0.935754
0.935886
0.936018
0.93616
0.936291
0.936433
0.936575
0.93659
0.923331
0.923448
0.923473
0.92346
0.923427
0.923382
0.923334
0.923282
0.923095
0.923045
0.91372
0.913589
0.913401
0.913132
0.912818
0.912517
0.912199
0.911874
0.911405
0.911131
0.910895
0.902082
0.901354
0.90071
0.899927
0.899071
0.89829
0.897489
0.896686
0.895736
0.895092
0.894475
0.889585
0.886968
0.885108
0.883234
0.881373
0.879786
0.878216
0.876723
0.875102
0.873989
0.872967
0.871982
0.871331
0.868014
0.864698
0.861888
0.859556
0.857352
0.855327
0.853248
0.851807
0.850533
0.849316
0.85369
0.849164
0.844965
0.841752
0.838758
0.836099
0.833439
0.831575
0.829949
0.828397
0.826739
0.825389
0.818369
0.812691
0.807724
0.803272
0.799032
0.796162
0.793739
0.791543
0.788927
0.744707
0.742785
0.741392
0.740321
0.739745
0.739391
0.73918
0.739053
0.727147
0.728489
0.729742
0.730888
0.732008
0.73349
0.718684
0.726208
0.732772
0.738876
0.746469
