0.98704
0.981441
0.982091
0.982536
0.975708
0.976455
0.977024
0.977589
0.969149
0.969961
0.970545
0.971166
0.971807
0.961983
0.962692
0.96323
0.963805
0.964412
0.964948
0.965422
0.953574
0.954393
0.954928
0.95546
0.955972
0.956396
0.956778
0.957124
0.947299
0.946979
0.946704
0.946388
0.94607
0.945787
0.945511
0.945253
0.944876
0.933032
0.932431
0.931951
0.931412
0.93088
0.93042
0.929968
0.929541
0.928994
0.928676
0.91926
0.918733
0.918278
0.917742
0.917176
0.916671
0.916156
0.91565
0.915006
0.914599
0.914264
0.905049
0.904162
0.903436
0.902586
0.90167
0.900841
0.899992
0.899142
0.898145
0.897462
0.896808
0.892713
0.890393
0.888619
0.886744
0.884838
0.88318
0.881512
0.879905
0.878137
0.876915
0.875788
0.874698
0.872502
0.869155
0.865677
0.862631
0.86006
0.857626
0.85539
0.853094
0.851526
0.850152
0.848848
0.84568
0.841753
0.838097
0.835304
0.83271
0.830441
0.828232
0.826718
0.825426
0.824224
0.822969
0.819272
0.814625
0.810996
0.807914
0.805224
0.802755
0.801071
0.799678
0.798436
0.796982
0.782587
0.778904
0.775925
0.773253
0.771502
0.77009
0.768869
0.767413
0.733412
0.73311
0.73321
0.733329
0.733445
0.733569
0.710603
0.725781
0.737384
0.746918
0.757163
