0.968233
0.980084
0.981323
0.982118
0.980577
0.981176
0.981617
0.982045
0.975728
0.976188
0.976516
0.976865
0.977229
0.968835
0.969172
0.969415
0.969667
0.969937
0.970172
0.970386
0.958917
0.959007
0.959048
0.959084
0.959128
0.959169
0.959208
0.95926
0.945229
0.944982
0.944773
0.944538
0.944309
0.944109
0.943922
0.943751
0.943465
0.931541
0.931204
0.930905
0.930548
0.930183
0.929854
0.929524
0.929205
0.928765
0.928515
0.919969
0.919522
0.919118
0.918629
0.918102
0.917623
0.917129
0.916636
0.916009
0.915604
0.915268
0.906785
0.905904
0.905176
0.904318
0.903393
0.902552
0.901687
0.900817
0.899803
0.899096
0.898417
0.895118
0.892736
0.890911
0.888979
0.887011
0.8853
0.883576
0.881912
0.880084
0.87881
0.877633
0.876493
0.874746
0.871252
0.867602
0.864391
0.861677
0.85911
0.856758
0.854367
0.852725
0.851289
0.849933
0.846703
0.843697
0.840791
0.838453
0.836165
0.834055
0.831864
0.830312
0.828936
0.827605
0.826169
0.809612
0.805837
0.802939
0.800471
0.798297
0.796281
0.794885
0.793722
0.792676
0.79144
0.773807
0.771445
0.769343
0.767251
0.765821
0.764599
0.763485
0.762086
0.730329
0.728839
0.728181
0.727659
0.727145
0.726382
0.645069
0.653752
0.660756
0.66694
0.674313
