0.988669
0.983686
0.98417
0.984497
0.978612
0.979106
0.979482
0.979853
0.971653
0.972116
0.972464
0.97285
0.973266
0.963277
0.963591
0.963854
0.964162
0.964526
0.964869
0.965193
0.951181
0.951497
0.951733
0.952004
0.952313
0.952603
0.952895
0.953191
0.937122
0.937484
0.937696
0.937889
0.938068
0.938215
0.93836
0.938492
0.938497
0.926206
0.926347
0.926368
0.926331
0.926257
0.926161
0.926053
0.925932
0.925682
0.925568
0.917187
0.916995
0.916765
0.916443
0.916066
0.915702
0.915311
0.914908
0.914367
0.914017
0.913721
0.90618
0.905274
0.904538
0.903683
0.902769
0.901934
0.901072
0.900203
0.899194
0.89848
0.897793
0.894446
0.892239
0.890546
0.88875
0.886919
0.885323
0.883708
0.882131
0.88038
0.879139
0.877979
0.876844
0.879745
0.876005
0.872013
0.868429
0.865346
0.862382
0.859625
0.856757
0.854778
0.853024
0.851342
0.844593
0.839973
0.835685
0.832411
0.829371
0.826718
0.824148
0.822394
0.820906
0.819523
0.818082
0.811247
0.806965
0.803631
0.800789
0.798293
0.796
0.794414
0.793097
0.791916
0.790526
0.780591
0.776733
0.773568
0.770681
0.768727
0.767108
0.765674
0.76392
0.731512
0.730264
0.729637
0.729109
0.728587
0.727842
0.668937
0.67502
0.679993
0.684307
0.689192
