0.987179
0.97899
0.980208
0.980983
0.979152
0.979679
0.98007
0.980449
0.97347
0.973806
0.974059
0.974344
0.974659
0.964615
0.964887
0.965123
0.9654
0.96573
0.966042
0.966338
0.953482
0.953743
0.953941
0.954173
0.954442
0.954695
0.954948
0.955206
0.940302
0.940571
0.94073
0.940878
0.941025
0.941152
0.94128
0.941395
0.941392
0.931035
0.930903
0.930734
0.930501
0.930246
0.93001
0.929775
0.929546
0.929205
0.929018
0.919835
0.91979
0.919685
0.919502
0.919252
0.91898
0.918663
0.918312
0.917802
0.917455
0.917148
0.921039
0.918179
0.916078
0.9138
0.911502
0.909529
0.907579
0.905703
0.903675
0.90228
0.900995
0.885049
0.88253
0.880733
0.878931
0.877183
0.875719
0.874291
0.872948
0.871498
0.870512
0.869611
0.868746
0.866859
0.864458
0.861906
0.859623
0.857665
0.855787
0.854036
0.852203
0.850928
0.849793
0.848699
0.85254
0.848262
0.844191
0.841006
0.837983
0.835281
0.832577
0.830704
0.829079
0.827538
0.825905
0.81417
0.809895
0.806317
0.803128
0.800246
0.797539
0.795671
0.794118
0.79273
0.791109
0.768354
0.767479
0.766779
0.766103
0.765669
0.765298
0.764947
0.76446
0.736468
0.733
0.730911
0.72926
0.727797
0.725992
0.662701
0.672937
0.681412
0.688915
0.69772
