0.989493
0.985251
0.985713
0.986029
0.981002
0.981468
0.981822
0.982174
0.975258
0.97572
0.976052
0.976407
0.976778
0.968517
0.968859
0.96911
0.969372
0.969654
0.969902
0.970128
0.958955
0.959085
0.959158
0.959233
0.959317
0.959394
0.959468
0.95955
0.946281
0.946132
0.945989
0.945818
0.945644
0.945485
0.945328
0.945179
0.944916
0.934058
0.933694
0.933367
0.93297
0.932556
0.932177
0.931789
0.931406
0.930895
0.93058
0.923095
0.922421
0.921842
0.921165
0.920454
0.919818
0.919166
0.918521
0.917727
0.917201
0.916768
0.908556
0.907219
0.906166
0.904973
0.903733
0.902647
0.901557
0.900488
0.899274
0.898439
0.897651
0.890884
0.888398
0.88657
0.884672
0.882741
0.881074
0.879414
0.877832
0.876109
0.874922
0.87383
0.872777
0.869319
0.866532
0.863586
0.86098
0.858723
0.856525
0.854462
0.852305
0.850807
0.849478
0.848203
0.848743
0.844549
0.840572
0.837503
0.83462
0.832034
0.829449
0.827638
0.826068
0.824583
0.823012
0.816803
0.811773
0.807717
0.804181
0.801046
0.798115
0.796104
0.794405
0.792862
0.791023
0.766479
0.763217
0.760547
0.758094
0.756502
0.75522
0.754112
0.752787
0.723681
0.722813
0.722521
0.722342
0.722199
0.722001
0.682875
0.684246
0.686472
0.689187
0.693212
