0.969242
0.972298
0.973943
0.975022
0.972536
0.973704
0.97456
0.975384
0.969915
0.970726
0.971306
0.971922
0.972554
0.963878
0.964383
0.96478
0.965217
0.965697
0.966126
0.966513
0.954046
0.954328
0.954534
0.954771
0.955043
0.955297
0.955549
0.955802
0.940365
0.940486
0.940536
0.94057
0.940605
0.940635
0.940673
0.94071
0.940618
0.927714
0.927728
0.927651
0.927503
0.927316
0.927124
0.926921
0.926713
0.926366
0.92619
0.916984
0.916745
0.916449
0.916041
0.915564
0.915109
0.914625
0.914135
0.913494
0.913087
0.912749
0.903782
0.902838
0.90207
0.901156
0.900157
0.899251
0.898318
0.897385
0.896309
0.895567
0.894863
0.88977
0.887402
0.885645
0.883842
0.882043
0.880485
0.878918
0.877411
0.87577
0.874624
0.873568
0.87255
0.871948
0.868967
0.865833
0.863072
0.860735
0.858503
0.856418
0.854245
0.852728
0.85138
0.850087
0.851373
0.847043
0.842944
0.83977
0.836797
0.834174
0.831577
0.829771
0.828203
0.826719
0.825146
0.819832
0.814227
0.809824
0.806042
0.8027
0.799555
0.797433
0.795657
0.794049
0.792125
0.766761
0.762642
0.75929
0.75626
0.754289
0.752701
0.751336
0.749723
0.710703
0.711262
0.712009
0.712851
0.713795
0.715201
0.724505
0.734744
0.743015
0.750159
0.758283
