0.970872
0.975788
0.977484
0.978573
0.978545
0.979397
0.980001
0.980568
0.974676
0.974984
0.975213
0.975471
0.975757
0.964233
0.964506
0.964749
0.96504
0.965385
0.965712
0.966021
0.950603
0.951112
0.951486
0.951905
0.952369
0.9528
0.953227
0.953644
0.938915
0.939548
0.939952
0.94034
0.940698
0.940993
0.941275
0.94153
0.94167
0.931321
0.931692
0.931847
0.931917
0.931909
0.931839
0.931723
0.931571
0.931275
0.931104
0.925044
0.924687
0.924293
0.923765
0.923157
0.922571
0.921937
0.921281
0.920456
0.919887
0.919415
0.914071
0.912218
0.910836
0.909316
0.907761
0.906407
0.905053
0.90373
0.902248
0.901227
0.900268
0.893373
0.890159
0.887828
0.885466
0.883164
0.881235
0.87936
0.877607
0.875727
0.874468
0.873329
0.872244
0.865028
0.862156
0.859191
0.856616
0.854467
0.852463
0.850655
0.848815
0.847596
0.846541
0.845553
0.841878
0.838475
0.835342
0.832975
0.830811
0.82896
0.82721
0.826042
0.82507
0.824189
0.823289
0.82412
0.820113
0.816871
0.814055
0.811563
0.809288
0.807726
0.806447
0.805323
0.804032
0.796424
0.793482
0.791155
0.789115
0.787771
0.786686
0.785744
0.7846
0.762271
0.761346
0.760898
0.760444
0.75992
0.759054
0.687864
0.692415
0.695678
0.698104
0.700233
