0.988261
0.98316
0.983725
0.984107
0.978155
0.978727
0.979159
0.979588
0.971441
0.972013
0.972428
0.972876
0.973345
0.963579
0.96407
0.964439
0.964835
0.965263
0.965644
0.96599
0.953315
0.953694
0.953957
0.954241
0.954544
0.954819
0.955087
0.955353
0.941716
0.9419
0.942
0.942087
0.942171
0.94224
0.94231
0.942374
0.942326
0.931795
0.931729
0.931618
0.931452
0.931263
0.931074
0.930875
0.93067
0.930338
0.930154
0.923011
0.922578
0.922176
0.921679
0.921138
0.920639
0.920118
0.919591
0.918915
0.918468
0.918095
0.910907
0.909634
0.908639
0.90751
0.906326
0.905274
0.90421
0.903154
0.901942
0.901105
0.900309
0.894561
0.891809
0.889762
0.887648
0.885547
0.883756
0.881986
0.880304
0.878475
0.877228
0.876084
0.874981
0.870202
0.867221
0.864094
0.86133
0.858986
0.85676
0.854715
0.852604
0.851166
0.849904
0.848702
0.846479
0.842649
0.839048
0.83627
0.83367
0.831386
0.829156
0.827626
0.826319
0.825101
0.823826
0.820396
0.815411
0.81155
0.808289
0.805456
0.802892
0.80114
0.799704
0.798434
0.796963
0.778264
0.775718
0.773962
0.772654
0.771884
0.771336
0.770908
0.770425
0.737702
0.73402
0.732007
0.73069
0.729735
0.728816
0.693798
0.70064
0.705799
0.709889
0.713937
