0.976481
0.974111
0.975431
0.976311
0.971636
0.972754
0.973583
0.974388
0.96778
0.9687
0.969356
0.970049
0.970754
0.962435
0.963008
0.963431
0.96388
0.964359
0.964783
0.965163
0.952811
0.952879
0.95294
0.953031
0.953163
0.953307
0.953469
0.953657
0.935356
0.935744
0.936013
0.936295
0.93659
0.936856
0.937127
0.937387
0.937532
0.924447
0.925035
0.925382
0.925692
0.925953
0.926138
0.926303
0.92643
0.926425
0.926471
0.919738
0.919789
0.919709
0.919529
0.919276
0.919002
0.918684
0.918331
0.917815
0.917466
0.917159
0.916163
0.914357
0.912887
0.911192
0.9094
0.90781
0.906204
0.904628
0.902866
0.901652
0.900516
0.8822
0.880039
0.878522
0.877
0.875513
0.874258
0.873024
0.871854
0.870545
0.869664
0.868846
0.868042
0.871556
0.868163
0.864525
0.861242
0.858404
0.855668
0.853119
0.850452
0.848644
0.847051
0.845534
0.831979
0.827937
0.824467
0.82201
0.819885
0.818155
0.816602
0.815584
0.814757
0.814022
0.813278
0.82971
0.818974
0.811382
0.805468
0.800697
0.796718
0.79414
0.792136
0.79046
0.788643
0.778498
0.776242
0.774468
0.772904
0.771892
0.771077
0.770367
0.769503
0.756376
0.754895
0.75407
0.753387
0.752733
0.751818
0.633706
0.642497
0.648623
0.653125
0.65716
