0.983483
0.98064
0.981395
0.981906
0.977335
0.977974
0.978457
0.978934
0.972187
0.972721
0.973108
0.973526
0.973964
0.965289
0.965661
0.965942
0.966246
0.966579
0.96688
0.967156
0.955049
0.955262
0.955408
0.95557
0.955753
0.955925
0.956097
0.956276
0.94244
0.942507
0.942527
0.942533
0.942539
0.942543
0.942551
0.942557
0.942457
0.931633
0.931569
0.931455
0.931284
0.931088
0.930892
0.930684
0.930468
0.93013
0.929935
0.92273
0.922402
0.922062
0.921617
0.921112
0.920635
0.920127
0.919607
0.918939
0.918484
0.918103
0.911705
0.910516
0.909559
0.908452
0.907267
0.906195
0.905092
0.903988
0.902724
0.901832
0.90098
0.89698
0.89402
0.891811
0.889526
0.887251
0.885308
0.883377
0.881532
0.879529
0.878143
0.87687
0.875644
0.871861
0.868575
0.86514
0.862113
0.859551
0.857124
0.854891
0.852591
0.85101
0.849615
0.848284
0.846332
0.842337
0.838576
0.835663
0.832922
0.830496
0.828102
0.826447
0.825019
0.823673
0.822248
0.818129
0.81288
0.808685
0.805034
0.801765
0.798674
0.796551
0.794768
0.793159
0.791254
0.767015
0.763984
0.761696
0.759853
0.758692
0.757836
0.757165
0.756458
0.742812
0.743243
0.743833
0.744339
0.744784
0.745277
0.705205
0.71112
0.715993
0.720292
0.725307
