0.983747
0.980636
0.981495
0.982072
0.977579
0.97834
0.978911
0.97947
0.973176
0.973839
0.974315
0.974822
0.975344
0.967382
0.967854
0.968203
0.96857
0.968958
0.969298
0.9696
0.958243
0.958424
0.95854
0.958665
0.958805
0.958932
0.959055
0.959185
0.944617
0.944634
0.944609
0.944562
0.944517
0.944476
0.94444
0.944403
0.944255
0.932623
0.932717
0.932686
0.932571
0.932396
0.932197
0.931973
0.931731
0.931353
0.931121
0.924995
0.924556
0.924099
0.923502
0.922818
0.922164
0.921461
0.920743
0.919856
0.919247
0.918745
0.912872
0.910984
0.909554
0.907966
0.906329
0.904895
0.903456
0.902047
0.900477
0.899395
0.898386
0.88916
0.886162
0.884039
0.881921
0.879874
0.878166
0.876502
0.874942
0.873261
0.872123
0.871086
0.870093
0.86862
0.865205
0.861664
0.858586
0.85602
0.853631
0.851478
0.84932
0.84787
0.846621
0.845456
0.839203
0.836972
0.834851
0.833182
0.831581
0.830131
0.828638
0.827593
0.826668
0.825777
0.824805
0.820606
0.814364
0.809634
0.805727
0.80241
0.799487
0.797545
0.79599
0.794651
0.793152
0.77991
0.777636
0.776045
0.774831
0.774126
0.773629
0.773246
0.772821
0.737093
0.735245
0.734499
0.734137
0.733969
0.733918
0.698525
0.706766
0.713329
0.718926
0.725197
