0.978872
0.976187
0.977341
0.978115
0.973463
0.974456
0.9752
0.975929
0.969465
0.97031
0.970919
0.971567
0.972233
0.963797
0.964446
0.964933
0.96545
0.965995
0.966473
0.966896
0.95566
0.956107
0.956406
0.956716
0.957035
0.957313
0.957574
0.957826
0.944982
0.945039
0.945038
0.945011
0.944975
0.944932
0.944887
0.944838
0.944672
0.933781
0.933576
0.933353
0.933058
0.932733
0.932423
0.932099
0.93177
0.931309
0.93103
0.923533
0.922947
0.922423
0.921793
0.921118
0.920504
0.919869
0.919234
0.918444
0.917919
0.917486
0.909445
0.908068
0.906986
0.905765
0.904496
0.903378
0.902255
0.90115
0.899892
0.899029
0.898213
0.891632
0.888953
0.886983
0.884943
0.882895
0.881146
0.879416
0.877774
0.875991
0.874773
0.873658
0.872584
0.868622
0.865661
0.862562
0.859836
0.857502
0.855264
0.853194
0.851048
0.84958
0.848287
0.847055
0.845358
0.841359
0.837612
0.834739
0.832059
0.829682
0.827339
0.825724
0.824338
0.823041
0.821681
0.817738
0.812633
0.808706
0.805402
0.802546
0.799949
0.798178
0.796705
0.795385
0.793833
0.783364
0.778999
0.77552
0.772428
0.770408
0.768781
0.767375
0.765689
0.728229
0.726917
0.726298
0.725812
0.725364
0.724756
0.667702
0.676857
0.684392
0.691038
0.69882
