0.983384
0.981278
0.982131
0.982705
0.978304
0.979122
0.97973
0.980321
0.975275
0.975871
0.976292
0.976732
0.977181
0.969875
0.97024
0.970492
0.970743
0.971
0.971217
0.97141
0.960509
0.960398
0.960293
0.960176
0.96007
0.959983
0.959904
0.959853
0.943866
0.943595
0.943387
0.943166
0.942964
0.942797
0.942648
0.942519
0.942283
0.929233
0.929237
0.929178
0.929068
0.928934
0.928791
0.928637
0.928473
0.928187
0.928031
0.92039
0.920214
0.919975
0.919629
0.919215
0.918806
0.918358
0.917886
0.917263
0.916837
0.916474
0.910929
0.909691
0.908685
0.907511
0.906251
0.905113
0.903941
0.902764
0.901417
0.900463
0.899551
0.89561
0.892448
0.890083
0.887632
0.885184
0.883088
0.881007
0.879023
0.876875
0.87539
0.874031
0.872724
0.867529
0.864165
0.860658
0.857557
0.854926
0.852427
0.850125
0.847755
0.846136
0.844712
0.84336
0.839356
0.835413
0.831767
0.82896
0.826336
0.824029
0.821775
0.820224
0.818896
0.817654
0.816354
0.813276
0.808509
0.804799
0.801663
0.798891
0.7963
0.794513
0.793013
0.791655
0.790037
0.772407
0.768526
0.765368
0.762538
0.760673
0.759142
0.757793
0.756155
0.723664
0.723125
0.723032
0.722983
0.722929
0.722784
0.680227
0.685107
0.688801
0.691773
0.694817
