0.988704
0.983779
0.984328
0.984699
0.978962
0.979521
0.979943
0.98036
0.972548
0.973107
0.97351
0.973943
0.974397
0.965086
0.965557
0.96591
0.966286
0.966691
0.96705
0.967374
0.955312
0.955662
0.955901
0.956156
0.956425
0.956666
0.956897
0.957126
0.944171
0.94432
0.944381
0.944416
0.944436
0.94444
0.944438
0.944425
0.944301
0.934482
0.934344
0.934157
0.933891
0.933583
0.933279
0.932949
0.932608
0.932134
0.931829
0.925966
0.92533
0.924744
0.924021
0.923229
0.922496
0.921727
0.92095
0.920002
0.919349
0.918813
0.912735
0.910668
0.909133
0.907451
0.90574
0.904259
0.902789
0.901363
0.899783
0.898702
0.897695
0.887954
0.885022
0.882903
0.880755
0.878658
0.876897
0.875179
0.87357
0.87184
0.870675
0.869618
0.868608
0.862949
0.860275
0.857502
0.855067
0.853007
0.851056
0.849265
0.847416
0.846159
0.845054
0.844003
0.842832
0.839306
0.835991
0.833424
0.831008
0.828869
0.826763
0.825308
0.824056
0.822882
0.821644
0.820391
0.815256
0.811231
0.807805
0.804788
0.801973
0.800041
0.798423
0.796963
0.795227
0.77487
0.771025
0.767886
0.765049
0.763188
0.761672
0.760348
0.758753
0.722962
0.722779
0.722951
0.723157
0.72338
0.723677
0.665274
0.677856
0.687803
0.696282
0.705874
