0.9884
0.983354
0.983849
0.984188
0.978265
0.97879
0.979186
0.979577
0.971492
0.972002
0.972375
0.972782
0.973213
0.963536
0.963916
0.96422
0.964561
0.964948
0.965303
0.965631
0.952715
0.953002
0.953218
0.953468
0.953757
0.954031
0.954309
0.954591
0.939858
0.940179
0.940373
0.940553
0.940725
0.940866
0.941004
0.941128
0.941133
0.930662
0.930641
0.930529
0.930342
0.930119
0.929897
0.929663
0.929427
0.929071
0.92887
0.920406
0.920113
0.919855
0.919535
0.919176
0.91883
0.918453
0.918055
0.917507
0.917134
0.916811
0.920308
0.917296
0.915157
0.912891
0.910648
0.908752
0.906901
0.905136
0.903248
0.901943
0.900743
0.889402
0.886983
0.885174
0.883293
0.881408
0.879784
0.878163
0.876604
0.874891
0.873704
0.872605
0.871538
0.868896
0.865835
0.862604
0.859724
0.857256
0.854888
0.852684
0.850382
0.848793
0.847384
0.846032
0.846642
0.84195
0.837607
0.83429
0.831204
0.828492
0.825827
0.823989
0.822406
0.820913
0.819333
0.811128
0.805997
0.801919
0.798385
0.795227
0.79222
0.790159
0.788415
0.786825
0.784915
0.760476
0.756812
0.753834
0.751134
0.749357
0.747909
0.746645
0.745122
0.712608
0.711776
0.711518
0.711354
0.711216
0.711017
0.657936
0.667752
0.67573
0.682653
0.690553
