0.953669
0.977259
0.977722
0.978264
0.985429
0.986559
0.987195
0.987675
0.980711
0.97988
0.979412
0.979027
0.978758
0.963476
0.964171
0.964691
0.965236
0.965802
0.96629
0.966716
0.956032
0.956268
0.956417
0.956575
0.956757
0.956925
0.95709
0.957258
0.942803
0.942663
0.942538
0.942393
0.942254
0.942139
0.942043
0.941966
0.941775
0.928508
0.928495
0.92842
0.928284
0.928114
0.927936
0.927742
0.927543
0.927215
0.927051
0.917626
0.917537
0.917363
0.917093
0.916756
0.916417
0.916041
0.915645
0.915102
0.914754
0.914459
0.907261
0.90629
0.905512
0.904612
0.903657
0.902799
0.90192
0.901038
0.900016
0.8993
0.898614
0.896222
0.89355
0.891566
0.889514
0.88747
0.885722
0.883987
0.882333
0.880535
0.879289
0.878142
0.877034
0.874319
0.871161
0.867802
0.8648
0.862236
0.859792
0.85754
0.855235
0.853658
0.852278
0.850972
0.846095
0.843053
0.840213
0.838004
0.8359
0.834003
0.832078
0.830723
0.829532
0.82839
0.827157
0.814426
0.810299
0.80717
0.804611
0.80247
0.800633
0.799377
0.798377
0.797507
0.796514
0.785045
0.77766
0.771788
0.766647
0.763278
0.760575
0.758264
0.755566
0.723951
0.724259
0.724792
0.725282
0.725738
0.726274
0.677341
0.684756
0.690623
0.695592
0.701109
