0.981517
0.976871
0.977865
0.978536
0.972764
0.973674
0.974364
0.975046
0.967417
0.968244
0.968857
0.969524
0.970223
0.96092
0.961667
0.962237
0.962848
0.963494
0.964066
0.964572
0.952519
0.953137
0.953568
0.954027
0.954502
0.954919
0.955317
0.955696
0.94295
0.943275
0.943459
0.94362
0.943764
0.943876
0.94398
0.944066
0.944038
0.934139
0.934107
0.933995
0.933806
0.933572
0.933333
0.933071
0.932796
0.932392
0.932143
0.925537
0.925034
0.924557
0.923961
0.923301
0.922686
0.922038
0.921382
0.920573
0.920018
0.91956
0.912463
0.911052
0.909951
0.9087
0.907383
0.90621
0.905015
0.903828
0.902483
0.901541
0.900649
0.895039
0.892184
0.890068
0.887887
0.885717
0.883861
0.882017
0.880258
0.878346
0.877025
0.87581
0.874641
0.871714
0.868499
0.865129
0.862152
0.859622
0.85721
0.85498
0.852664
0.851073
0.849667
0.848322
0.846757
0.842432
0.838367
0.83523
0.832288
0.829693
0.82713
0.825375
0.823866
0.822449
0.820958
0.812177
0.807227
0.803375
0.800111
0.797267
0.79466
0.792899
0.79145
0.790165
0.788669
0.770764
0.767886
0.765646
0.763738
0.762525
0.761588
0.760812
0.759925
0.738357
0.738545
0.739019
0.739434
0.73978
0.740102
0.658294
0.668854
0.678059
0.68652
0.696815
