0.986101
0.984352
0.984865
0.985208
0.980093
0.980572
0.980932
0.981286
0.974263
0.974691
0.975005
0.975348
0.975714
0.967172
0.967477
0.967722
0.967997
0.968309
0.968596
0.968862
0.957145
0.957359
0.957511
0.957686
0.957888
0.958078
0.958266
0.958459
0.944902
0.945007
0.945037
0.94504
0.945034
0.945017
0.944999
0.944975
0.944834
0.934013
0.933896
0.93372
0.933461
0.933158
0.93286
0.93254
0.932213
0.93175
0.931467
0.924137
0.923587
0.923079
0.922452
0.921766
0.921133
0.92047
0.919805
0.918982
0.918429
0.917974
0.910049
0.908632
0.907543
0.906317
0.905039
0.903908
0.902764
0.901634
0.900351
0.899463
0.898623
0.892546
0.889753
0.887699
0.885594
0.883514
0.881748
0.880003
0.878348
0.876554
0.875322
0.874193
0.873106
0.8685
0.865641
0.862654
0.860024
0.857795
0.855678
0.853725
0.851702
0.850311
0.849082
0.847905
0.847137
0.843282
0.839638
0.836816
0.834166
0.831826
0.82953
0.827937
0.826566
0.825276
0.823912
0.82742
0.821755
0.816916
0.812528
0.808493
0.804597
0.801906
0.799623
0.797554
0.795094
0.769384
0.766394
0.764004
0.76187
0.760471
0.759336
0.758347
0.757153
0.732516
0.731996
0.731862
0.731735
0.731575
0.731271
0.679731
0.68479
0.688737
0.691982
0.695365
