0.990909
0.985053
0.98622
0.986822
0.978876
0.977883
0.977423
0.977178
0.955703
0.958956
0.961084
0.963168
0.965111
0.966549
0.967087
0.967481
0.967891
0.96832
0.968691
0.96902
0.958126
0.958172
0.958218
0.958288
0.958391
0.958501
0.958618
0.958749
0.943503
0.943801
0.943962
0.944094
0.944203
0.94428
0.944347
0.944397
0.944333
0.93422
0.934207
0.934107
0.933927
0.933699
0.933461
0.933196
0.932917
0.932512
0.932257
0.925749
0.925334
0.924919
0.924384
0.923779
0.923206
0.922593
0.921964
0.921185
0.920639
0.920186
0.914295
0.912944
0.911875
0.910649
0.909344
0.90817
0.906963
0.905754
0.904381
0.903401
0.902467
0.89902
0.895881
0.893542
0.891122
0.888709
0.886644
0.884591
0.882631
0.880512
0.879036
0.877681
0.876378
0.872659
0.869265
0.865734
0.86263
0.860003
0.857505
0.8552
0.852811
0.851167
0.849711
0.848318
0.847044
0.842689
0.838577
0.835379
0.832357
0.829667
0.826982
0.825134
0.823534
0.82202
0.820417
0.809863
0.805028
0.801204
0.797927
0.795043
0.792371
0.790554
0.789051
0.787711
0.786143
0.76603
0.76288
0.760374
0.758202
0.756804
0.755711
0.7548
0.753766
0.727966
0.729016
0.730082
0.731122
0.732181
0.733628
0.741742
0.751885
0.760046
0.767055
0.774969
