0.97607
0.974375
0.97578
0.976716
0.972769
0.973955
0.974828
0.97567
0.970296
0.971266
0.971941
0.972639
0.973335
0.966815
0.967405
0.967809
0.968209
0.968611
0.968952
0.96925
0.958783
0.959302
0.959572
0.959785
0.959944
0.960041
0.960099
0.960144
0.948228
0.946534
0.945462
0.944461
0.943612
0.942968
0.94243
0.942004
0.94151
0.920628
0.921419
0.921946
0.922492
0.923033
0.92348
0.923919
0.924316
0.924585
0.924844
0.917272
0.917829
0.918082
0.918223
0.918272
0.918256
0.918193
0.918078
0.917791
0.917617
0.91744
0.915398
0.913523
0.912124
0.910585
0.909006
0.907634
0.906276
0.904975
0.903538
0.902564
0.901653
0.890423
0.888324
0.886749
0.885102
0.883435
0.881984
0.880516
0.879088
0.877487
0.876391
0.875378
0.874391
0.871989
0.868932
0.865679
0.862768
0.860269
0.857867
0.855628
0.853286
0.851675
0.850247
0.848882
0.845369
0.841259
0.837454
0.834556
0.831875
0.829537
0.827272
0.825716
0.824388
0.82315
0.821855
0.821123
0.816117
0.812133
0.808679
0.80559
0.802646
0.800629
0.798923
0.797371
0.795508
0.766028
0.762258
0.75937
0.756973
0.755477
0.754352
0.75345
0.752471
0.730269
0.731541
0.73274
0.733757
0.734672
0.735751
0.711717
0.717755
0.722621
0.726761
0.731303
