0.95358
0.986294
0.987814
0.988692
0.994147
0.993485
0.993008
0.992562
0.982383
0.981935
0.981663
0.981424
0.981243
0.969108
0.9691
0.969133
0.969208
0.96934
0.969485
0.96964
0.95547
0.955714
0.955879
0.956062
0.956272
0.956468
0.956664
0.956864
0.942505
0.942673
0.942736
0.942747
0.942718
0.94267
0.942611
0.942548
0.942362
0.930461
0.930441
0.930328
0.930129
0.929863
0.929569
0.929232
0.928878
0.928388
0.928085
0.920584
0.920109
0.919652
0.919086
0.918472
0.917898
0.917281
0.916642
0.915842
0.915294
0.914843
0.909376
0.907705
0.906454
0.905073
0.903662
0.90244
0.90123
0.900048
0.898719
0.89779
0.89691
0.893138
0.889744
0.887295
0.88482
0.882403
0.880375
0.878399
0.876553
0.87458
0.873255
0.872053
0.870904
0.862714
0.859798
0.856753
0.854082
0.851836
0.849725
0.847804
0.845837
0.844526
0.843388
0.842318
0.836449
0.833278
0.830353
0.828139
0.826108
0.82436
0.822699
0.821567
0.820614
0.819739
0.818833
0.821726
0.817625
0.814417
0.811667
0.809235
0.806979
0.805395
0.804064
0.802853
0.8014
0.793993
0.788671
0.784129
0.779774
0.776785
0.774234
0.771918
0.769022
0.70983
0.709809
0.710127
0.710429
0.710703
0.711002
0.670626
0.677637
0.683619
0.689095
0.695794
