1e-05  1.52637  2.89879
1.12934e-05  1.52776  2.89758
1.2754e-05  1.52925  2.8963
1.44035e-05  1.53085  2.89493
1.62664e-05  1.53255  2.89347
1.83701e-05  1.53438  2.89192
2.07459e-05  1.53633  2.89026
2.34289e-05  1.53843  2.88849
2.64589e-05  1.54067  2.8866
2.98806e-05  1.54307  2.88459
3.37448e-05  1.54564  2.88244
3.81085e-05  1.54839  2.88015
4.30364e-05  1.55134  2.8777
4.86013e-05  1.55449  2.87509
5.48856e-05  1.55787  2.8723
6.19822e-05  1.56148  2.86933
6.99959e-05  1.56534  2.86616
7.90453e-05  1.56947  2.86278
8.9264e-05  1.57388  2.85917
0.000100803  1.5786  2.85532
0.000113832  1.58363  2.85123
0.000128545  1.589  2.84686
0.000145157  1.59472  2.84222
0.000163914  1.60082  2.83727
0.000185092  1.60731  2.83202
0.000209003  1.61421  2.82644
0.000235998  1.62154  2.82051
0.000266475  1.62932  2.81422
0.00030088  1.63756  2.80756
0.000339718  1.64628  2.80051
0.000383558  1.6555  2.79305
0.000433041  1.66523  2.78517
0.000488889  1.67548  2.77687
0.000551916  1.68626  2.76812
0.000623038  1.69757  2.75891
0.000703286  1.70943  2.74924
0.000793822  1.72184  2.73911
0.00089595  1.73478  2.7285
0.00101114  1.74826  2.71741
0.00114103  1.76227  2.70583
0.00128749  1.7768  2.69378
0.00145258  1.79182  2.68125
0.00163864  1.80733  2.66824
0.00184826  1.8233  2.65476
0.00208437  1.83971  2.64081
0.00235022  1.85652  2.62641
0.00264945  1.87371  2.61157
0.00298611  1.89126  2.59628
0.0033647  1.90912  2.58057
0.00379022  1.92727  2.56444
0.0042682  1.94569  2.5479
0.00480478  1.96434  2.53095
0.0054067  1.9832  2.51361
0.00608136  2.00224  2.49587
0.0068369  2.02146  2.47774
0.00768216  2.04084  2.45921
0.00862678  2.06037  2.44029
0.00968117  2.08005  2.42097
0.0108566  2.09989  2.40124
0.0121649  2.11989  2.38109
0.0136191  2.14007  2.36051
0.0152325  2.16045  2.33949
0.0170193  2.18106  2.31802
0.0189942  2.20192  2.29608
0.0211725  2.22307  2.27367
0.0235696  2.24453  2.25078
0.0262013  2.26635  2.22739
0.029083  2.28854  2.20351
0.0322304  2.31114  2.17913
0.0356582  2.33416  2.15427
0.0393809  2.35762  2.12892
0.0434119  2.38151  2.1031
0.0477636  2.40581  2.07684
0.0524469  2.4305  2.05014
0.0574716  2.45552  2.02305
0.0628458  2.4808  1.99559
0.0685759  2.50625  1.96779
0.0746668  2.53175  1.93968
0.0811213  2.55716  1.9113
0.087941  2.5823  1.88268
0.0951255  2.60698  1.85384
0.102673  2.63097  1.8248
0.11058  2.65401  1.79557
0.118843  2.6758  1.76615
0.127456  2.69602  1.73652
0.136411  2.71431  1.70666
0.145702  2.73029  1.67653
0.155321  2.74351  1.64606
0.165258  2.75351  1.61518
0.175505  2.75981  1.58381
0.186052  2.76187  1.55183
0.196889  2.75915  1.51912
0.208007  2.75109  1.48555
0.219395  2.73713  1.45098
0.231045  2.71673  1.41528
0.242947  2.68939  1.37831
0.255091  2.65464  1.33995
0.267467  2.61215  1.30011
0.280068  2.56167  1.25871
0.292884  2.50311  1.21574
0.305906  2.43654  1.17122
0.319127  2.36223  1.12521
0.332539  2.28064  1.07788
0.346134  2.19245  1.0294
0.359905  2.09851  0.980029
0.373844  1.99983  0.930073
0.387946  1.89755  0.879864
0.402204  1.79288  0.829761
0.416611  1.68705  0.780128
0.431162  1.58126  0.731319
0.445852  1.47664  0.683665
0.460674  1.37418  0.637459
0.475624  1.27473  0.592947
0.490697  1.17896  0.550324
0.505889  1.08737  0.50973
0.521194  1.00027  0.471252
0.536609  0.917819  0.434926
0.55213  0.840023  0.400747
0.567753  0.766764  0.368668
0.583474  0.697821  0.338615
0.599289  0.632895  0.310487
0.615196  0.57163  0.284169
0.631191  0.513634  0.259531
0.647272  0.458493  0.236438
0.663434  0.405788  0.214755
0.679676  0.355108  0.194347
0.695995  0.306057  0.175081
0.712388  0.258262  0.156834
0.728853  0.21138  0.139486
0.745387  0.1651  0.122931
0.761989  0.119147  0.107068
0.778655  0.0732849  0.0918071
0.795385  0.0273166  0.0770682
0.812177  -0.0189157  0.0627819
0.829027  -0.0655313  0.0488858
0.845935  -0.112608  0.035331
0.862899  -0.16019  0.0220741
0.879917  -0.20828  0.00908199
0.896988  -0.256852  -0.00367035
0.914109  -0.305842  -0.0162013
0.931281  -0.35516  -0.0285206
0.9485  -0.404686  -0.0406332
0.965767  -0.454278  -0.0525384
0.983079  -0.503771  -0.0642271
1.00043  -0.552983  -0.0756902
1.01783  -0.601718  -0.0869122
1.03528  -0.649772  -0.0978738
1.05276  -0.696928  -0.108555
1.07028  -0.742969  -0.118934
1.08784  -0.78768  -0.128987
1.10544  -0.830848  -0.13869
1.12307  -0.872262  -0.148016
1.14074  -0.911727  -0.156946
1.15845  -0.949054  -0.165453
1.17619  -0.98407  -0.173517
1.19396  -1.01662  -0.181117
1.21177  -1.04655  -0.188233
1.22961  -1.07375  -0.194851
1.24748  -1.0981  -0.200953
1.26537  -1.11953  -0.206529
1.2833  -1.13795  -0.211566
1.30126  -1.15332  -0.216056
1.31925  -1.1656  -0.219994
1.33726  -1.17477  -0.223372
1.3553  -1.18084  -0.226189
1.37336  -1.18382  -0.228444
1.39146  -1.18372  -0.230134
1.40957  -1.1806  -0.231263
1.42771  -1.17449  -0.231832
1.44588  -1.16548  -0.231844
1.46407  -1.15361  -0.231304
1.48228  -1.13898  -0.230216
1.50052  -1.12166  -0.228586
1.51877  -1.10175  -0.226418
1.53705  -1.07934  -0.223718
1.55535  -1.05453  -0.220495
1.57368  -1.02741  -0.216752
1.59202  -0.998104  -0.212497
1.61038  -0.966703  -0.207735
1.62876  -0.933317  -0.202471
1.64716  -0.89805  -0.196714
1.66558  -0.861009  -0.190468
1.68402  -0.822298  -0.183738
1.70248  -0.782017  -0.17653
1.72095  -0.740272  -0.168848
1.73944  -0.69716  -0.1607
1.75795  -0.65278  -0.152089
1.77648  -0.607226  -0.143018
1.79502  -0.560591  -0.133496
1.81358  -0.512967  -0.123523
1.83215  -0.464439  -0.113104
1.85074  -0.415093  -0.102245
1.86935  -0.365007  -0.0909496
1.88797  -0.314265  -0.0792211
1.90661  -0.26294  -0.0670645
1.92526  -0.211104  -0.0544834
1.94392  -0.158827  -0.0414821
1.9626  -0.106174  -0.0280649
1.98129  -0.0532126  -0.0142355
2  0  -0
