1e-05  2.51022  1.12282
1.12934e-05  2.51053  1.12219
1.2754e-05  2.51083  1.12155
1.44035e-05  2.51113  1.12091
1.62664e-05  2.51142  1.12026
1.83701e-05  2.51171  1.1196
2.07459e-05  2.51198  1.11894
2.34289e-05  2.51225  1.11826
2.64589e-05  2.51252  1.11759
2.98806e-05  2.51277  1.1169
3.37448e-05  2.51302  1.11621
3.81085e-05  2.51325  1.11551
4.30364e-05  2.51348  1.1148
4.86013e-05  2.5137  1.11408
5.48856e-05  2.51391  1.11336
6.19822e-05  2.51411  1.11263
6.99959e-05  2.5143  1.11189
7.90453e-05  2.51448  1.11115
8.9264e-05  2.51464  1.1104
0.000100803  2.5148  1.10963
0.000113832  2.51494  1.10887
0.000128545  2.51507  1.10809
0.000145157  2.51519  1.1073
0.000163914  2.51529  1.10651
0.000185092  2.51539  1.10571
0.000209003  2.51547  1.1049
0.000235998  2.51553  1.10408
0.000266475  2.51559  1.10325
0.00030088  2.51562  1.10241
0.000339718  2.51565  1.10156
0.000383558  2.51566  1.1007
0.000433041  2.51566  1.09983
0.000488889  2.51565  1.09895
0.000551916  2.51562  1.09806
0.000623038  2.51558  1.09715
0.000703286  2.51553  1.09624
0.000793822  2.51547  1.0953
0.00089595  2.5154  1.09436
0.00101114  2.51533  1.09339
0.00114103  2.51524  1.09242
0.00128749  2.51515  1.09142
0.00145258  2.51506  1.0904
0.00163864  2.51497  1.08936
0.00184826  2.51488  1.0883
0.00208437  2.51479  1.08721
0.00235022  2.51472  1.0861
0.00264945  2.51466  1.08495
0.00298611  2.51461  1.08377
0.0033647  2.51459  1.08255
0.00379022  2.5146  1.08129
0.0042682  2.51465  1.07999
0.00480478  2.51474  1.07864
0.0054067  2.51489  1.07723
0.00608136  2.5151  1.07576
0.0068369  2.51538  1.07422
0.00768216  2.51575  1.07261
0.00862678  2.51621  1.07091
0.00968117  2.51679  1.06912
0.0108566  2.5175  1.06724
0.0121649  2.51835  1.06524
0.0136191  2.51936  1.06313
0.0152325  2.52055  1.06088
0.0170193  2.52194  1.05849
0.0189942  2.52355  1.05594
0.0211725  2.52539  1.05322
0.0235696  2.5275  1.05032
0.0262013  2.52988  1.04723
0.029083  2.53257  1.04392
0.0322304  2.53557  1.04039
0.0356582  2.53891  1.03663
0.0393809  2.54259  1.03262
0.0434119  2.54663  1.02836
0.0477636  2.55104  1.02382
0.0524469  2.5558  1.01901
0.0574716  2.56093  1.01392
0.0628458  2.5664  1.00855
0.0685759  2.57218  1.00289
0.0746668  2.57824  0.996951
0.0811213  2.58453  0.990741
0.087941  2.59097  0.984271
0.0951255  2.59748  0.977559
0.102673  2.60394  0.970629
0.11058  2.61021  0.96351
0.118843  2.61612  0.956242
0.127456  2.62146  0.94887
0.136411  2.626  0.941451
0.145702  2.62942  0.934051
0.155321  2.6314  0.926746
0.165258  2.63155  0.919626
0.175505  2.62943  0.912792
0.186052  2.62454  0.906354
0.196889  2.61633  0.900438
0.208007  2.60424  0.895174
0.219395  2.58763  0.890702
0.231045  2.5659  0.887162
0.242947  2.53842  0.884695
0.255091  2.50463  0.883428
0.267467  2.46402  0.883475
0.280068  2.41623  0.88492
0.292884  2.36101  0.887816
0.305906  2.29834  0.892169
0.319127  2.22842  0.897937
0.332539  2.15166  0.905025
0.346134  2.06874  0.913279
0.359905  1.98055  0.922499
0.373844  1.88818  0.932439
0.387946  1.79284  0.942821
0.402204  1.69582  0.95335
0.416611  1.5984  0.963727
0.431162  1.5018  0.973666
0.445852  1.40712  0.982903
0.460674  1.31528  0.991209
0.475624  1.227  0.998392
0.490697  1.14278  1.0043
0.505889  1.06291  1.00883
0.521194  0.987491  1.0119
0.536609  0.916414  1.01347
0.55213  0.849421  1.01353
0.567753  0.786113  1.01207
0.583474  0.72598  1.00912
0.599289  0.668416  1.00468
0.615196  0.61275  0.998775
0.631191  0.558249  0.991433
0.647272  0.504149  0.982664
0.663434  0.44966  0.972476
0.679676  0.393989  0.96087
0.695995  0.336353  0.947844
0.712388  0.276004  0.933389
0.728853  0.212246  0.917499
0.745387  0.144469  0.90017
0.761989  0.0721745  0.881408
0.778655  -0.00499249  0.861234
0.795385  -0.0872135  0.839689
0.812177  -0.174467  0.816838
0.829027  -0.266513  0.792777
0.845935  -0.362881  0.767632
0.862899  -0.462878  0.74156
0.879917  -0.565606  0.714746
0.896988  -0.669997  0.687399
0.914109  -0.774869  0.659744
0.931281  -0.878972  0.632011
0.9485  -0.981056  0.604427
0.965767  -1.07993  0.577209
0.983079  -1.17451  0.550551
1.00043  -1.26385  0.524623
1.01783  -1.3472  0.499563
1.03528  -1.42397  0.475478
1.05276  -1.49375  0.452442
1.07028  -1.55633  0.430502
1.08784  -1.61162  0.409677
1.10544  -1.65968  0.389965
1.12307  -1.70064  0.371346
1.14074  -1.73476  0.353784
1.15845  -1.76231  0.337237
1.17619  -1.78361  0.321654
1.19396  -1.79902  0.306979
1.21177  -1.80888  0.293156
1.22961  -1.81353  0.280129
1.24748  -1.81333  0.267841
1.26537  -1.80858  0.256238
1.2833  -1.7996  0.24527
1.30126  -1.78667  0.234887
1.31925  -1.77005  0.225044
1.33726  -1.74999  0.215698
1.3553  -1.72671  0.206808
1.37336  -1.70044  0.198337
1.39146  -1.67135  0.190249
1.40957  -1.63964  0.182511
1.42771  -1.60547  0.175092
1.44588  -1.569  0.167964
1.46407  -1.53037  0.161098
1.48228  -1.48974  0.154469
1.50052  -1.44723  0.148053
1.51877  -1.40297  0.141826
1.53705  -1.3571  0.135768
1.55535  -1.30972  0.129859
1.57368  -1.26097  0.124078
1.59202  -1.21095  0.11841
1.61038  -1.15979  0.112836
1.62876  -1.10759  0.107343
1.64716  -1.05447  0.101915
1.66558  -1.00054  0.0965401
1.68402  -0.945895  0.0912065
1.70248  -0.890653  0.085903
1.72095  -0.834914  0.08062
1.73944  -0.778778  0.075349
1.75795  -0.722345  0.0700823
1.77648  -0.665711  0.064813
1.79502  -0.608967  0.0595355
1.81358  -0.552205  0.0542445
1.83215  -0.495505  0.0489363
1.85074  -0.438952  0.0436067
1.86935  -0.382621  0.0382536
1.88797  -0.326584  0.0328747
1.90661  -0.27091  0.0274681
1.92526  -0.215661  0.0220332
1.94392  -0.160893  0.0165689
1.9626  -0.106664  0.011075
1.98129  -0.0530181  0.00555197
2  0  -0
