1e-05  2.18588  1.36241
1.12934e-05  2.18571  1.36259
1.2754e-05  2.18554  1.36279
1.44035e-05  2.18537  1.363
1.62664e-05  2.18522  1.36323
1.83701e-05  2.18506  1.36347
2.07459e-05  2.18492  1.36373
2.34289e-05  2.18478  1.36401
2.64589e-05  2.18465  1.36431
2.98806e-05  2.18453  1.36462
3.37448e-05  2.18442  1.36497
3.81085e-05  2.18433  1.36533
4.30364e-05  2.18424  1.36573
4.86013e-05  2.18417  1.36615
5.48856e-05  2.18411  1.3666
6.19822e-05  2.18407  1.36709
6.99959e-05  2.18405  1.36762
7.90453e-05  2.18404  1.36819
8.9264e-05  2.18405  1.36881
0.000100803  2.18409  1.36947
0.000113832  2.18415  1.37018
0.000128545  2.18424  1.37095
0.000145157  2.18436  1.37179
0.000163914  2.1845  1.37269
0.000185092  2.18468  1.37366
0.000209003  2.1849  1.37472
0.000235998  2.18516  1.37586
0.000266475  2.18547  1.37709
0.00030088  2.18582  1.37843
0.000339718  2.18622  1.37988
0.000383558  2.18668  1.38144
0.000433041  2.1872  1.38314
0.000488889  2.18779  1.38498
0.000551916  2.18845  1.38697
0.000623038  2.1892  1.38913
0.000703286  2.19002  1.39147
0.000793822  2.19095  1.394
0.00089595  2.19197  1.39674
0.00101114  2.19311  1.39971
0.00114103  2.19436  1.40292
0.00128749  2.19575  1.4064
0.00145258  2.19728  1.41017
0.00163864  2.19897  1.41423
0.00184826  2.20083  1.41863
0.00208437  2.20286  1.42338
0.00235022  2.2051  1.42851
0.00264945  2.20755  1.43404
0.00298611  2.21023  1.44
0.0033647  2.21317  1.44642
0.00379022  2.21638  1.45332
0.0042682  2.21989  1.46073
0.00480478  2.22371  1.46868
0.0054067  2.22788  1.47719
0.00608136  2.23241  1.4863
0.0068369  2.23735  1.49601
0.00768216  2.24271  1.50635
0.00862678  2.24853  1.51735
0.00968117  2.25484  1.529
0.0108566  2.26167  1.54132
0.0121649  2.26905  1.55431
0.0136191  2.27702  1.56796
0.0152325  2.2856  1.58227
0.0170193  2.29484  1.5972
0.0189942  2.30475  1.61272
0.0211725  2.31537  1.62881
0.0235696  2.32672  1.64539
0.0262013  2.33882  1.66242
0.029083  2.35169  1.67982
0.0322304  2.36534  1.69752
0.0356582  2.37975  1.71542
0.0393809  2.39494  1.73343
0.0434119  2.41087  1.75145
0.0477636  2.42752  1.76939
0.0524469  2.44485  1.78712
0.0574716  2.46279  1.80455
0.0628458  2.48129  1.82157
0.0685759  2.50024  1.83807
0.0746668  2.51955  1.85393
0.0811213  2.53908  1.86905
0.087941  2.55869  1.88331
0.0951255  2.5782  1.89658
0.102673  2.59741  1.90874
0.11058  2.61611  1.91964
0.118843  2.63403  1.92911
0.127456  2.65088  1.93695
0.136411  2.66634  1.94295
0.145702  2.68003  1.94684
0.155321  2.69156  1.94832
0.165258  2.70046  1.94704
0.175505  2.70625  1.94261
0.186052  2.7084  1.93461
0.196889  2.70633  1.92254
0.208007  2.69947  1.9059
0.219395  2.68721  1.88417
0.231045  2.66896  1.85683
0.242947  2.64418  1.82339
0.255091  2.61237  1.78341
0.267467  2.57315  1.73657
0.280068  2.52625  1.68267
0.292884  2.47158  1.62167
0.305906  2.40922  1.55374
0.319127  2.33949  1.47926
0.332539  2.26288  1.39882
0.346134  2.18009  1.31323
0.359905  2.09202  1.22347
0.373844  1.99967  1.13066
0.387946  1.90411  1.036
0.402204  1.80647  0.9407
0.416611  1.70783  0.845959
0.431162  1.60919  0.752876
0.445852  1.51145  0.662426
0.460674  1.41535  0.575433
0.475624  1.32151  0.492554
0.490697  1.23037  0.414276
0.505889  1.14222  0.340928
0.521194  1.05723  0.272697
0.536609  0.975462  0.209641
0.55213  0.896875  0.15172
0.567753  0.821364  0.0988127
0.583474  0.748765  0.0507366
0.599289  0.678886  0.00726859
0.615196  0.611509  -0.0318434
0.631191  0.546408  -0.066863
0.647272  0.483361  -0.0980628
0.663434  0.422149  -0.12571
0.679676  0.362571  -0.150065
0.695995  0.304437  -0.171378
0.712388  0.24758  -0.189886
0.728853  0.191852  -0.205809
0.745387  0.137125  -0.219356
0.761989  0.0832937  -0.230718
0.778655  0.0302712  -0.240073
0.795385  -0.0220093  -0.247586
0.812177  -0.0735966  -0.253408
0.829027  -0.124522  -0.25768
0.845935  -0.174801  -0.260531
0.862899  -0.224434  -0.262081
0.879917  -0.273407  -0.262441
0.896988  -0.321699  -0.261714
0.914109  -0.369273  -0.259997
0.931281  -0.416084  -0.257379
0.9485  -0.462081  -0.253945
0.965767  -0.507204  -0.249772
0.983079  -0.551387  -0.244934
1.00043  -0.594561  -0.239502
1.01783  -0.636652  -0.233541
1.03528  -0.677584  -0.227111
1.05276  -0.71728  -0.220272
1.07028  -0.75566  -0.213078
1.08784  -0.792646  -0.205581
1.10544  -0.828157  -0.19783
1.12307  -0.862117  -0.189872
1.14074  -0.894449  -0.181749
1.15845  -0.925079  -0.173504
1.17619  -0.953935  -0.165176
1.19396  -0.980948  -0.1568
1.21177  -1.00605  -0.148411
1.22961  -1.02919  -0.140041
1.24748  -1.05029  -0.131722
1.26537  -1.06931  -0.12348
1.2833  -1.0862  -0.115343
1.30126  -1.1009  -0.107335
1.31925  -1.11338  -0.0994787
1.33726  -1.1236  -0.0917963
1.3553  -1.13151  -0.0843062
1.37336  -1.1371  -0.0770272
1.39146  -1.14034  -0.0699759
1.40957  -1.14119  -0.0631674
1.42771  -1.13966  -0.0566146
1.44588  -1.13572  -0.050331
1.46407  -1.12936  -0.0443266
1.48228  -1.12059  -0.0386114
1.50052  -1.10939  -0.0331939
1.51877  -1.09578  -0.0280814
1.53705  -1.07976  -0.0232796
1.55535  -1.06134  -0.018793
1.57368  -1.04055  -0.0146259
1.59202  -1.01739  -0.0107802
1.61038  -0.991906  -0.00725814
1.62876  -0.964111  -0.00405857
1.64716  -0.934043  -0.0011824
1.66558  -0.901738  0.00137317
1.68402  -0.867235  0.0036106
1.70248  -0.83058  0.00553398
1.72095  -0.79182  0.00714786
1.73944  -0.751006  0.00845821
1.75795  -0.708193  0.00947151
1.77648  -0.66344  0.0101951
1.79502  -0.616806  0.0106372
1.81358  -0.568358  0.0108071
1.83215  -0.518162  0.0107149
1.85074  -0.466288  0.0103704
1.86935  -0.412808  0.00978556
1.88797  -0.357798  0.00897186
1.90661  -0.301334  0.00794136
1.92526  -0.243494  0.00670702
1.94392  -0.184358  0.00528194
1.9626  -0.124009  0.00368021
1.98129  -0.062529  0.00191477
2  0  0
