0  3995.62  6592.71
1  1752.72  3014.3
2  698.705  1302.81
3  409.366  793.336
4  276.808  545.289
5  205.724  386.07
6  143.194  251.031
7  130.931  222.446
8  86.7416  126.596
9  74.9521  113.693
10  17.3308  13.6432
11  16.0262  30.8786
12  19.9151  38.9025
13  21.9122  44.5038
14  13.8983  31.0547
15  14.6789  30.0279
16  11.327  24.8607
17  9.3785  22.1851
18  7.04221  18.7582
19  9.84415  24.2377
20  14.1897  32.4148
21  7.49793  20.5255
22  15.0465  34.0174
23  6.73752  18.3992
24  8.19443  21.7736
25  10.2699  25.7225
26  12.8135  30.4636
27  8.4106  22.1933
28  10.1642  25.3622
29  11.8312  28.619
30  12.6676  30.037
31  10.0601  25.4515
32  9.09883  23.6562
33  7.9371  21.1604
34  6.55895  18.3395
35  7.80567  20.0969
36  12.4709  29.6996
37  7.76775  21.3537
38  6.92731  17.8657
39  7.80104  18.9819
40  6.12871  16.6787
41  7.5876  20.1469
42  11.2418  26.6592
43  6.58109  18.019
44  6.13795  17.2488
45  7.28493  19.9953
46  6.16949  17.299
47  5.98243  17.4249
48  6.06175  17.7266
49  5.98328  17.632
50  7.36733  20.3548
51  7.18256  20.4751
52  7.60821  21.6299
53  8.91464  24.549
54  24.1397  51.705
55  18.6437  41.8773
56  6.04138  18.098
57  6.44611  17.2337
58  6.7089  17.8198
59  7.0539  17.2327
60  6.98362  19.4005
61  7.88877  22.9356
62  6.52642  14.7905
63  6.41337  16.632
64  6.87163  12.6666
65  7.14416  11.4697
66  7.49084  13.3469
67  7.76875  12.3773
68  6.90768  15.3788
69  7.04426  17.8596
70  6.3581  13.6812
71  6.09724  12.7978
72  6.65916  16.9579
73  7.8837  19.2394
74  7.12528  17.3853
75  5.08898  11.4149
76  4.39849  9.68867
77  4.34529  8.26321
78  5.41592  11.4219
79  4.63477  8.30902
80  3.99637  7.4356
81  3.2965  6.76671
82  3.29483  6.50342
83  3.20202  5.93723
84  2.88532  5.40864
85  2.73183  5.15294
86  3.27978  6.69599
87  3.48447  7.2047
88  3.19678  6.4703
89  2.62553  5.00156
90  2.55324  4.70862
91  2.5796  4.81333
92  2.58191  5.39782
93  2.50233  5.1488
94  2.33845  4.60305
95  2.28855  4.25694
96  2.40885  4.67438
97  2.40758  4.78766
98  2.25869  4.07558
99  2.23248  3.99111
100  2.17198  3.94095
101  2.22127  4.435
102  2.1886  4.25625
103  2.33975  4.28919
104  2.38529  4.13522
105  2.38924  4.38529
106  2.3918  4.41311
107  2.36177  4.41451
108  2.50593  4.43598
109  2.49611  4.20317
110  2.29505  4.3598
111  2.28908  4.28783
112  2.31487  4.34581
113  2.26855  4.35206
114  2.20792  4.10846
115  2.1647  3.86199
116  2.09794  3.63694
117  2.07612  3.75942
118  2.14898  3.92145
119  2.15425  4.03127
120  2.17332  4.13511
121  2.07208  3.80311
122  2.04712  3.73376
123  2.02641  3.70618
124  2.02637  3.79064
125  2.00203  3.64467
126  2.00687  3.69633
127  2.02199  3.67056
128  1.99147  3.607
129  2.00353  3.57253
130  2.01471  3.64664
131  1.98886  3.59778
132  1.99383  3.6192
133  1.98943  3.61297
134  1.9861  3.63118
135  2.00641  3.59858
136  1.98676  3.62928
137  1.99308  3.57485
138  1.99359  3.62072
139  1.97677  3.58426
140  1.9626  3.49959
141  1.95971  3.51177
142  1.97957  3.46532
143  1.96296  3.51613
144  1.96469  3.4965
145  1.95714  3.45829
146  1.94401  3.48616
147  1.94283  3.46987
148  1.94195  3.53794
149  1.93533  3.46932
150  1.9266  3.46867
151  1.92064  3.47437
152  1.91983  3.4939
153  1.91572  3.45276
154  1.91832  3.42249
155  1.9086  3.49777
156  1.90428  3.47826
157  1.90782  3.48362
158  1.91093  3.4686
159  1.90029  3.51647
160  1.89899  3.49064
161  1.8985  3.50004
162  1.89931  3.51214
163  1.90232  3.54244
164  1.8959  3.52249
165  1.89371  3.5223
166  1.88933  3.50735
167  1.89864  3.53082
168  1.89543  3.53606
169  1.88342  3.53911
170  1.8836  3.52466
171  1.87843  3.51014
172  1.87746  3.56145
173  1.87543  3.54257
174  1.87675  3.50741
175  1.88618  3.48867
176  1.87121  3.4838
177  1.88077  3.53639
178  1.87417  3.51062
179  1.87094  3.50251
180  1.8742  3.49061
181  1.8692  3.54398
182  1.86984  3.53733
183  1.8643  3.51328
184  1.85954  3.4599
185  1.85919  3.50911
186  1.85725  3.49612
187  1.85805  3.46888
188  1.85396  3.45201
189  1.85226  3.50193
190  1.8488  3.45851
191  1.84958  3.46814
192  1.85054  3.47365
193  1.84823  3.47134
194  1.8472  3.46344
195  1.84423  3.47782
196  1.84444  3.47697
197  1.84815  3.47566
198  1.84997  3.50593
199  1.84782  3.49419
200  1.84523  3.48192
201  1.84513  3.47429
202  1.84758  3.46079
203  1.84515  3.44534
204  1.84257  3.46118
205  1.84646  3.48943
206  1.84032  3.46976
207  1.83808  3.46332
208  1.83777  3.4419
209  1.83626  3.44725
210  1.8368  3.47614
211  1.83566  3.44632
212  1.83593  3.45707
213  1.83409  3.4504
214  1.83272  3.44753
215  1.83148  3.44196
216  1.83345  3.47194
217  1.83084  3.46816
218  1.83233  3.48573
219  1.8334  3.48947
220  1.83415  3.48476
221  1.83313  3.48931
222  1.83365  3.46706
223  1.83281  3.47706
224  1.83139  3.47366
225  1.8302  3.42514
226  1.82903  3.43728
227  1.83021  3.46187
228  1.82831  3.43542
229  1.82904  3.44402
230  1.82711  3.43592
231  1.82617  3.43213
232  1.82558  3.43056
233  1.82893  3.43435
234  1.8272  3.43282
235  1.82781  3.42654
236  1.82689  3.41513
237  1.82693  3.43766
238  1.826  3.43182
239  1.82508  3.44795
240  1.82401  3.42934
241  1.82399  3.42474
242  1.82231  3.42089
243  1.82284  3.41903
244  1.82186  3.41636
245  1.82097  3.40355
246  1.81969  3.39959
247  1.8203  3.40011
248  1.81992  3.38794
249  1.82082  3.3925
250  1.82081  3.40219
251  1.81938  3.40947
252  1.81997  3.41566
253  1.81967  3.41759
254  1.81977  3.41117
255  1.81894  3.40151
256  1.81931  3.39636
257  1.81958  3.39736
258  1.81884  3.3987
259  1.81808  3.40438
260  1.81771  3.39339
261  1.81717  3.39806
262  1.81599  3.40587
263  1.81577  3.40264
264  1.81655  3.3989
265  1.81562  3.40387
266  1.81531  3.40977
267  1.81497  3.4136
268  1.815  3.39275
269  1.81473  3.38822
270  1.81478  3.39061
271  1.8147  3.39672
272  1.81462  3.39758
273  1.81466  3.40405
274  1.8146  3.40608
275  1.81547  3.41469
276  1.81294  3.40755
277  1.81342  3.41177
278  1.8126  3.40214
279  1.81354  3.39098
280  1.81281  3.38186
281  1.81181  3.39156
282  1.81178  3.40749
283  1.81077  3.38323
284  1.81084  3.3941
285  1.81113  3.40001
286  1.81023  3.39943
287  1.80893  3.3934
288  1.80938  3.39225
289  1.80916  3.39441
290  1.80912  3.38324
291  1.80972  3.38154
292  1.80859  3.38037
293  1.8083  3.38663
294  1.80786  3.39634
295  1.80765  3.38253
296  1.80849  3.37735
297  1.80768  3.39088
298  1.8075  3.38601
299  1.80771  3.37992
300  1.80712  3.38261
301  1.80703  3.38893
302  1.80694  3.38227
303  1.80657  3.37578
304  1.80602  3.38522
305  1.80605  3.389
306  1.80602  3.37913
307  1.80558  3.37963
308  1.80545  3.38871
309  1.805  3.38319
310  1.80539  3.3855
311  1.80543  3.38765
312  1.80445  3.38663
313  1.80465  3.38746
314  1.80445  3.38478
315  1.80463  3.37741
316  1.80441  3.37079
317  1.80448  3.36794
318  1.80436  3.37153
319  1.80328  3.37398
320  1.80332  3.37897
321  1.80376  3.37483
322  1.80358  3.36608
323  1.80345  3.37875
324  1.80312  3.38567
325  1.80317  3.38079
326  1.80296  3.38239
327  1.80285  3.38708
328  1.80263  3.38082
329  1.80251  3.3726
330  1.80254  3.37322
331  1.80261  3.37331
332  1.80242  3.37486
333  1.80242  3.37629
334  1.80219  3.3719
335  1.80211  3.37258
336  1.80204  3.37759
337  1.80173  3.38196
338  1.80171  3.36904
339  1.80155  3.37086
340  1.8012  3.37389
341  1.80114  3.3763
342  1.80097  3.37156
343  1.80109  3.36094
344  1.80085  3.36663
345  1.80085  3.36384
346  1.80085  3.37039
347  1.80059  3.37084
348  1.80061  3.37683
349  1.80048  3.37203
350  1.79999  3.37397
351  1.79998  3.37255
352  1.79989  3.36653
353  1.79969  3.3715
354  1.7993  3.36614
355  1.79922  3.36938
356  1.79894  3.3683
357  1.79892  3.36328
358  1.79904  3.36513
359  1.79877  3.36583
360  1.79871  3.36129
361  1.79847  3.36044
362  1.79845  3.35994
363  1.79812  3.36408
364  1.7982  3.36625
365  1.79767  3.38113
366  1.79755  3.36571
367  1.79733  3.36798
368  1.79741  3.36798
369  1.79754  3.36563
370  1.79709  3.369
371  1.7969  3.37208
372  1.79675  3.36154
373  1.79643  3.3687
374  1.79642  3.37211
375  1.79609  3.37202
376  1.79636  3.3723
377  1.79652  3.36976
378  1.79646  3.37052
379  1.79589  3.36833
380  1.79576  3.36692
381  1.79563  3.37062
382  1.79546  3.37001
383  1.79513  3.36772
384  1.79475  3.37821
385  1.79452  3.37224
386  1.79423  3.37364
387  1.79387  3.37007
388  1.79381  3.36353
389  1.79377  3.35918
390  1.79374  3.35716
391  1.79389  3.35866
392  1.79383  3.35542
393  1.79332  3.35427
394  1.79363  3.3591
395  1.79266  3.36519
396  1.7928  3.36411
397  1.79311  3.35788
398  1.7928  3.34699
399  1.79268  3.36097
400  1.7925  3.35478
401  1.79204  3.35608
402  1.79203  3.35407
403  1.79144  3.35481
404  1.79149  3.3525
405  1.7912  3.35159
406  1.79155  3.34881
407  1.79206  3.34762
408  1.79141  3.34717
409  1.79149  3.34977
410  1.79145  3.33811
411  1.79156  3.34535
412  1.79163  3.35174
413  1.791  3.35232
414  1.7907  3.35427
415  1.79056  3.35041
416  1.7901  3.35343
417  1.78977  3.35057
418  1.78934  3.35465
419  1.78944  3.35587
420  1.7892  3.3549
421  1.78869  3.35376
422  1.78836  3.35464
423  1.78833  3.34535
424  1.78839  3.34232
425  1.78826  3.33851
426  1.78788  3.3504
427  1.78795  3.34703
428  1.78817  3.3459
429  1.78793  3.34799
430  1.78753  3.35369
431  1.7873  3.35247
432  1.78706  3.34832
433  1.78696  3.34676
434  1.78662  3.35452
435  1.78646  3.35461
436  1.78623  3.35249
437  1.78604  3.36079
438  1.78596  3.35075
439  1.78548  3.35132
440  1.78528  3.35552
441  1.785  3.35139
442  1.78441  3.35174
443  1.78423  3.35216
444  1.78408  3.34523
445  1.78389  3.34146
446  1.7838  3.34569
447  1.78355  3.3481
448  1.78352  3.34595
449  1.78328  3.3408
450  1.78287  3.34592
451  1.78253  3.34387
452  1.78207  3.34241
453  1.78249  3.3383
454  1.78248  3.33883
455  1.78214  3.33315
456  1.78115  3.34087
457  1.78092  3.33884
458  1.78114  3.33215
459  1.78071  3.32811
460  1.78053  3.32773
461  1.78029  3.33286
462  1.78015  3.32705
463  1.7804  3.33742
464  1.77991  3.33002
465  1.78015  3.32883
466  1.78029  3.32889
467  1.77988  3.33325
468  1.77926  3.33202
469  1.77911  3.33782
470  1.77861  3.33926
471  1.77843  3.33656
472  1.77838  3.33364
473  1.77805  3.32765
474  1.77771  3.3243
475  1.77761  3.33265
476  1.77722  3.32837
477  1.77728  3.31954
478  1.77716  3.32143
479  1.77802  3.31276
480  1.77715  3.30857
481  1.77698  3.31648
482  1.77657  3.32522
483  1.77676  3.32464
484  1.77598  3.33104
485  1.77641  3.31735
486  1.77611  3.32106
487  1.77639  3.31798
488  1.77644  3.31781
489  1.77648  3.32928
490  1.77583  3.33138
491  1.77537  3.32862
492  1.77567  3.32634
493  1.7757  3.32068
494  1.77516  3.32162
495  1.77511  3.33254
496  1.77576  3.33602
497  1.77515  3.32706
498  1.77565  3.32285
499  1.77515  3.32238
500  1.77567  3.31607
501  1.77529  3.32074
502  1.77483  3.32409
503  1.77525  3.31441
504  1.77486  3.32487
505  1.77487  3.32883
506  1.77512  3.32174
507  1.7748  3.3239
508  1.77515  3.323
509  1.7751  3.32065
510  1.77434  3.33018
511  1.77398  3.33015
512  1.77368  3.33118
513  1.77348  3.33331
514  1.77333  3.33512
515  1.77316  3.33722
516  1.77334  3.33818
517  1.77341  3.33844
518  1.7731  3.33292
519  1.77275  3.32697
520  1.77288  3.32037
521  1.77294  3.32245
522  1.77285  3.32881
523  1.7727  3.32978
524  1.77269  3.32743
525  1.77252  3.32732
526  1.7725  3.32527
527  1.77245  3.32401
528  1.77236  3.32904
529  1.77202  3.33141
530  1.77184  3.33135
531  1.77163  3.3309
532  1.77179  3.32655
533  1.77164  3.32879
534  1.77171  3.3211
535  1.77152  3.32844
536  1.77143  3.33026
537  1.77123  3.33403
538  1.77115  3.32854
539  1.77108  3.32853
540  1.77108  3.32931
541  1.77085  3.33403
542  1.77071  3.33204
543  1.77071  3.33214
544  1.77062  3.33342
545  1.77061  3.33209
546  1.77064  3.32902
547  1.77052  3.33258
548  1.77062  3.33007
549  1.77044  3.33274
550  1.77039  3.33865
551  1.77027  3.33558
552  1.77023  3.33837
553  1.77009  3.33328
554  1.76986  3.33304
555  1.76961  3.34146
556  1.76949  3.33741
557  1.76938  3.33886
558  1.76904  3.34515
559  1.76903  3.33614
560  1.76904  3.33188
561  1.76887  3.33424
562  1.7687  3.33735
563  1.76879  3.33683
564  1.76894  3.33373
565  1.76886  3.33085
566  1.76879  3.33173
567  1.76878  3.33034
568  1.76863  3.33016
569  1.76883  3.32772
570  1.76882  3.32603
571  1.76868  3.33008
572  1.76825  3.34002
573  1.76824  3.3362
574  1.7683  3.33558
575  1.76814  3.33457
576  1.76801  3.33759
577  1.76797  3.33604
578  1.7678  3.34618
579  1.76758  3.3408
580  1.76757  3.33627
581  1.76759  3.34131
582  1.76769  3.33572
583  1.76761  3.33649
584  1.7674  3.33526
585  1.76728  3.33197
586  1.76664  3.3358
587  1.76642  3.33933
588  1.76682  3.33638
589  1.76688  3.3334
590  1.76625  3.34552
591  1.76614  3.34522
592  1.7662  3.33827
593  1.7666  3.33877
594  1.76634  3.3355
595  1.76595  3.34015
596  1.76587  3.34146
597  1.76615  3.3357
598  1.76654  3.33186
599  1.76603  3.34135
600  1.76583  3.34545
601  1.76571  3.34903
602  1.76512  3.35442
603  1.76474  3.35101
604  1.76479  3.34806
605  1.76448  3.35034
606  1.76424  3.35383
607  1.76444  3.34648
608  1.76408  3.34928
609  1.76385  3.35093
610  1.7637  3.35478
611  1.76365  3.35631
612  1.76323  3.35334
613  1.76376  3.35339
614  1.76346  3.35337
615  1.76378  3.35126
616  1.76332  3.35579
617  1.76324  3.35813
618  1.76309  3.35727
619  1.76261  3.36104
620  1.76241  3.36095
621  1.76247  3.36808
622  1.7623  3.3616
623  1.76163  3.37293
624  1.76191  3.37362
625  1.76127  3.37259
626  1.76172  3.36379
627  1.76146  3.36166
628  1.76055  3.37041
629  1.76098  3.36884
630  1.76092  3.37558
631  1.76021  3.37634
632  1.76003  3.37992
633  1.75959  3.37946
634  1.75996  3.37169
635  1.75953  3.37522
636  1.75868  3.38978
637  1.75915  3.38169
638  1.75863  3.38236
639  1.75884  3.37413
640  1.75879  3.37581
641  1.75813  3.38132
642  1.7581  3.37482
643  1.75887  3.37482
644  1.75822  3.37763
645  1.75836  3.37393
646  1.75805  3.37984
647  1.75734  3.38005
648  1.75706  3.37768
649  1.757  3.3745
650  1.75671  3.37431
651  1.75606  3.37275
652  1.75614  3.3791
653  1.75593  3.39353
654  1.75628  3.38391
655  1.75548  3.39582
656  1.75552  3.39339
657  1.7562  3.39423
658  1.75613  3.39366
659  1.75546  3.39033
660  1.75514  3.38941
661  1.75504  3.38949
662  1.75511  3.38953
663  1.75475  3.3903
664  1.75471  3.39568
665  1.75404  3.39896
666  1.75382  3.39992
667  1.75338  3.40252
668  1.75319  3.40568
669  1.75306  3.40637
670  1.75249  3.40818
671  1.75279  3.39846
672  1.75301  3.39483
673  1.75277  3.399
674  1.75248  3.3912
675  1.75286  3.39385
676  1.75283  3.39309
677  1.75288  3.39639
678  1.752  3.39735
679  1.75188  3.39947
680  1.75284  3.39935
681  1.75126  3.40305
682  1.75117  3.40542
683  1.75071  3.41292
684  1.75022  3.41134
685  1.74943  3.42466
686  1.74898  3.42281
687  1.74795  3.41834
688  1.74781  3.4222
689  1.74783  3.42073
690  1.74787  3.41383
691  1.74744  3.42132
692  1.74785  3.43209
693  1.74618  3.43681
694  1.7464  3.4457
695  1.74689  3.44108
696  1.74789  3.43439
697  1.74637  3.43969
698  1.74729  3.44004
699  1.74773  3.43894
700  1.74595  3.44392
701  1.74499  3.44532
702  1.74409  3.44887
703  1.74418  3.44326
704  1.74403  3.44097
705  1.74331  3.44736
706  1.74325  3.45135
707  1.74395  3.44669
708  1.74291  3.45243
709  1.74273  3.45748
710  1.74235  3.46195
711  1.74095  3.46696
712  1.74124  3.47041
713  1.74029  3.4709
714  1.74107  3.47505
715  1.742  3.47835
716  1.74136  3.46799
717  1.74215  3.46818
718  1.74269  3.47076
719  1.74109  3.47879
720  1.74057  3.483
721  1.73951  3.4809
722  1.73964  3.48195
723  1.73902  3.48178
724  1.7401  3.48697
725  1.74069  3.49292
726  1.74129  3.479
727  1.74085  3.48718
728  1.73928  3.48941
729  1.73862  3.47958
730  1.7388  3.48918
731  1.73799  3.48325
732  1.73793  3.49238
733  1.73964  3.50171
734  1.73579  3.49858
735  1.73492  3.50429
736  1.7352  3.49419
737  1.7359  3.49755
738  1.73653  3.49969
739  1.7362  3.50832
740  1.73429  3.50905
741  1.73443  3.51355
742  1.73712  3.5144
743  1.73544  3.51377
744  1.73354  3.50965
745  1.7345  3.51532
746  1.73298  3.52998
747  1.73202  3.52984
748  1.73308  3.52905
749  1.73213  3.52608
750  1.73142  3.52804
751  1.73052  3.52861
752  1.73087  3.53194
753  1.7312  3.529
754  1.73052  3.53024
755  1.73038  3.53555
756  1.73  3.54684
757  1.7298  3.54376
758  1.72938  3.53098
759  1.7313  3.53214
760  1.72977  3.5339
761  1.72949  3.53194
762  1.73201  3.53518
763  1.73121  3.54433
764  1.72842  3.54383
765  1.72973  3.54518
766  1.72808  3.5389
767  1.73071  3.54455
768  1.73273  3.54847
769  1.73737  3.55288
770  1.73054  3.55567
771  1.73012  3.55822
772  1.72986  3.56345
773  1.72843  3.56302
774  1.7282  3.56335
775  1.72871  3.55356
776  1.72915  3.56516
777  1.72865  3.56498
778  1.72828  3.57605
779  1.72857  3.57365
780  1.72814  3.58124
781  1.72899  3.57972
782  1.72702  3.57038
783  1.72541  3.5696
784  1.72694  3.57302
785  1.72712  3.57513
786  1.72712  3.57479
787  1.72664  3.57595
788  1.72723  3.57053
789  1.72548  3.57827
790  1.72404  3.58176
791  1.72506  3.5906
792  1.72421  3.58885
793  1.72429  3.58964
794  1.72451  3.59805
795  1.72503  3.5931
796  1.72463  3.59807
797  1.72384  3.59764
798  1.72439  3.60556
799  1.72332  3.59956
800  1.72395  3.60067
801  1.72465  3.60175
802  1.72376  3.60765
803  1.72255  3.6112
804  1.72222  3.61678
805  1.72439  3.61617
806  1.72292  3.61343
807  1.72227  3.62004
808  1.72186  3.63367
809  1.72196  3.63832
810  1.72272  3.6317
811  1.7225  3.62455
812  1.72082  3.62766
813  1.72186  3.64334
814  1.72169  3.64845
815  1.72087  3.64507
816  1.7191  3.64371
817  1.71904  3.64139
818  1.71993  3.63549
819  1.72025  3.63936
820  1.72054  3.64579
821  1.71948  3.64399
822  1.72161  3.64728
823  1.72037  3.65149
824  1.71985  3.64996
825  1.72023  3.65182
826  1.7201  3.65992
827  1.72133  3.66406
828  1.71991  3.66048
829  1.72202  3.66311
830  1.71972  3.66486
831  1.71827  3.66281
832  1.71765  3.66604
833  1.71672  3.65985
834  1.71857  3.65694
835  1.71754  3.66142
836  1.71727  3.67053
837  1.716  3.67674
838  1.71632  3.67446
839  1.71771  3.68382
840  1.71658  3.68487
841  1.71542  3.6829
842  1.71637  3.68434
843  1.71731  3.68174
844  1.71666  3.68825
845  1.71543  3.69531
846  1.71564  3.70734
847  1.71888  3.71802
848  1.71825  3.7174
849  1.71731  3.72167
850  1.71529  3.71271
851  1.71397  3.71489
852  1.71308  3.71404
853  1.71379  3.71835
854  1.71347  3.72281
855  1.71292  3.71802
856  1.71286  3.71262
857  1.71308  3.72328
858  1.71558  3.72516
859  1.71381  3.71613
860  1.71275  3.71471
861  1.71353  3.71144
862  1.71432  3.71352
863  1.71224  3.7076
864  1.71355  3.71004
865  1.71375  3.71631
866  1.71238  3.71361
867  1.71321  3.71816
868  1.71159  3.72228
869  1.71216  3.72476
870  1.71157  3.73599
871  1.71291  3.73784
872  1.71168  3.7333
873  1.71199  3.72928
874  1.71188  3.73149
875  1.71146  3.73166
876  1.71205  3.73459
877  1.7106  3.72709
878  1.70993  3.72203
879  1.71105  3.72591
880  1.71178  3.73734
881  1.71105  3.73451
882  1.71322  3.73929
883  1.71146  3.73929
884  1.71098  3.7404
885  1.7096  3.74058
886  1.71007  3.73276
887  1.70977  3.73536
888  1.70997  3.73366
889  1.70909  3.74324
890  1.7095  3.73969
891  1.70906  3.74601
892  1.70908  3.75116
893  1.70828  3.75247
894  1.70905  3.75257
895  1.70858  3.75857
896  1.7102  3.76996
897  1.70835  3.76163
898  1.71081  3.7734
899  1.70886  3.76991
900  1.70794  3.76959
901  1.70818  3.76521
902  1.7085  3.76106
903  1.7079  3.75726
904  1.70658  3.75522
905  1.70595  3.74648
906  1.70685  3.75027
907  1.7074  3.75503
908  1.70575  3.75792
909  1.70618  3.75744
910  1.70532  3.7652
911  1.7054  3.7696
912  1.70595  3.77326
913  1.70742  3.76975
914  1.70818  3.77848
915  1.7107  3.77358
916  1.70598  3.75847
917  1.70659  3.77098
918  1.70666  3.78003
919  1.70558  3.7806
920  1.70491  3.79282
921  1.70555  3.78317
922  1.70441  3.78004
923  1.70556  3.78544
924  1.7046  3.78344
925  1.70419  3.78612
926  1.7031  3.78841
927  1.70329  3.79222
928  1.70362  3.79119
929  1.70378  3.78786
930  1.70266  3.7882
931  1.70311  3.79882
932  1.70606  3.80909
933  1.70436  3.80991
934  1.70402  3.79806
935  1.70517  3.80436
936  1.70362  3.80171
937  1.70183  3.79735
938  1.70307  3.80141
939  1.70373  3.801
940  1.7021  3.79946
941  1.70324  3.80482
942  1.70243  3.80341
943  1.70118  3.80531
944  1.70086  3.79813
945  1.70069  3.80368
946  1.70145  3.80425
947  1.70176  3.80709
948  1.7027  3.8036
949  1.7009  3.80006
950  1.70063  3.80228
951  1.70305  3.80177
952  1.70171  3.80111
953  1.70026  3.80133
954  1.70115  3.8056
955  1.70144  3.80433
956  1.70318  3.82054
957  1.70365  3.81008
958  1.70464  3.81668
959  1.70367  3.81152
960  1.70274  3.80882
961  1.70195  3.8025
962  1.69996  3.79097
963  1.70108  3.79149
964  1.70021  3.79013
965  1.70009  3.79458
966  1.70031  3.79124
967  1.70344  3.78968
968  1.70182  3.79679
969  1.7005  3.80919
970  1.70035  3.80497
971  1.69981  3.80014
972  1.70178  3.80663
973  1.70124  3.80192
974  1.70151  3.795
975  1.7012  3.79589
976  1.6995  3.80388
977  1.6985  3.80456
978  1.69925  3.79216
979  1.69872  3.79359
980  1.69846  3.78277
981  1.69727  3.78517
982  1.69783  3.78691
983  1.69797  3.78444
984  1.69826  3.78366
985  1.69749  3.78729
986  1.69898  3.78867
987  1.69774  3.78633
988  1.69753  3.79287
989  1.69734  3.79648
990  1.69587  3.79627
991  1.69641  3.79747
992  1.69932  3.79973
993  1.69718  3.79572
994  1.698  3.79463
995  1.69747  3.79262
996  1.69671  3.78741
997  1.70051  3.79078
998  1.69675  3.78436
999  1.69684  3.79447
1000  1.69636  3.79836
1001  1.6983  3.80269
1002  1.69725  3.79699
1003  1.69748  3.79593
1004  1.69776  3.79657
1005  1.69609  3.80087
1006  1.69561  3.79818
1007  1.69709  3.79903
1008  1.69608  3.79893
1009  1.69576  3.79208
1010  1.69663  3.79415
1011  1.69579  3.79919
1012  1.69459  3.79098
1013  1.69673  3.79727
1014  1.69621  3.79779
1015  1.6951  3.79846
1016  1.69458  3.79887
1017  1.69444  3.79389
1018  1.696  3.80189
1019  1.69588  3.79679
1020  1.6941  3.79485
1021  1.6937  3.79614
1022  1.69445  3.80175
1023  1.69446  3.80037
1024  1.69574  3.80133
1025  1.69435  3.80742
1026  1.6932  3.80533
1027  1.69385  3.80708
1028  1.69438  3.80869
1029  1.69449  3.81699
1030  1.69577  3.81869
1031  1.69425  3.81087
1032  1.69245  3.80438
1033  1.69414  3.80372
1034  1.69283  3.79799
1035  1.69379  3.80445
1036  1.69389  3.79079
1037  1.69223  3.78435
1038  1.69248  3.78618
1039  1.69263  3.78857
1040  1.69302  3.78603
1041  1.69126  3.78798
1042  1.69142  3.79036
1043  1.69184  3.79509
1044  1.69168  3.79257
1045  1.69096  3.79023
1046  1.69138  3.78861
1047  1.69218  3.79034
1048  1.69106  3.79689
1049  1.69138  3.7995
1050  1.69117  3.80374
1051  1.69184  3.80581
1052  1.69069  3.80751
1053  1.68982  3.80031
1054  1.68994  3.80238
1055  1.6901  3.81359
1056  1.68912  3.80765
1057  1.68958  3.81042
1058  1.6882  3.80356
1059  1.69222  3.81657
1060  1.68913  3.80848
1061  1.69  3.81213
1062  1.69036  3.8069
1063  1.69165  3.80419
1064  1.6897  3.80972
1065  1.69399  3.82505
1066  1.69321  3.82331
1067  1.69537  3.81657
1068  1.69022  3.80485
1069  1.69015  3.80601
1070  1.69168  3.80344
1071  1.68966  3.80348
1072  1.68959  3.803
1073  1.68979  3.80014
1074  1.6882  3.79472
1075  1.69027  3.79889
1076  1.69021  3.79668
1077  1.69019  3.79972
1078  1.68862  3.79955
1079  1.68867  3.80869
1080  1.68837  3.80585
1081  1.68803  3.8007
1082  1.68861  3.80597
1083  1.6883  3.80044
1084  1.68807  3.80103
1085  1.68822  3.80001
1086  1.68818  3.80359
1087  1.68713  3.80384
1088  1.68759  3.81072
1089  1.68697  3.81071
1090  1.68671  3.81359
1091  1.68721  3.81432
1092  1.68708  3.81376
1093  1.68587  3.81028
1094  1.68596  3.81179
1095  1.68679  3.81669
1096  1.68671  3.81647
1097  1.68797  3.82264
1098  1.68626  3.81397
1099  1.68661  3.81458
1100  1.68697  3.81766
1101  1.68529  3.81733
1102  1.68529  3.81177
1103  1.68525  3.81509
1104  1.68495  3.81262
1105  1.68481  3.81016
1106  1.685  3.81797
1107  1.68509  3.82328
1108  1.68461  3.82114
1109  1.6845  3.81852
1110  1.68461  3.81696
1111  1.68445  3.81518
1112  1.68452  3.81515
1113  1.68516  3.81704
1114  1.68454  3.8183
1115  1.68408  3.81894
1116  1.6837  3.81689
1117  1.68365  3.81694
1118  1.68389  3.81582
1119  1.68355  3.81035
1120  1.68397  3.81743
1121  1.68323  3.80865
1122  1.68323  3.81082
1123  1.68352  3.80735
1124  1.68323  3.81232
1125  1.68253  3.81354
1126  1.68229  3.81484
1127  1.68237  3.81479
1128  1.6821  3.81906
1129  1.68247  3.82744
1130  1.68193  3.82842
1131  1.68223  3.82811
1132  1.68221  3.82012
1133  1.68199  3.82266
1134  1.68273  3.82703
1135  1.68312  3.82788
1136  1.68197  3.82523
1137  1.6819  3.82508
1138  1.68094  3.82599
1139  1.68121  3.82755
1140  1.68177  3.82979
1141  1.68108  3.8411
1142  1.68158  3.83856
1143  1.68114  3.83759
1144  1.68174  3.8346
1145  1.68102  3.82962
1146  1.68072  3.83354
1147  1.68049  3.83263
1148  1.67976  3.82897
1149  1.67967  3.82434
1150  1.68006  3.82709
1151  1.6811  3.83347
1152  1.68024  3.83268
1153  1.68038  3.83255
1154  1.68037  3.83166
1155  1.6796  3.82853
1156  1.68176  3.82801
1157  1.68053  3.82207
1158  1.6798  3.82028
1159  1.68061  3.826
1160  1.68293  3.82837
1161  1.68153  3.82874
1162  1.67891  3.83319
1163  1.67883  3.82876
1164  1.67918  3.82629
1165  1.67828  3.82212
1166  1.67958  3.82209
1167  1.67954  3.83505
1168  1.67829  3.83547
1169  1.67919  3.83749
1170  1.67958  3.8362
1171  1.68105  3.83516
1172  1.67931  3.83096
1173  1.67843  3.82177
1174  1.67841  3.81595
1175  1.67869  3.81611
1176  1.67824  3.81809
1177  1.67828  3.8241
1178  1.6791  3.82624
1179  1.6803  3.82665
1180  1.67858  3.82458
1181  1.67772  3.82286
1182  1.67724  3.81439
1183  1.67819  3.81866
1184  1.67755  3.81783
1185  1.67649  3.81941
1186  1.677  3.82307
1187  1.67655  3.82164
1188  1.67657  3.82285
1189  1.67598  3.81949
1190  1.67602  3.81673
1191  1.67655  3.8159
1192  1.6763  3.81737
1193  1.67647  3.81969
1194  1.67598  3.8168
1195  1.676  3.82118
1196  1.67651  3.82175
1197  1.67583  3.82143
1198  1.67586  3.82529
1199  1.67529  3.82567
1200  1.67507  3.82532
1201  1.67527  3.82034
1202  1.67521  3.82269
1203  1.67539  3.82514
1204  1.67491  3.82303
1205  1.67499  3.82375
1206  1.67449  3.82117
1207  1.6745  3.82077
1208  1.67465  3.82147
1209  1.67461  3.82268
1210  1.67454  3.82586
1211  1.6744  3.83193
1212  1.67402  3.83207
1213  1.67385  3.83805
1214  1.67358  3.83599
1215  1.67377  3.84446
1216  1.67436  3.8445
1217  1.67501  3.84179
1218  1.67621  3.84248
1219  1.67428  3.83253
1220  1.67368  3.83102
1221  1.67442  3.8254
1222  1.67399  3.82309
1223  1.67346  3.83139
1224  1.67341  3.82604
1225  1.67388  3.82644
1226  1.67377  3.82429
1227  1.67266  3.82159
1228  1.6732  3.82175
1229  1.67263  3.82293
1230  1.67207  3.82744
1231  1.67443  3.83602
1232  1.67395  3.83018
1233  1.67304  3.82582
1234  1.67253  3.82997
1235  1.67199  3.83227
1236  1.67141  3.82715
1237  1.67158  3.83029
1238  1.67143  3.83066
1239  1.67176  3.83576
1240  1.6709  3.83215
1241  1.67152  3.83694
1242  1.67061  3.83082
1243  1.67087  3.83228
1244  1.67106  3.83169
1245  1.67047  3.82676
1246  1.67012  3.82232
1247  1.67099  3.82663
1248  1.67252  3.83238
1249  1.67172  3.83121
1250  1.67087  3.83071
1251  1.67039  3.82895
1252  1.66993  3.82592
1253  1.67017  3.825
1254  1.66985  3.83392
1255  1.66999  3.83534
1256  1.66909  3.8373
1257  1.66982  3.84212
1258  1.66988  3.84065
1259  1.66888  3.84454
1260  1.66905  3.84441
1261  1.67172  3.8466
1262  1.67126  3.84516
1263  1.66925  3.84327
1264  1.66933  3.845
1265  1.67238  3.85143
1266  1.669  3.84557
1267  1.66887  3.84283
1268  1.66933  3.84021
1269  1.66972  3.83814
1270  1.6691  3.84048
1271  1.66827  3.83769
1272  1.66806  3.83404
1273  1.66869  3.84031
1274  1.66813  3.83239
1275  1.66961  3.84089
1276  1.66836  3.83003
1277  1.66795  3.83054
1278  1.66727  3.82912
1279  1.66682  3.82948
1280  1.66637  3.82776
1281  1.66613  3.82721
1282  1.66612  3.83035
1283  1.66627  3.82705
1284  1.6673  3.83078
1285  1.66551  3.82812
1286  1.66588  3.82246
1287  1.66583  3.83169
1288  1.66524  3.82646
1289  1.66581  3.83014
1290  1.66501  3.82511
1291  1.66465  3.82758
1292  1.6644  3.83202
1293  1.66521  3.83654
1294  1.66574  3.84588
1295  1.66504  3.84264
1296  1.66407  3.83796
1297  1.66524  3.84247
1298  1.66425  3.8429
1299  1.66428  3.83996
1300  1.66373  3.83863
1301  1.66428  3.84188
1302  1.66382  3.84065
1303  1.66372  3.83415
1304  1.66385  3.83529
1305  1.66431  3.83164
1306  1.66255  3.83121
1307  1.66232  3.83476
1308  1.66238  3.85045
1309  1.66269  3.85595
1310  1.66252  3.85227
1311  1.66679  3.86924
1312  1.66244  3.8538
1313  1.66314  3.85852
1314  1.66378  3.85741
1315  1.66219  3.84772
1316  1.66332  3.85123
1317  1.66281  3.85487
1318  1.6622  3.85166
1319  1.66084  3.8536
1320  1.66167  3.8479
1321  1.66041  3.84768
1322  1.66239  3.85248
1323  1.66309  3.84902
1324  1.6618  3.83724
1325  1.66041  3.83465
1326  1.66261  3.84327
1327  1.66428  3.84774
1328  1.66076  3.84525
1329  1.66091  3.84641
1330  1.66344  3.8529
1331  1.66134  3.84663
1332  1.6606  3.84368
1333  1.66147  3.85137
1334  1.66065  3.84202
1335  1.66043  3.85096
1336  1.66015  3.84298
1337  1.65942  3.84194
1338  1.66134  3.84681
1339  1.66078  3.85309
1340  1.65995  3.85059
1341  1.65943  3.8444
1342  1.65885  3.84144
1343  1.65932  3.8413
1344  1.65866  3.84556
1345  1.65983  3.84729
1346  1.65977  3.84832
1347  1.65923  3.84189
1348  1.65905  3.83578
1349  1.65939  3.83482
1350  1.65869  3.83628
1351  1.65957  3.83999
1352  1.65852  3.83419
1353  1.65957  3.82911
1354  1.65831  3.83077
1355  1.65923  3.83027
1356  1.65873  3.82423
1357  1.65961  3.82375
1358  1.65824  3.82777
1359  1.6591  3.82472
1360  1.66041  3.82542
1361  1.65831  3.82443
1362  1.66128  3.83397
1363  1.66005  3.83277
1364  1.65859  3.82594
1365  1.65799  3.82924
1366  1.65806  3.83216
1367  1.65788  3.82558
1368  1.65763  3.82467
1369  1.65761  3.82519
1370  1.65733  3.83031
1371  1.65748  3.83088
1372  1.65746  3.82926
1373  1.65765  3.82524
1374  1.65724  3.83455
1375  1.65784  3.83655
1376  1.65621  3.82899
1377  1.65627  3.83409
1378  1.65598  3.83604
1379  1.65609  3.83204
1380  1.65602  3.83212
1381  1.65588  3.83347
1382  1.65565  3.82906
1383  1.65565  3.82638
1384  1.65533  3.82733
1385  1.65523  3.82862
1386  1.65549  3.82993
1387  1.65519  3.83079
1388  1.65511  3.83278
1389  1.65454  3.8274
1390  1.65569  3.83236
1391  1.65436  3.83638
1392  1.65392  3.83591
1393  1.65401  3.83926
1394  1.65385  3.83632
1395  1.65364  3.83247
1396  1.65426  3.83023
1397  1.65384  3.83755
1398  1.65334  3.83384
1399  1.654  3.83673
1400  1.65463  3.83744
1401  1.65312  3.83323
1402  1.65303  3.83805
1403  1.653  3.83639
1404  1.65527  3.84368
1405  1.65459  3.83672
1406  1.65437  3.84095
1407  1.65295  3.83398
1408  1.65141  3.82876
1409  1.6522  3.83542
1410  1.65201  3.82838
1411  1.65089  3.82717
1412  1.6511  3.82665
1413  1.65177  3.82837
1414  1.65149  3.82926
1415  1.65065  3.82888
1416  1.65015  3.82564
1417  1.6512  3.82694
1418  1.6501  3.82383
1419  1.65071  3.82504
1420  1.65075  3.82586
1421  1.64976  3.82227
1422  1.65014  3.8178
1423  1.65176  3.81572
1424  1.64992  3.81414
1425  1.6502  3.81415
1426  1.64966  3.81077
1427  1.64877  3.81604
1428  1.64911  3.81874
1429  1.64983  3.82538
1430  1.64862  3.82258
1431  1.64924  3.82202
1432  1.64841  3.8169
1433  1.65133  3.83033
1434  1.64948  3.82685
1435  1.64761  3.82548
1436  1.64801  3.82868
1437  1.64919  3.82631
1438  1.64882  3.82097
1439  1.64678  3.80853
1440  1.64718  3.81652
1441  1.65121  3.82043
1442  1.65052  3.82312
1443  1.64705  3.81804
1444  1.64623  3.81379
1445  1.64716  3.81234
1446  1.64979  3.81314
1447  1.65045  3.82379
1448  1.64627  3.81403
1449  1.64928  3.823
1450  1.64685  3.81397
1451  1.64836  3.82009
1452  1.64757  3.82231
1453  1.64565  3.81924
1454  1.64381  3.81547
1455  1.64369  3.81739
1456  1.64666  3.82404
1457  1.64335  3.81754
1458  1.64387  3.82038
1459  1.64452  3.81956
1460  1.64538  3.83019
1461  1.64559  3.83299
1462  1.64556  3.82933
1463  1.6457  3.83214
1464  1.64774  3.82853
1465  1.64866  3.82354
1466  1.64991  3.82866
1467  1.64965  3.83253
1468  1.65074  3.83668
1469  1.65605  3.84345
1470  1.64316  3.81103
1471  1.6447  3.81802
1472  1.64887  3.8266
1473  1.6426  3.8124
1474  1.64122  3.81023
1475  1.64261  3.81828
1476  1.64266  3.81224
1477  1.64094  3.81986
1478  1.64214  3.82403
1479  1.64338  3.82968
1480  1.6428  3.82297
1481  1.64352  3.82401
1482  1.64371  3.8212
1483  1.64403  3.81539
1484  1.64472  3.82288
1485  1.64465  3.82125
1486  1.64108  3.81782
1487  1.64352  3.82661
1488  1.64689  3.84021
1489  1.64267  3.83452
1490  1.64048  3.83127
1491  1.64591  3.84602
1492  1.64581  3.83769
1493  1.64038  3.82853
1494  1.63954  3.8189
1495  1.64033  3.81506
1496  1.63834  3.81848
1497  1.63782  3.81719
1498  1.64248  3.82642
1499  1.63793  3.8151
1500  1.63696  3.80485
1501  1.63773  3.80624
1502  1.63854  3.81684
1503  1.63854  3.81953
1504  1.63717  3.81677
1505  1.63732  3.81689
1506  1.63639  3.81743
1507  1.63654  3.82254
1508  1.63939  3.83117
1509  1.6366  3.82055
1510  1.63607  3.81256
1511  1.63735  3.81234
1512  1.6336  3.80505
1513  1.63504  3.80213
1514  1.63632  3.8111
1515  1.63639  3.80836
1516  1.64102  3.81817
1517  1.63554  3.80642
1518  1.63795  3.81882
1519  1.63609  3.81315
1520  1.63788  3.82026
1521  1.63737  3.81434
1522  1.63304  3.79337
1523  1.63173  3.79479
1524  1.63515  3.80328
1525  1.63315  3.79853
1526  1.63433  3.79897
1527  1.63328  3.79539
1528  1.6322  3.7896
1529  1.63144  3.78717
1530  1.63134  3.78785
1531  1.63256  3.79025
1532  1.63339  3.78795
1533  1.63107  3.78379
1534  1.62989  3.78135
1535  1.63043  3.78717
1536  1.63017  3.78614
1537  1.62939  3.78982
1538  1.62993  3.78866
1539  1.62994  3.78789
1540  1.63061  3.79284
1541  1.62903  3.78818
1542  1.62891  3.78882
1543  1.62923  3.79162
1544  1.62859  3.79047
1545  1.6288  3.78998
1546  1.62898  3.78853
1547  1.62994  3.79212
1548  1.62795  3.78854
1549  1.62786  3.78646
1550  1.6276  3.78749
1551  1.6283  3.78591
1552  1.62822  3.78499
1553  1.6274  3.78195
1554  1.62765  3.78414
1555  1.62717  3.77762
1556  1.62703  3.77567
1557  1.62714  3.77826
1558  1.62637  3.77712
1559  1.62662  3.77472
1560  1.62768  3.77987
1561  1.62655  3.77777
1562  1.62583  3.77858
1563  1.62755  3.77737
1564  1.62776  3.77984
1565  1.62709  3.77711
1566  1.62549  3.7676
1567  1.62587  3.77019
1568  1.62538  3.76903
1569  1.62543  3.76807
1570  1.62493  3.77152
1571  1.6256  3.77499
1572  1.62518  3.77324
1573  1.62518  3.77704
1574  1.62422  3.77747
1575  1.62457  3.77606
1576  1.62451  3.7785
1577  1.62387  3.77743
1578  1.62377  3.77695
1579  1.62356  3.77457
1580  1.62412  3.77876
1581  1.62381  3.77537
1582  1.62304  3.77205
1583  1.62404  3.77519
1584  1.62417  3.77702
1585  1.62428  3.77565
1586  1.62327  3.77108
1587  1.62417  3.7716
1588  1.62338  3.77242
1589  1.62335  3.77281
1590  1.62289  3.76672
1591  1.6221  3.7702
1592  1.62193  3.76449
1593  1.62194  3.76608
1594  1.62247  3.77098
1595  1.62179  3.77001
1596  1.62214  3.77275
1597  1.62414  3.77953
1598  1.62169  3.77146
1599  1.62143  3.76954
1600  1.62355  3.77396
1601  1.62217  3.77219
1602  1.6211  3.76816
1603  1.62048  3.7652
1604  1.62042  3.76341
1605  1.62045  3.76428
1606  1.62032  3.76836
1607  1.62097  3.76594
1608  1.62132  3.76251
1609  1.62046  3.75931
1610  1.62009  3.75819
1611  1.61992  3.75769
1612  1.61935  3.75757
1613  1.62051  3.75706
1614  1.62003  3.7555
1615  1.61941  3.75276
1616  1.61829  3.7522
1617  1.61953  3.75026
1618  1.6192  3.74921
1619  1.61922  3.74833
1620  1.61956  3.75014
1621  1.6208  3.75038
1622  1.61907  3.74621
1623  1.61925  3.7451
1624  1.61904  3.7457
1625  1.61948  3.74575
1626  1.62015  3.74721
1627  1.61894  3.74221
1628  1.61821  3.7455
1629  1.61943  3.7465
1630  1.61857  3.74161
1631  1.61903  3.74362
1632  1.62114  3.74564
1633  1.61888  3.73888
1634  1.62087  3.74042
1635  1.61943  3.74075
1636  1.62156  3.74317
1637  1.6188  3.74296
1638  1.61903  3.74727
1639  1.62119  3.75027
1640  1.61749  3.74747
1641  1.62135  3.75193
1642  1.61872  3.74689
1643  1.6185  3.74851
1644  1.62066  3.75509
1645  1.6185  3.74599
1646  1.61694  3.74094
1647  1.61818  3.74533
1648  1.61977  3.7438
1649  1.61887  3.73958
1650  1.6198  3.73819
1651  1.61741  3.73128
1652  1.61861  3.73061
1653  1.61771  3.72989
1654  1.61986  3.72981
1655  1.618  3.72816
1656  1.61949  3.72322
1657  1.61655  3.72026
1658  1.61573  3.71789
1659  1.61833  3.71685
1660  1.61698  3.71345
1661  1.61522  3.71512
1662  1.61658  3.71746
1663  1.61671  3.71354
1664  1.6169  3.71556
1665  1.61941  3.71705
1666  1.61541  3.71391
1667  1.61579  3.70994
1668  1.61718  3.71351
1669  1.61643  3.71412
1670  1.61542  3.71517
1671  1.61569  3.71531
1672  1.61579  3.71961
1673  1.61537  3.71497
1674  1.6165  3.71149
1675  1.61857  3.71703
1676  1.61725  3.70954
1677  1.61575  3.70727
1678  1.61659  3.71111
1679  1.61658  3.71245
1680  1.61623  3.71415
1681  1.61481  3.71677
1682  1.61446  3.71501
1683  1.61441  3.70888
1684  1.61578  3.71057
1685  1.61674  3.71052
1686  1.61731  3.71257
1687  1.61409  3.70416
1688  1.61442  3.70306
1689  1.61472  3.70176
1690  1.61454  3.70035
1691  1.6155  3.70116
1692  1.61766  3.70366
1693  1.615  3.70248
1694  1.61461  3.70604
1695  1.61396  3.70131
1696  1.61678  3.70696
1697  1.6141  3.70783
1698  1.61319  3.70587
1699  1.61365  3.70592
1700  1.61378  3.70509
1701  1.61384  3.70648
1702  1.61237  3.70205
1703  1.61289  3.70244
1704  1.61419  3.70546
1705  1.61237  3.70065
1706  1.61219  3.69577
1707  1.6138  3.69901
1708  1.61169  3.69399
1709  1.61365  3.69802
1710  1.61331  3.70191
1711  1.61278  3.69879
1712  1.6131  3.69801
1713  1.61321  3.69826
1714  1.61292  3.69867
1715  1.61407  3.70055
1716  1.61424  3.69658
1717  1.61589  3.69608
1718  1.61482  3.69692
1719  1.61203  3.68863
1720  1.6127  3.68996
1721  1.61175  3.68794
1722  1.61615  3.69023
1723  1.61219  3.68499
1724  1.61122  3.68829
1725  1.63737  3.75646
1726  1.61053  3.68602
1727  1.61236  3.68258
1728  1.61133  3.67939
1729  1.61148  3.68209
1730  1.61049  3.68557
1731  1.6103  3.68639
1732  1.61088  3.68089
1733  1.61027  3.67837
1734  1.61101  3.68057
1735  1.60958  3.68122
1736  1.61002  3.67948
1737  1.61076  3.68166
1738  1.61041  3.68365
1739  1.61105  3.68431
1740  1.60971  3.6774
1741  1.60996  3.67157
1742  1.60975  3.6701
1743  1.61118  3.67259
1744  1.60986  3.66821
1745  1.61033  3.66875
1746  1.60989  3.65944
1747  1.6115  3.66686
1748  1.61085  3.6705
1749  1.61031  3.6694
1750  1.60904  3.67165
1751  1.60946  3.67386
1752  1.60935  3.66916
1753  1.60931  3.66464
1754  1.60935  3.66522
1755  1.60863  3.66793
1756  1.60891  3.66752
1757  1.60865  3.66306
1758  1.60835  3.66664
1759  1.60964  3.66852
1760  1.60935  3.6678
1761  1.60946  3.67097
1762  1.60899  3.67258
1763  1.61014  3.67441
1764  1.60884  3.67331
1765  1.60974  3.67089
1766  1.60912  3.66971
1767  1.60911  3.66754
1768  1.6082  3.66561
1769  1.60828  3.66661
1770  1.60813  3.66831
1771  1.60895  3.66269
1772  1.60827  3.66691
1773  1.60803  3.66215
1774  1.60787  3.66026
1775  1.60883  3.66215
1776  1.60804  3.66412
1777  1.60819  3.66591
1778  1.60805  3.67208
1779  1.6085  3.66929
1780  1.6076  3.66994
1781  1.60786  3.66497
1782  1.60793  3.6642
1783  1.6076  3.66246
1784  1.60791  3.66112
1785  1.60926  3.65893
1786  1.60744  3.66205
1787  1.60701  3.66333
1788  1.60741  3.66833
1789  1.6072  3.6658
1790  1.60665  3.66278
1791  1.60665  3.66502
1792  1.60879  3.66326
1793  1.60897  3.6648
1794  1.60759  3.66202
1795  1.60715  3.6591
1796  1.6076  3.66181
1797  1.60807  3.6572
1798  1.60705  3.65743
1799  1.60649  3.65706
1800  1.6066  3.65597
1801  1.60708  3.65636
1802  1.60686  3.65778
1803  1.60662  3.65603
1804  1.60621  3.65738
1805  1.60594  3.66331
1806  1.60573  3.65919
1807  1.60664  3.65883
1808  1.60639  3.66429
1809  1.60615  3.66433
1810  1.60645  3.66522
1811  1.60606  3.66074
1812  1.60628  3.66407
1813  1.60549  3.66141
1814  1.6054  3.6573
1815  1.60531  3.65545
1816  1.60607  3.65326
1817  1.60559  3.65315
1818  1.60584  3.65318
1819  1.60534  3.65512
1820  1.60534  3.65407
1821  1.60565  3.65428
1822  1.60541  3.65666
1823  1.60523  3.66146
1824  1.60521  3.65826
1825  1.60533  3.65502
1826  1.60573  3.64995
1827  1.60532  3.65089
1828  1.60544  3.6507
1829  1.60545  3.65214
1830  1.60515  3.64732
1831  1.60565  3.6508
1832  1.60538  3.65002
1833  1.60516  3.64789
1834  1.60469  3.64938
1835  1.60434  3.65287
1836  1.60466  3.65257
1837  1.60437  3.65134
1838  1.60397  3.65282
1839  1.60455  3.64646
1840  1.60341  3.65017
1841  1.60415  3.64945
1842  1.60373  3.64625
1843  1.6035  3.64414
1844  1.60194  3.6326
1845  1.60275  3.63329
1846  1.60029  3.6385
1847  1.60055  3.63847
1848  1.6004  3.64031
1849  1.59951  3.64106
1850  1.60205  3.64215
1851  1.60059  3.64175
1852  1.60099  3.64468
1853  1.60029  3.64353
1854  1.59907  3.63407
1855  1.59955  3.6333
1856  1.59937  3.62247
1857  1.59902  3.62743
1858  1.59876  3.62945
1859  1.59876  3.62986
1860  1.59915  3.63878
1861  1.59901  3.64158
1862  1.59948  3.63278
1863  1.60121  3.62797
1864  1.5998  3.62813
1865  1.59962  3.62774
1866  1.60022  3.63176
1867  1.59946  3.62715
1868  1.59883  3.6238
1869  1.59965  3.62478
1870  1.59957  3.62133
1871  1.59889  3.62712
1872  1.59766  3.63006
1873  1.59864  3.63036
1874  1.59842  3.62788
1875  1.59748  3.62461
1876  1.59785  3.62411
1877  1.59813  3.62329
1878  1.59821  3.62541
1879  1.59824  3.62302
1880  1.59792  3.63175
1881  1.59779  3.62982
1882  1.59813  3.63249
1883  1.59753  3.63215
1884  1.59762  3.63232
1885  1.59827  3.63713
1886  1.59773  3.63092
1887  1.59732  3.63588
1888  1.59884  3.63419
1889  1.59758  3.63196
1890  1.59726  3.63017
1891  1.59775  3.6377
1892  1.59717  3.63823
1893  1.59724  3.6387
1894  1.59702  3.63402
1895  1.59775  3.63287
1896  1.59706  3.63715
1897  1.59778  3.63664
1898  1.59746  3.63588
1899  1.59755  3.63298
1900  1.5972  3.63327
1901  1.59751  3.6332
1902  1.59746  3.63001
1903  1.59695  3.63992
1904  1.59685  3.63217
1905  1.59671  3.6292
1906  1.597  3.62855
1907  1.59709  3.63238
1908  1.59806  3.63564
1909  1.59763  3.63572
1910  1.5979  3.63595
1911  1.59612  3.63593
1912  1.59628  3.63455
1913  1.5961  3.63557
1914  1.5969  3.62984
1915  1.59875  3.6239
1916  1.59809  3.62621
1917  1.59695  3.63378
1918  1.59729  3.63353
1919  1.59687  3.63232
1920  1.59738  3.6339
1921  1.59745  3.63429
1922  1.59733  3.6351
1923  1.59834  3.63495
1924  1.59812  3.62786
1925  1.59708  3.629
1926  1.5975  3.62791
1927  1.59775  3.624
1928  1.59833  3.63013
1929  1.59722  3.6314
1930  1.59689  3.62355
1931  1.59698  3.62569
1932  1.59608  3.62769
1933  1.59617  3.62688
1934  1.59669  3.62631
1935  1.5962  3.62545
1936  1.5963  3.61739
1937  1.59578  3.62211
1938  1.59636  3.62313
1939  1.5959  3.62716
1940  1.59578  3.63327
1941  1.59542  3.6359
1942  1.59556  3.64015
1943  1.5958  3.63436
1944  1.59582  3.63168
1945  1.59551  3.63319
1946  1.59546  3.62718
1947  1.59598  3.62422
1948  1.59515  3.63165
1949  1.59527  3.63686
1950  1.59514  3.63306
1951  1.59538  3.63082
1952  1.59514  3.63584
1953  1.59505  3.63696
1954  1.59498  3.63434
1955  1.59484  3.63375
1956  1.59492  3.63549
1957  1.59479  3.63243
1958  1.5948  3.62837
1959  1.59449  3.63004
1960  1.59475  3.62639
1961  1.5951  3.62609
1962  1.59477  3.62833
1963  1.5944  3.63204
1964  1.59443  3.63194
1965  1.59446  3.62882
1966  1.59459  3.62833
1967  1.59478  3.62662
1968  1.59448  3.62887
1969  1.59439  3.62356
1970  1.59434  3.6319
1971  1.59451  3.63341
1972  1.5946  3.63187
1973  1.59449  3.63138
1974  1.59442  3.63207
1975  1.59479  3.63175
1976  1.59444  3.63183
1977  1.59415  3.63452
1978  1.59436  3.63026
1979  1.59453  3.63439
1980  1.59423  3.63397
1981  1.59424  3.6325
1982  1.59399  3.63485
1983  1.5943  3.63094
1984  1.59409  3.63047
1985  1.59434  3.63234
1986  1.59384  3.63423
1987  1.59392  3.63052
1988  1.59439  3.62617
1989  1.59428  3.62968
1990  1.59382  3.62775
1991  1.59384  3.62891
1992  1.59385  3.62637
1993  1.59353  3.62994
1994  1.59349  3.62951
1995  1.59348  3.63185
1996  1.59351  3.63375
1997  1.59347  3.63113
1998  1.59337  3.62944
1999  1.59348  3.63056
2000  1.59344  3.63115
2001  1.59327  3.62842
2002  1.59364  3.62926
2003  1.59322  3.62689
2004  1.59342  3.62282
2005  1.5933  3.62535
2006  1.59354  3.62712
2007  1.59336  3.62806
2008  1.59336  3.62258
2009  1.59305  3.62753
2010  1.59296  3.62567
2011  1.59293  3.62915
2012  1.5934  3.62586
2013  1.59329  3.62295
2014  1.59317  3.62844
2015  1.59337  3.62677
2016  1.59325  3.6315
2017  1.5931  3.63258
2018  1.59278  3.63145
2019  1.59269  3.63536
2020  1.59258  3.63442
2021  1.59269  3.63778
2022  1.59267  3.63125
2023  1.59294  3.62651
2024  1.59288  3.62615
2025  1.59351  3.63022
2026  1.59336  3.62882
2027  1.59352  3.63231
2028  1.59311  3.6273
2029  1.59396  3.62911
2030  1.59355  3.63399
2031  1.59435  3.63534
2032  1.59498  3.63314
2033  1.59582  3.63263
2034  1.59475  3.63404
2035  1.59392  3.63517
2036  1.59419  3.62949
2037  1.59597  3.63546
2038  1.59526  3.64138
2039  1.59423  3.64872
2040  1.59351  3.64159
2041  1.59211  3.63648
2042  1.59377  3.63514
2043  1.59257  3.62794
2044  1.59378  3.6246
2045  1.59215  3.62681
2046  1.59146  3.6313
2047  1.59305  3.63477
2048  1.59233  3.62904
2049  1.59217  3.62819
2050  1.59241  3.62307
2051  1.59338  3.62688
2052  1.59337  3.62468
2053  1.59247  3.62647
2054  1.59283  3.63198
2055  1.59168  3.63289
2056  1.59117  3.63098
2057  1.59143  3.63116
2058  1.59184  3.62929
2059  1.59219  3.62472
2060  1.59165  3.62579
2061  1.59093  3.628
2062  1.59118  3.62718
2063  1.59079  3.62501
2064  1.59101  3.62477
2065  1.59042  3.6185
2066  1.59031  3.61591
2067  1.59064  3.62246
2068  1.5903  3.62449
2069  1.59011  3.62062
2070  1.59041  3.61356
2071  1.59084  3.61922
2072  1.59007  3.61982
2073  1.59125  3.62133
2074  1.5901  3.62199
2075  1.59018  3.62263
2076  1.58974  3.62419
2077  1.58898  3.62272
2078  1.58918  3.62313
2079  1.58955  3.62095
2080  1.58968  3.6224
2081  1.58949  3.61958
2082  1.58915  3.62181
2083  1.59052  3.622
2084  1.58933  3.6186
2085  1.58878  3.61781
2086  1.58935  3.62316
2087  1.58863  3.62398
2088  1.58837  3.62106
2089  1.58919  3.6205
2090  1.58871  3.61532
2091  1.58836  3.61597
2092  1.58874  3.619
2093  1.58915  3.62116
2094  1.58835  3.62097
2095  1.58753  3.62092
2096  1.58771  3.6189
2097  1.58768  3.61928
2098  1.58747  3.62032
2099  1.58768  3.62613
2100  1.58746  3.62392
2101  1.58703  3.62434
2102  1.58709  3.61985
2103  1.58741  3.62487
2104  1.58684  3.62816
2105  1.58667  3.62473
2106  1.58695  3.62109
2107  1.58645  3.61533
2108  1.58657  3.61451
2109  1.58648  3.61897
2110  1.58639  3.61784
2111  1.58777  3.61837
2112  1.58734  3.62358
2113  1.58608  3.61464
2114  1.58647  3.6077
2115  1.5859  3.60773
2116  1.58582  3.60767
2117  1.58645  3.61226
2118  1.586  3.61432
2119  1.58629  3.61056
2120  1.58582  3.60798
2121  1.58534  3.61257
2122  1.5853  3.6093
2123  1.58507  3.60734
2124  1.58514  3.60698
2125  1.58524  3.60148
2126  1.58473  3.5987
2127  1.58452  3.60173
2128  1.58454  3.60088
2129  1.58522  3.59941
2130  1.58492  3.60043
2131  1.58519  3.60174
2132  1.58514  3.5929
2133  1.58407  3.59593
2134  1.58469  3.59377
2135  1.58456  3.59163
2136  1.58417  3.59635
2137  1.58382  3.59449
2138  1.58481  3.59252
2139  1.5831  3.59735
2140  1.58386  3.59481
2141  1.58351  3.59366
2142  1.58372  3.59339
2143  1.58431  3.59708
2144  1.58351  3.59825
2145  1.58343  3.59215
2146  1.58405  3.59459
2147  1.58368  3.59287
2148  1.58264  3.59649
2149  1.58251  3.59781
2150  1.58337  3.59763
2151  1.58275  3.59874
2152  1.58235  3.5946
2153  1.58244  3.58747
2154  1.58218  3.58601
2155  1.58218  3.58704
2156  1.58237  3.5872
2157  1.5823  3.58516
2158  1.58213  3.58268
2159  1.58242  3.58509
2160  1.58214  3.5824
2161  1.58248  3.57993
2162  1.58226  3.57986
2163  1.58209  3.58058
2164  1.58203  3.58391
2165  1.58166  3.57685
2166  1.58205  3.5758
2167  1.58195  3.57997
2168  1.58182  3.57454
2169  1.5818  3.57736
2170  1.58141  3.57571
2171  1.58137  3.57648
2172  1.58159  3.57976
2173  1.58159  3.57563
2174  1.58155  3.57345
2175  1.58166  3.57432
2176  1.58222  3.57063
2177  1.58173  3.57363
2178  1.58172  3.57384
2179  1.58177  3.57827
2180  1.58237  3.57652
2181  1.58144  3.57471
2182  1.58222  3.57263
2183  1.58185  3.57153
2184  1.58261  3.57091
2185  1.58243  3.56849
2186  1.5824  3.57059
2187  1.58166  3.57372
2188  1.58142  3.57547
2189  1.58127  3.56546
2190  1.58197  3.5682
2191  1.5815  3.5727
2192  1.5823  3.57097
2193  1.58187  3.57437
2194  1.58218  3.56819
2195  1.58171  3.56981
2196  1.58244  3.57142
2197  1.5827  3.57178
2198  1.58147  3.56721
2199  1.5818  3.56965
2200  1.58225  3.56909
2201  1.58134  3.57328
2202  1.5827  3.57454
2203  1.58173  3.56821
2204  1.58226  3.57001
2205  1.58165  3.56504
2206  1.58212  3.5687
2207  1.58206  3.56236
2208  1.5815  3.5664
2209  1.58199  3.56717
2210  1.58127  3.56595
2211  1.58153  3.56464
2212  1.58175  3.56666
2213  1.58218  3.56479
2214  1.582  3.56621
2215  1.58156  3.5628
2216  1.58337  3.56159
2217  1.58438  3.56064
2218  1.58265  3.56194
2219  1.58432  3.57184
2220  1.58306  3.56349
2221  1.58143  3.56393
2222  1.58121  3.5564
2223  1.58246  3.55817
2224  1.58187  3.55776
2225  1.58207  3.55177
2226  1.58182  3.55016
2227  1.58223  3.5502
2228  1.58158  3.55046
2229  1.58139  3.55694
2230  1.58085  3.55894
2231  1.58126  3.55938
2232  1.58068  3.55542
2233  1.58026  3.55599
2234  1.58034  3.55155
2235  1.58136  3.55184
2236  1.58109  3.5552
2237  1.58042  3.55058
2238  1.58103  3.55381
2239  1.58115  3.55679
2240  1.58059  3.55596
2241  1.58074  3.55822
2242  1.58059  3.55155
2243  1.58051  3.55029
2244  1.58038  3.54937
2245  1.58044  3.54824
2246  1.58058  3.54862
2247  1.57996  3.54761
2248  1.5798  3.549
2249  1.57989  3.54803
2250  1.57959  3.54836
2251  1.57959  3.54921
2252  1.57962  3.546
2253  1.57997  3.54389
2254  1.57957  3.54458
2255  1.57946  3.54507
2256  1.57992  3.54395
2257  1.57972  3.54636
2258  1.57976  3.55014
2259  1.57941  3.5456
2260  1.57926  3.54645
2261  1.57972  3.54259
2262  1.57951  3.54153
2263  1.57952  3.54285
2264  1.57925  3.54493
2265  1.57936  3.54274
2266  1.57897  3.54252
2267  1.57931  3.54275
2268  1.57919  3.53947
2269  1.5793  3.54071
2270  1.57885  3.53722
2271  1.57888  3.53472
2272  1.57925  3.53595
2273  1.57887  3.53695
2274  1.57858  3.53875
2275  1.57864  3.53767
2276  1.57866  3.53376
2277  1.57906  3.53321
2278  1.5784  3.52916
2279  1.57851  3.52533
2280  1.57851  3.52124
2281  1.57844  3.52321
2282  1.5785  3.52411
2283  1.5783  3.52797
2284  1.57817  3.53076
2285  1.57788  3.52989
2286  1.57791  3.52998
2287  1.57818  3.52814
2288  1.57818  3.52803
2289  1.57788  3.52781
2290  1.57759  3.52778
2291  1.57775  3.52834
2292  1.57752  3.52789
2293  1.57753  3.52684
2294  1.5775  3.527
2295  1.57745  3.52441
2296  1.57778  3.52376
2297  1.57748  3.52308
2298  1.57723  3.52359
2299  1.57757  3.52471
2300  1.57703  3.5231
2301  1.57756  3.52121
2302  1.57711  3.52169
2303  1.57722  3.52032
2304  1.57708  3.5215
2305  1.57685  3.51867
2306  1.57634  3.5122
2307  1.57659  3.50763
2308  1.57652  3.51287
2309  1.57682  3.51299
2310  1.57631  3.5156
2311  1.57606  3.51532
2312  1.57654  3.51161
2313  1.57635  3.50828
2314  1.57636  3.50909
2315  1.57622  3.50901
2316  1.57663  3.50854
2317  1.57639  3.50733
2318  1.57624  3.51057
2319  1.57619  3.51115
2320  1.57604  3.5084
2321  1.57579  3.50773
2322  1.57604  3.50711
2323  1.57574  3.50553
2324  1.57588  3.50633
2325  1.57582  3.50517
2326  1.57597  3.50414
2327  1.57576  3.50762
2328  1.57555  3.50392
2329  1.57564  3.50323
2330  1.57559  3.5023
2331  1.57539  3.50446
2332  1.57545  3.50003
2333  1.57539  3.49988
2334  1.57513  3.50453
2335  1.57516  3.50076
2336  1.57519  3.49905
2337  1.57501  3.49766
2338  1.5749  3.49648
2339  1.57487  3.49158
2340  1.57517  3.49055
2341  1.57506  3.49067
2342  1.57489  3.48748
2343  1.57464  3.4898
2344  1.57462  3.48932
2345  1.57469  3.4911
2346  1.57507  3.49089
2347  1.57477  3.49154
2348  1.57591  3.4882
2349  1.57502  3.48979
2350  1.57481  3.48976
2351  1.57481  3.48434
2352  1.57473  3.48328
2353  1.57479  3.48614
2354  1.57459  3.48532
2355  1.57449  3.4813
2356  1.57509  3.48172
2357  1.57467  3.48302
2358  1.57583  3.48449
2359  1.57458  3.48063
2360  1.57419  3.47746
2361  1.57451  3.47652
2362  1.57426  3.48007
2363  1.57443  3.48005
2364  1.57497  3.47649
2365  1.57449  3.47884
2366  1.57417  3.48099
2367  1.57448  3.47901
2368  1.57449  3.47679
2369  1.57446  3.47573
2370  1.57394  3.47563
2371  1.57402  3.47391
2372  1.57368  3.4728
2373  1.57381  3.47153
2374  1.57429  3.46983
2375  1.57343  3.47058
2376  1.57437  3.47154
2377  1.57373  3.47251
2378  1.57328  3.47498
2379  1.57341  3.47295
2380  1.57411  3.47408
2381  1.57379  3.47572
2382  1.57359  3.47893
2383  1.57344  3.47259
2384  1.57319  3.46923
2385  1.57342  3.46855
2386  1.57302  3.46847
2387  1.57292  3.46898
2388  1.57322  3.46797
2389  1.57315  3.46678
2390  1.57314  3.46708
2391  1.57328  3.47031
2392  1.57338  3.4684
2393  1.57322  3.46362
2394  1.57303  3.46519
2395  1.57307  3.46069
2396  1.57318  3.46251
2397  1.57339  3.46354
2398  1.57374  3.4595
2399  1.57363  3.45879
2400  1.57308  3.45946
2401  1.57321  3.4619
2402  1.5729  3.45962
2403  1.57377  3.45687
2404  1.57381  3.45487
2405  1.57352  3.44993
2406  1.57281  3.45354
2407  1.57245  3.45165
2408  1.57231  3.45396
2409  1.57285  3.45255
2410  1.57244  3.4529
2411  1.57313  3.45227
2412  1.57224  3.45573
2413  1.57247  3.45414
2414  1.57214  3.4566
2415  1.57263  3.45586
2416  1.57228  3.45897
2417  1.57212  3.4595
2418  1.57221  3.4593
2419  1.57212  3.45568
2420  1.57204  3.45667
2421  1.57206  3.45697
2422  1.57203  3.45747
2423  1.57217  3.45717
2424  1.57194  3.45747
2425  1.57204  3.45491
2426  1.57206  3.4527
2427  1.5723  3.4499
2428  1.5719  3.45269
2429  1.57192  3.45221
2430  1.57209  3.45111
2431  1.57192  3.44995
2432  1.57193  3.44955
2433  1.57208  3.44814
2434  1.57194  3.44981
2435  1.57194  3.44995
2436  1.57212  3.44816
2437  1.57196  3.45105
2438  1.57191  3.4513
2439  1.57181  3.45246
2440  1.57187  3.45001
2441  1.57193  3.44974
2442  1.57216  3.44444
2443  1.5719  3.44374
2444  1.57175  3.44606
2445  1.5719  3.44198
2446  1.5718  3.44536
2447  1.57187  3.44184
2448  1.57194  3.44402
2449  1.5718  3.44479
2450  1.5718  3.44103
2451  1.57191  3.43865
2452  1.57169  3.44155
2453  1.57171  3.4407
2454  1.5717  3.44185
2455  1.57186  3.44033
2456  1.57197  3.43873
2457  1.57173  3.44116
2458  1.57174  3.44048
2459  1.57167  3.44147
2460  1.57171  3.43925
2461  1.57168  3.43907
2462  1.57179  3.43773
2463  1.57169  3.44049
2464  1.57167  3.44007
2465  1.57164  3.44123
2466  1.57173  3.43871
2467  1.57162  3.43965
2468  1.57189  3.4361
2469  1.57159  3.4387
2470  1.57158  3.43969
2471  1.5716  3.43783
2472  1.5716  3.43762
2473  1.57168  3.43766
2474  1.57161  3.43666
2475  1.57166  3.43772
2476  1.57156  3.43725
2477  1.57156  3.43723
2478  1.57159  3.43686
2479  1.57155  3.43702
2480  1.57165  3.43359
2481  1.57159  3.4342
2482  1.57155  3.43649
2483  1.57157  3.43585
2484  1.57154  3.43598
2485  1.57153  3.43651
2486  1.57153  3.43474
2487  1.57153  3.4345
2488  1.57169  3.43267
2489  1.57155  3.43346
2490  1.57155  3.43249
2491  1.57156  3.43069
2492  1.57153  3.43311
2493  1.57155  3.43143
2494  1.57156  3.4309
2495  1.57152  3.43101
2496  1.57149  3.43187
2497  1.57158  3.42875
2498  1.57149  3.43107
2499  1.57151  3.42883
2500  1.57152  3.42777
2501  1.57149  3.42993
2502  1.5715  3.42627
2503  1.57149  3.42723
2504  1.57147  3.42818
2505  1.57147  3.42836
2506  1.57147  3.42772
2507  1.57156  3.42536
2508  1.57147  3.42718
2509  1.57149  3.42504
2510  1.57148  3.42403
2511  1.57151  3.42335
2512  1.57153  3.42248
2513  1.57151  3.42177
2514  1.57147  3.42262
2515  1.57145  3.42314
2516  1.57154  3.42128
2517  1.57146  3.42057
2518  1.57151  3.42118
2519  1.57145  3.42253
2520  1.57148  3.42156
2521  1.57145  3.42139
2522  1.57145  3.42129
2523  1.57145  3.42182
2524  1.57152  3.42085
2525  1.57145  3.42083
2526  1.57145  3.42237
2527  1.57147  3.42043
2528  1.57146  3.421
2529  1.5715  3.42043
2530  1.57144  3.42138
2531  1.57148  3.42168
2532  1.57145  3.42251
2533  1.57147  3.42188
2534  1.57144  3.42276
2535  1.57144  3.42286
2536  1.57147  3.42209
2537  1.57144  3.42232
2538  1.57145  3.42178
2539  1.57145  3.42062
2540  1.57147  3.41962
2541  1.57144  3.42152
2542  1.57145  3.4202
2543  1.57145  3.4198
2544  1.57145  3.41933
2545  1.57146  3.41915
2546  1.57144  3.41887
2547  1.57144  3.42124
2548  1.57147  3.41826
2549  1.57144  3.4191
2550  1.57144  3.41864
2551  1.57145  3.41816
2552  1.57144  3.41858
2553  1.57147  3.41796
2554  1.57144  3.4193
2555  1.57145  3.41934
2556  1.57144  3.42087
2557  1.57145  3.41933
2558  1.57144  3.42048
2559  1.57144  3.42026
2560  1.57146  3.41944
2561  1.57144  3.41964
2562  1.57145  3.42226
2563  1.57144  3.42033
2564  1.57144  3.42085
2565  1.57144  3.4196
2566  1.5715  3.41766
2567  1.57144  3.41851
2568  1.57144  3.41848
2569  1.57147  3.41828
2570  1.57143  3.41862
2571  1.57145  3.41976
2572  1.57145  3.41846
2573  1.57148  3.41756
2574  1.57144  3.41878
2575  1.57145  3.41805
2576  1.57145  3.41945
2577  1.57146  3.42071
2578  1.57143  3.41908
2579  1.57143  3.41951
2580  1.57144  3.42049
2581  1.57144  3.42064
2582  1.57146  3.41863
2583  1.57144  3.41881
2584  1.57144  3.41991
2585  1.57144  3.42023
2586  1.57144  3.41937
2587  1.57144  3.41946
2588  1.57144  3.41844
2589  1.57145  3.42036
2590  1.57144  3.41924
2591  1.57144  3.41928
2592  1.57146  3.41784
2593  1.57144  3.41862
2594  1.57143  3.41877
2595  1.57145  3.41997
2596  1.57144  3.4192
2597  1.57144  3.41917
2598  1.57144  3.41923
2599  1.57144  3.41955
2600  1.57144  3.4196
2601  1.57144  3.42003
2602  1.57144  3.41943
2603  1.57144  3.41805
2604  1.57147  3.4169
2605  1.57143  3.41818
2606  1.57145  3.41746
2607  1.57148  3.41685
2608  1.57144  3.41918
2609  1.57143  3.41906
2610  1.57144  3.41916
2611  1.57143  3.41899
2612  1.57143  3.41909
2613  1.57144  3.41911
2614  1.57147  3.41829
2615  1.57144  3.42036
2616  1.57144  3.41993
2617  1.57144  3.42134
2618  1.57143  3.42046
2619  1.57145  3.41815
2620  1.57144  3.41872
2621  1.57143  3.4187
2622  1.57144  3.41732
2623  1.57144  3.41878
2624  1.57143  3.41783
2625  1.57144  3.41776
2626  1.57143  3.418
2627  1.57146  3.41623
2628  1.57145  3.41723
2629  1.57145  3.41724
2630  1.57143  3.41797
2631  1.57143  3.41765
2632  1.57145  3.41673
2633  1.57144  3.41733
2634  1.57144  3.41737
2635  1.57145  3.41758
2636  1.57143  3.41795
2637  1.57143  3.41908
2638  1.57143  3.41909
2639  1.57143  3.41797
2640  1.57144  3.4187
2641  1.57143  3.41895
2642  1.5715  3.41679
2643  1.57143  3.41831
2644  1.57143  3.41973
2645  1.57146  3.41904
2646  1.57144  3.41881
2647  1.57145  3.41854
2648  1.57145  3.41779
2649  1.57147  3.41795
2650  1.57148  3.41668
2651  1.57143  3.41867
2652  1.57143  3.41765
2653  1.57143  3.41775
2654  1.57148  3.41593
2655  1.57145  3.4165
2656  1.57147  3.41691
2657  1.57145  3.4167
2658  1.57143  3.41772
2659  1.57143  3.41757
2660  1.57145  3.41665
2661  1.57151  3.41546
2662  1.57147  3.41517
2663  1.57144  3.41664
2664  1.57143  3.4161
2665  1.57143  3.41719
2666  1.57144  3.41807
2667  1.57144  3.41698
2668  1.57144  3.41721
2669  1.57143  3.41935
2670  1.57143  3.41898
2671  1.57144  3.41933
2672  1.57145  3.41838
2673  1.57144  3.41868
2674  1.57144  3.41808
2675  1.57144  3.41867
2676  1.57143  3.41881
2677  1.57145  3.41834
2678  1.57144  3.41867
2679  1.57148  3.41806
2680  1.57143  3.42073
2681  1.57143  3.41987
2682  1.57145  3.42061
2683  1.57144  3.41937
2684  1.57144  3.41865
2685  1.57144  3.41948
2686  1.57145  3.4187
2687  1.57147  3.41657
2688  1.57145  3.41678
2689  1.57143  3.41841
2690  1.57143  3.41883
2691  1.57143  3.41829
2692  1.57143  3.419
2693  1.57145  3.41898
2694  1.57146  3.41787
2695  1.5715  3.41784
2696  1.57146  3.41708
2697  1.57149  3.41544
2698  1.57147  3.41539
2699  1.57145  3.41743
2700  1.57145  3.4165
2701  1.57143  3.41828
2702  1.57144  3.41737
2703  1.57148  3.41645
2704  1.57144  3.4178
2705  1.5715  3.41687
2706  1.57144  3.41799
2707  1.57148  3.4178
2708  1.57143  3.41946
2709  1.57143  3.42008
2710  1.57143  3.41897
2711  1.57143  3.41904
2712  1.57143  3.41792
2713  1.57145  3.41889
2714  1.57144  3.4188
2715  1.57145  3.41852
2716  1.57146  3.41796
2717  1.57143  3.4183
2718  1.57144  3.41727
2719  1.57146  3.41519
2720  1.57144  3.4164
2721  1.57144  3.4171
2722  1.57144  3.4178
2723  1.57144  3.41764
2724  1.57143  3.4184
2725  1.57144  3.41877
2726  1.57143  3.41965
2727  1.57144  3.41855
2728  1.57144  3.41931
2729  1.57143  3.41941
2730  1.57143  3.42022
2731  1.57143  3.41853
2732  1.57144  3.41869
2733  1.57145  3.41816
2734  1.57143  3.4187
2735  1.57144  3.41798
2736  1.57146  3.41676
2737  1.57143  3.41834
2738  1.57145  3.41815
2739  1.57143  3.41919
2740  1.57143  3.41841
2741  1.57143  3.41961
2742  1.57144  3.41744
2743  1.57144  3.41719
2744  1.57143  3.41777
2745  1.57143  3.41798
2746  1.57143  3.41821
2747  1.57143  3.41831
2748  1.57145  3.4161
2749  1.57143  3.41709
2750  1.57143  3.4187
2751  1.57143  3.41788
2752  1.57144  3.41724
2753  1.57144  3.41844
2754  1.57143  3.41763
2755  1.57144  3.41797
2756  1.57145  3.41831
2757  1.57147  3.41837
2758  1.57145  3.4178
2759  1.57143  3.41831
2760  1.57144  3.41834
2761  1.57144  3.41795
2762  1.57149  3.41708
2763  1.57143  3.4194
2764  1.57143  3.41939
2765  1.57145  3.41873
2766  1.5715  3.41796
2767  1.57144  3.41784
2768  1.57144  3.4198
2769  1.57143  3.41939
2770  1.57146  3.41804
2771  1.57145  3.41839
2772  1.57143  3.4191
2773  1.57143  3.41952
2774  1.57143  3.41907
2775  1.57143  3.41928
2776  1.57144  3.41817
2777  1.57143  3.41863
2778  1.57145  3.41619
2779  1.57144  3.41725
2780  1.57143  3.41876
2781  1.57147  3.41716
2782  1.57144  3.41896
2783  1.57143  3.41878
2784  1.57144  3.41876
2785  1.57143  3.41917
2786  1.57143  3.41827
2787  1.57145  3.41672
2788  1.57143  3.41789
2789  1.57144  3.41707
2790  1.57143  3.41763
2791  1.57146  3.41715
2792  1.57143  3.41842
2793  1.57143  3.41762
2794  1.57145  3.41751
2795  1.57143  3.41757
2796  1.57144  3.41768
2797  1.57143  3.41953
2798  1.57143  3.41946
2799  1.57145  3.41894
2800  1.57143  3.41873
2801  1.57143  3.41895
2802  1.57143  3.41878
2803  1.57143  3.41828
2804  1.57145  3.41769
2805  1.57144  3.4177
2806  1.57143  3.41702
2807  1.57143  3.41751
2808  1.57143  3.41639
2809  1.57144  3.41621
2810  1.57143  3.41735
2811  1.57148  3.4167
2812  1.57148  3.41648
2813  1.57145  3.41726
2814  1.57148  3.41651
2815  1.57144  3.41735
2816  1.57144  3.41856
2817  1.57147  3.41688
2818  1.5715  3.41547
2819  1.57143  3.41582
2820  1.57144  3.41589
2821  1.57146  3.41452
2822  1.57144  3.41605
2823  1.57144  3.41765
2824  1.57144  3.41766
2825  1.57146  3.41743
2826  1.57143  3.41891
2827  1.5715  3.41858
2828  1.57143  3.42093
2829  1.57145  3.41917
2830  1.57144  3.41926
2831  1.57146  3.41825
2832  1.57144  3.41813
2833  1.57144  3.41738
2834  1.57144  3.41819
2835  1.57143  3.41929
2836  1.57143  3.42036
2837  1.57143  3.42016
2838  1.57143  3.41965
2839  1.57146  3.41794
2840  1.57147  3.41781
2841  1.57143  3.41936
2842  1.57143  3.41841
2843  1.57143  3.41858
2844  1.57145  3.4184
2845  1.57143  3.41777
2846  1.57143  3.41769
2847  1.57143  3.41789
2848  1.57143  3.41783
2849  1.57143  3.41744
2850  1.57143  3.41846
2851  1.57143  3.41791
2852  1.57143  3.41865
2853  1.57143  3.41894
2854  1.57145  3.41833
2855  1.57143  3.41999
2856  1.57144  3.419
2857  1.57143  3.4187
2858  1.57143  3.41782
2859  1.57143  3.41819
2860  1.57145  3.41683
2861  1.57144  3.41868
2862  1.57143  3.41734
2863  1.57143  3.41674
2864  1.57143  3.41698
2865  1.57143  3.41845
2866  1.57143  3.41865
2867  1.57143  3.41748
2868  1.57143  3.41766
2869  1.57149  3.41568
2870  1.57144  3.41632
2871  1.57143  3.41752
2872  1.57147  3.41592
2873  1.57144  3.41647
2874  1.57143  3.41799
2875  1.57143  3.41833
2876  1.57144  3.41773
2877  1.57143  3.4173
2878  1.57143  3.41865
2879  1.57146  3.41685
2880  1.57143  3.41752
2881  1.57144  3.4181
2882  1.57143  3.41946
2883  1.57143  3.41819
2884  1.57146  3.41733
2885  1.57143  3.419
2886  1.57147  3.41716
2887  1.57143  3.41786
2888  1.57146  3.41677
2889  1.57143  3.41844
2890  1.57145  3.41898
2891  1.57144  3.41948
2892  1.57144  3.41864
2893  1.57144  3.42016
2894  1.57144  3.41951
2895  1.57145  3.41829
2896  1.57143  3.41875
2897  1.57145  3.41708
2898  1.57144  3.41865
2899  1.57143  3.41839
2900  1.57143  3.41828
2901  1.57143  3.41768
2902  1.57143  3.41856
2903  1.57143  3.41969
2904  1.57145  3.4187
2905  1.57143  3.42055
2906  1.57148  3.41871
2907  1.57147  3.41975
2908  1.57145  3.41912
2909  1.57153  3.41721
2910  1.57143  3.41889
2911  1.5715  3.41897
2912  1.57143  3.42114
2913  1.57143  3.42145
2914  1.57144  3.42181
2915  1.57144  3.41982
2916  1.57154  3.41602
2917  1.57149  3.41648
2918  1.57146  3.41662
2919  1.57147  3.41648
2920  1.57143  3.41773
2921  1.57143  3.41836
2922  1.57146  3.41789
2923  1.57145  3.41857
2924  1.57146  3.41821
2925  1.57143  3.41875
2926  1.57144  3.4185
2927  1.57147  3.41688
2928  1.57146  3.4166
2929  1.57147  3.41563
2930  1.57143  3.41753
2931  1.57143  3.4187
2932  1.57143  3.41885
2933  1.57143  3.41892
2934  1.57145  3.41808
2935  1.57147  3.41835
2936  1.57143  3.41997
2937  1.57144  3.41928
2938  1.57143  3.41922
2939  1.57142  3.41991
2940  1.57143  3.41843
2941  1.57144  3.419
2942  1.57144  3.4189
2943  1.57145  3.41757
2944  1.57143  3.41834
2945  1.57147  3.41903
2946  1.57145  3.41742
2947  1.57144  3.41655
2948  1.57148  3.41658
2949  1.5715  3.41704
2950  1.57144  3.41768
2951  1.57143  3.41795
2952  1.57143  3.41817
2953  1.57147  3.41751
2954  1.57145  3.4184
2955  1.57147  3.41865
2956  1.57147  3.41885
2957  1.57151  3.41797
2958  1.57142  3.41894
2959  1.57147  3.41679
2960  1.57142  3.41791
2961  1.57142  3.41825
2962  1.57143  3.41866
2963  1.57144  3.41684
2964  1.57146  3.41731
2965  1.57144  3.41785
2966  1.57147  3.41636
2967  1.57144  3.41684
2968  1.57142  3.419
2969  1.57147  3.41723
2970  1.57143  3.41715
2971  1.57145  3.41718
2972  1.57143  3.41813
2973  1.57145  3.41819
2974  1.57143  3.41922
2975  1.57147  3.41761
2976  1.57143  3.41883
2977  1.57144  3.41818
2978  1.57143  3.41764
2979  1.57142  3.41852
2980  1.57142  3.41782
2981  1.57149  3.41668
2982  1.57146  3.41657
2983  1.57147  3.41695
2984  1.57147  3.41665
2985  1.57149  3.41704
2986  1.57142  3.41912
2987  1.57144  3.41826
2988  1.57147  3.41648
2989  1.57143  3.41666
2990  1.57143  3.41647
2991  1.57143  3.41759
2992  1.57144  3.41625
2993  1.57144  3.41565
2994  1.57142  3.41722
2995  1.57143  3.41813
2996  1.57142  3.41744
2997  1.57142  3.41748
2998  1.57143  3.41684
2999  1.57145  3.41582
3000  1.57142  3.41706
3001  1.57143  3.41718
3002  1.57144  3.41763
3003  1.57142  3.4183
3004  1.57142  3.41861
3005  1.57142  3.41784
3006  1.57144  3.41723
3007  1.5715  3.41719
3008  1.57142  3.41836
3009  1.57143  3.4175
3010  1.57143  3.41774
3011  1.57143  3.41817
3012  1.57144  3.41755
3013  1.57142  3.4185
3014  1.57142  3.41799
3015  1.57143  3.41766
3016  1.57146  3.41715
3017  1.57143  3.41781
3018  1.57143  3.41886
3019  1.57144  3.41769
3020  1.57143  3.41762
3021  1.57142  3.41835
3022  1.57142  3.41948
3023  1.57142  3.41881
3024  1.57144  3.41859
3025  1.57145  3.41799
3026  1.57142  3.41956
3027  1.57146  3.41739
3028  1.57149  3.4175
3029  1.57142  3.41784
3030  1.57143  3.41695
3031  1.57142  3.41774
3032  1.57144  3.41711
3033  1.57142  3.41897
3034  1.57146  3.418
3035  1.57142  3.41854
3036  1.57142  3.41834
3037  1.57146  3.41665
3038  1.57145  3.41689
3039  1.57142  3.41774
3040  1.57144  3.41722
3041  1.57142  3.41913
3042  1.57144  3.41779
3043  1.57142  3.41915
3044  1.57142  3.41984
3045  1.57142  3.42002
3046  1.57144  3.41889
3047  1.57143  3.41902
3048  1.57142  3.41927
3049  1.57142  3.41876
3050  1.57143  3.41795
3051  1.57142  3.41822
3052  1.57142  3.41795
3053  1.57142  3.4173
3054  1.57145  3.41829
3055  1.57143  3.41787
3056  1.57142  3.41834
3057  1.57146  3.41711
3058  1.57142  3.4171
3059  1.57145  3.41642
3060  1.57142  3.41711
3061  1.57142  3.41816
3062  1.57144  3.41722
3063  1.57143  3.41886
3064  1.57145  3.41809
3065  1.57142  3.41948
3066  1.57146  3.41792
3067  1.57147  3.41779
3068  1.57144  3.41896
3069  1.57144  3.41855
3070  1.57143  3.41861
3071  1.57142  3.41837
3072  1.57144  3.41891
3073  1.57142  3.41964
3074  1.57143  3.42025
3075  1.57146  3.41859
3076  1.57144  3.41771
3077  1.57142  3.41901
3078  1.57146  3.41656
3079  1.57145  3.41665
3080  1.57144  3.41761
3081  1.57143  3.41815
3082  1.57143  3.41855
3083  1.57142  3.41686
3084  1.57141  3.41818
3085  1.57141  3.41892
3086  1.57144  3.41735
3087  1.57143  3.41823
3088  1.57144  3.41818
3089  1.57142  3.41834
3090  1.57141  3.41837
3091  1.57141  3.41826
3092  1.57142  3.41908
3093  1.57143  3.41721
3094  1.57144  3.41725
3095  1.57141  3.41921
3096  1.57142  3.4181
3097  1.57142  3.41785
3098  1.57146  3.41666
3099  1.57142  3.41749
3100  1.57142  3.41805
3101  1.57141  3.41892
3102  1.57143  3.41874
3103  1.57141  3.41929
3104  1.57141  3.41945
3105  1.57141  3.41898
3106  1.57143  3.41767
3107  1.57142  3.41916
3108  1.57145  3.41865
3109  1.57142  3.41809
3110  1.57142  3.41739
3111  1.57145  3.41712
3112  1.57142  3.41868
3113  1.57146  3.41665
3114  1.57146  3.41716
3115  1.57142  3.41727
3116  1.57142  3.41716
3117  1.57144  3.41729
3118  1.57142  3.41762
3119  1.57142  3.41684
3120  1.57144  3.41799
3121  1.57142  3.42106
3122  1.57141  3.41929
3123  1.57142  3.41777
3124  1.57141  3.41906
3125  1.57141  3.4194
3126  1.57141  3.41931
3127  1.57141  3.41792
3128  1.57141  3.41826
3129  1.57141  3.4195
3130  1.57141  3.41809
3131  1.57141  3.41832
3132  1.57142  3.41807
3133  1.57141  3.41763
3134  1.57141  3.4183
3135  1.57141  3.4186
3136  1.57141  3.41778
3137  1.57141  3.41793
3138  1.57141  3.41816
3139  1.57142  3.41802
3140  1.57142  3.4183
3141  1.5714  3.41867
3142  1.57142  3.41709
3143  1.57142  3.41738
3144  1.57141  3.41839
3145  1.57141  3.41901
3146  1.57142  3.4192
3147  1.57141  3.41862
3148  1.57141  3.41926
3149  1.57141  3.41875
3150  1.5714  3.41909
3151  1.5714  3.4177
3152  1.57141  3.41858
3153  1.57141  3.41841
3154  1.57142  3.41902
3155  1.5714  3.42088
3156  1.57141  3.42136
3157  1.57141  3.41983
3158  1.57141  3.41981
3159  1.57143  3.41899
3160  1.5714  3.42007
3161  1.5714  3.42015
3162  1.5714  3.41907
3163  1.57141  3.41885
3164  1.57142  3.41841
3165  1.57141  3.42058
3166  1.57141  3.41973
3167  1.57142  3.41918
3168  1.5714  3.42034
3169  1.5714  3.41984
3170  1.5714  3.41983
3171  1.5714  3.41921
3172  1.5714  3.41869
3173  1.57143  3.4176
3174  1.5714  3.41851
3175  1.5714  3.41879
3176  1.57141  3.41694
3177  1.57143  3.41727
3178  1.57142  3.4175
3179  1.5714  3.41807
3180  1.57141  3.41723
3181  1.5714  3.4171
3182  1.57141  3.41686
3183  1.57141  3.41631
3184  1.57142  3.41631
3185  1.5714  3.4184
3186  1.57147  3.4178
3187  1.57143  3.4175
3188  1.57141  3.41813
3189  1.5714  3.41867
3190  1.57142  3.41839
3191  1.57141  3.42078
3192  1.57141  3.42074
3193  1.5714  3.42074
3194  1.57141  3.41909
3195  1.5714  3.42018
3196  1.5714  3.41999
3197  1.5714  3.41943
3198  1.5714  3.41904
3199  1.57143  3.41651
3200  1.57143  3.41712
3201  1.5714  3.41937
3202  1.5714  3.41898
3203  1.5714  3.41938
3204  1.57139  3.42
3205  1.5714  3.42001
3206  1.57139  3.41945
3207  1.5714  3.41833
3208  1.5714  3.41893
3209  1.5714  3.41852
3210  1.57139  3.41976
3211  1.57139  3.41825
3212  1.57139  3.41851
3213  1.57139  3.41778
3214  1.57142  3.41681
3215  1.57139  3.41804
3216  1.57139  3.4177
3217  1.5714  3.41767
3218  1.57141  3.41825
3219  1.57139  3.42022
3220  1.57143  3.41871
3221  1.57142  3.41853
3222  1.57141  3.41895
3223  1.57141  3.41815
3224  1.57139  3.41936
3225  1.57139  3.41895
3226  1.57142  3.41731
3227  1.57139  3.41828
3228  1.57139  3.41877
3229  1.57145  3.41723
3230  1.5714  3.41835
3231  1.57139  3.41913
3232  1.57139  3.41889
3233  1.57139  3.41936
3234  1.57139  3.42022
3235  1.57139  3.42054
3236  1.57139  3.42058
3237  1.57139  3.42018
3238  1.57139  3.41924
3239  1.57141  3.41783
3240  1.57142  3.41802
3241  1.57142  3.41855
3242  1.57139  3.41955
3243  1.5714  3.41979
3244  1.57138  3.41989
3245  1.57138  3.42017
3246  1.57138  3.41976
3247  1.57138  3.4207
3248  1.57138  3.41944
3249  1.57142  3.41957
3250  1.57141  3.41979
3251  1.57142  3.41966
3252  1.57139  3.42013
3253  1.57144  3.41898
3254  1.5714  3.42002
3255  1.5714  3.42062
3256  1.57141  3.42106
3257  1.57139  3.42139
3258  1.57138  3.42208
3259  1.57138  3.42033
3260  1.57138  3.42046
3261  1.57138  3.41981
3262  1.57138  3.42007
3263  1.57142  3.41739
3264  1.57138  3.41942
3265  1.57138  3.41886
3266  1.5714  3.41725
3267  1.57139  3.41708
3268  1.57138  3.41766
3269  1.57138  3.41778
3270  1.57138  3.41816
3271  1.57138  3.4186
3272  1.57137  3.4196
3273  1.57138  3.41956
3274  1.57137  3.41908
3275  1.57138  3.41846
3276  1.57138  3.41795
3277  1.57138  3.41807
3278  1.57141  3.41808
3279  1.57138  3.4192
3280  1.57139  3.41864
3281  1.57137  3.41875
3282  1.57137  3.41966
3283  1.5714  3.41824
3284  1.57137  3.41932
3285  1.57137  3.41959
3286  1.57137  3.41919
3287  1.57137  3.41986
3288  1.57139  3.41864
3289  1.57137  3.42021
3290  1.57137  3.41915
3291  1.57137  3.41912
3292  1.57137  3.42015
3293  1.57137  3.4197
3294  1.57136  3.41929
3295  1.57137  3.41985
3296  1.57136  3.41993
3297  1.57137  3.41973
3298  1.57137  3.41888
3299  1.57136  3.41917
3300  1.57136  3.42069
3301  1.57138  3.4216
3302  1.57137  3.42123
3303  1.57138  3.42258
3304  1.57136  3.42164
3305  1.57136  3.42061
3306  1.57136  3.42046
3307  1.57136  3.4202
3308  1.57137  3.42196
3309  1.57136  3.42134
3310  1.57136  3.42132
3311  1.57137  3.42025
3312  1.57136  3.42138
3313  1.57136  3.42046
3314  1.57136  3.42054
3315  1.57135  3.4202
3316  1.57137  3.42142
3317  1.57136  3.41895
3318  1.57135  3.41971
3319  1.57137  3.41873
3320  1.57135  3.42044
3321  1.57135  3.41966
3322  1.57135  3.41991
3323  1.57135  3.4198
3324  1.57134  3.41991
3325  1.57137  3.41976
3326  1.57134  3.42088
3327  1.57136  3.41994
3328  1.57134  3.42017
3329  1.57135  3.42042
3330  1.57135  3.42088
3331  1.57134  3.42029
3332  1.57134  3.42087
3333  1.57134  3.42139
3334  1.57134  3.42201
3335  1.57134  3.42167
3336  1.57134  3.42072
3337  1.57134  3.4196
3338  1.57135  3.41949
3339  1.57134  3.42004
3340  1.57134  3.4202
3341  1.57134  3.42074
3342  1.57133  3.42088
3343  1.57134  3.42033
3344  1.57133  3.42066
3345  1.57133  3.4209
3346  1.57136  3.41953
3347  1.57133  3.42157
3348  1.57132  3.42136
3349  1.57134  3.4202
3350  1.57133  3.4216
3351  1.57133  3.42159
3352  1.57132  3.42166
3353  1.57133  3.42174
3354  1.57133  3.42058
3355  1.57132  3.42007
3356  1.57133  3.41999
3357  1.57131  3.42099
3358  1.57132  3.42215
3359  1.57132  3.42134
3360  1.57132  3.42075
3361  1.57132  3.42054
3362  1.57132  3.42038
3363  1.57132  3.41921
3364  1.57132  3.41955
3365  1.57133  3.42085
3366  1.57132  3.41947
3367  1.57133  3.41938
3368  1.57132  3.41886
3369  1.57131  3.41987
3370  1.57131  3.41949
3371  1.5713  3.41951
3372  1.5713  3.42002
3373  1.5713  3.41971
3374  1.5713  3.42018
3375  1.57131  3.41938
3376  1.57131  3.41872
3377  1.5713  3.42002
3378  1.5713  3.41974
3379  1.57131  3.42131
3380  1.57131  3.42147
3381  1.57129  3.42046
3382  1.57129  3.42062
3383  1.57129  3.42081
3384  1.57129  3.41902
3385  1.57129  3.42015
3386  1.57129  3.41961
3387  1.57128  3.4197
3388  1.57129  3.4207
3389  1.57128  3.42146
3390  1.57128  3.42082
3391  1.57127  3.4208
3392  1.57127  3.42062
3393  1.57127  3.41997
3394  1.57127  3.42052
3395  1.57127  3.42072
3396  1.57126  3.42127
3397  1.57126  3.42058
3398  1.57126  3.4212
3399  1.57126  3.42068
3400  1.57126  3.4213
3401  1.57126  3.42085
3402  1.57126  3.42041
3403  1.57126  3.41939
3404  1.57125  3.41991
3405  1.57125  3.42028
3406  1.57125  3.41999
3407  1.57123  3.42007
3408  1.57124  3.41999
3409  1.57123  3.42017
3410  1.57123  3.41979
3411  1.57123  3.41907
3412  1.57123  3.41932
3413  1.57123  3.41957
3414  1.57122  3.42074
3415  1.57122  3.41973
3416  1.57122  3.42035
3417  1.57122  3.42095
3418  1.57121  3.41969
3419  1.57121  3.42047
3420  1.57122  3.4212
3421  1.57121  3.42158
3422  1.57121  3.42178
3423  1.5712  3.42178
3424  1.57119  3.42144
3425  1.57119  3.42266
3426  1.57119  3.4216
3427  1.57118  3.4219
3428  1.57117  3.42247
3429  1.57118  3.42284
3430  1.57118  3.4222
3431  1.57117  3.42148
3432  1.57116  3.42086
3433  1.57117  3.41992
3434  1.57117  3.41983
3435  1.57115  3.42078
3436  1.57115  3.42153
3437  1.57115  3.42209
3438  1.57116  3.4221
3439  1.57114  3.42079
3440  1.57113  3.42039
3441  1.57113  3.42084
3442  1.57112  3.42035
3443  1.57111  3.41971
3444  1.57109  3.42069
3445  1.57108  3.42122
3446  1.5711  3.4199
3447  1.57108  3.42152
3448  1.57107  3.42265
3449  1.57106  3.42266
3450  1.57105  3.4234
3451  1.57105  3.42381
3452  1.57105  3.42361
3453  1.57105  3.42367
3454  1.57105  3.42279
3455  1.57105  3.42282
3456  1.57104  3.42269
3457  1.57102  3.42214
3458  1.57101  3.42218
3459  1.57101  3.42265
3460  1.57101  3.42275
3461  1.571  3.42247
3462  1.57099  3.4248
3463  1.57097  3.42436
3464  1.57097  3.42444
3465  1.57097  3.42423
3466  1.57096  3.42286
3467  1.57094  3.42362
3468  1.57094  3.42406
3469  1.57094  3.42449
3470  inf  inf
3471  inf  inf
3472  inf  inf
3473  inf  inf
3474  inf  inf
3475  inf  inf
3476  inf  inf
3477  inf  inf
3478  inf  inf
3479  inf  inf
3480  inf  inf
3481  inf  inf
3482  inf  inf
3483  inf  inf
3484  inf  inf
3485  inf  inf
3486  inf  inf
3487  inf  inf
3488  inf  inf
3489  inf  inf
3490  inf  inf
3491  inf  inf
3492  inf  inf
3493  inf  inf
3494  inf  inf
3495  inf  inf
3496  inf  inf
3497  inf  inf
3498  inf  inf
3499  inf  inf
3500  inf  inf
3501  inf  inf
3502  inf  inf
3503  inf  inf
3504  inf  inf
3505  inf  inf
3506  inf  inf
3507  inf  inf
3508  inf  inf
3509  inf  inf
3510  inf  inf
3511  inf  inf
3512  inf  inf
3513  inf  inf
3514  inf  inf
3515  inf  inf
3516  inf  inf
3517  inf  inf
3518  inf  inf
3519  inf  inf
3520  inf  inf
3521  inf  inf
3522  inf  inf
3523  inf  inf
3524  inf  inf
3525  inf  inf
3526  inf  inf
3527  inf  inf
3528  inf  inf
3529  inf  inf
3530  inf  inf
3531  inf  inf
3532  inf  inf
3533  inf  inf
3534  inf  inf
3535  inf  inf
3536  inf  inf
3537  inf  inf
3538  inf  inf
3539  inf  inf
3540  inf  inf
3541  inf  inf
3542  inf  inf
3543  inf  inf
3544  inf  inf
3545  inf  inf
3546  inf  inf
3547  inf  inf
3548  inf  inf
3549  inf  inf
3550  inf  inf
3551  inf  inf
3552  inf  inf
3553  inf  inf
3554  inf  inf
3555  inf  inf
3556  inf  inf
3557  inf  inf
3558  inf  inf
3559  inf  inf
3560  inf  inf
3561  inf  inf
3562  inf  inf
3563  inf  inf
3564  inf  inf
3565  inf  inf
3566  inf  inf
3567  inf  inf
3568  inf  inf
3569  inf  inf
3570  inf  inf
3571  inf  inf
3572  inf  inf
3573  inf  inf
3574  inf  inf
3575  inf  inf
3576  inf  inf
3577  inf  inf
3578  inf  inf
3579  inf  inf
3580  inf  inf
3581  inf  inf
3582  inf  inf
3583  inf  inf
3584  inf  inf
3585  inf  inf
3586  inf  inf
3587  inf  inf
3588  inf  inf
3589  inf  inf
3590  inf  inf
3591  inf  inf
3592  inf  inf
3593  inf  inf
3594  inf  inf
3595  inf  inf
3596  inf  inf
3597  inf  inf
3598  inf  inf
3599  inf  inf
3600  inf  inf
3601  inf  inf
3602  inf  inf
3603  inf  inf
3604  inf  inf
3605  inf  inf
3606  inf  inf
3607  inf  inf
3608  inf  inf
3609  inf  inf
3610  inf  inf
3611  inf  inf
3612  inf  inf
3613  inf  inf
3614  inf  inf
3615  inf  inf
3616  inf  inf
3617  inf  inf
3618  inf  inf
3619  inf  inf
3620  inf  inf
3621  inf  inf
3622  inf  inf
3623  inf  inf
3624  inf  inf
3625  inf  inf
3626  inf  inf
3627  inf  inf
3628  inf  inf
3629  inf  inf
3630  inf  inf
3631  inf  inf
3632  inf  inf
3633  inf  inf
3634  inf  inf
3635  inf  inf
3636  inf  inf
3637  inf  inf
3638  inf  inf
3639  inf  inf
3640  inf  inf
3641  inf  inf
3642  inf  inf
3643  inf  inf
3644  inf  inf
3645  inf  inf
3646  inf  inf
3647  inf  inf
3648  inf  inf
3649  inf  inf
3650  inf  inf
3651  inf  inf
3652  inf  inf
3653  inf  inf
3654  inf  inf
3655  inf  inf
3656  inf  inf
3657  inf  inf
3658  inf  inf
3659  inf  inf
3660  inf  inf
3661  inf  inf
3662  inf  inf
3663  inf  inf
3664  inf  inf
3665  inf  inf
3666  inf  inf
3667  inf  inf
3668  inf  inf
3669  inf  inf
3670  inf  inf
3671  inf  inf
3672  inf  inf
3673  inf  inf
3674  inf  inf
3675  inf  inf
3676  inf  inf
3677  inf  inf
3678  inf  inf
3679  inf  inf
3680  inf  inf
3681  inf  inf
3682  inf  inf
3683  inf  inf
3684  inf  inf
3685  inf  inf
3686  inf  inf
3687  inf  inf
3688  inf  inf
3689  inf  inf
3690  inf  inf
3691  inf  inf
3692  inf  inf
3693  inf  inf
3694  inf  inf
3695  inf  inf
3696  inf  inf
3697  inf  inf
3698  inf  inf
3699  inf  inf
3700  inf  inf
3701  inf  inf
3702  inf  inf
3703  inf  inf
3704  inf  inf
3705  inf  inf
3706  inf  inf
3707  inf  inf
3708  inf  inf
3709  inf  inf
3710  inf  inf
3711  inf  inf
3712  inf  inf
3713  inf  inf
3714  inf  inf
3715  inf  inf
3716  inf  inf
3717  inf  inf
3718  inf  inf
3719  inf  inf
3720  inf  inf
3721  inf  inf
3722  inf  inf
3723  inf  inf
3724  inf  inf
3725  inf  inf
3726  inf  inf
3727  inf  inf
3728  inf  inf
3729  inf  inf
3730  inf  inf
3731  inf  inf
3732  inf  inf
3733  inf  inf
3734  inf  inf
3735  inf  inf
3736  inf  inf
3737  inf  inf
3738  inf  inf
3739  inf  inf
3740  inf  inf
3741  inf  inf
3742  inf  inf
3743  inf  inf
3744  inf  inf
3745  inf  inf
3746  inf  inf
3747  inf  inf
3748  inf  inf
3749  inf  inf
3750  inf  inf
3751  inf  inf
3752  inf  inf
3753  inf  inf
3754  inf  inf
3755  inf  inf
3756  inf  inf
3757  inf  inf
3758  inf  inf
3759  inf  inf
3760  inf  inf
3761  inf  inf
3762  inf  inf
3763  inf  inf
3764  inf  inf
3765  inf  inf
3766  inf  inf
3767  inf  inf
3768  inf  inf
3769  inf  inf
3770  inf  inf
3771  inf  inf
3772  inf  inf
3773  inf  inf
3774  inf  inf
3775  inf  inf
3776  inf  inf
3777  inf  inf
3778  inf  inf
3779  inf  inf
3780  inf  inf
3781  inf  inf
3782  inf  inf
3783  inf  inf
3784  inf  inf
3785  inf  inf
3786  inf  inf
3787  inf  inf
3788  inf  inf
3789  inf  inf
3790  inf  inf
3791  inf  inf
3792  inf  inf
3793  inf  inf
3794  inf  inf
3795  inf  inf
3796  inf  inf
3797  inf  inf
3798  inf  inf
3799  inf  inf
3800  inf  inf
3801  inf  inf
3802  inf  inf
3803  inf  inf
3804  inf  inf
3805  inf  inf
3806  inf  inf
3807  inf  inf
3808  inf  inf
3809  inf  inf
3810  inf  inf
3811  inf  inf
3812  inf  inf
3813  inf  inf
3814  inf  inf
3815  inf  inf
3816  inf  inf
3817  inf  inf
3818  inf  inf
3819  inf  inf
3820  inf  inf
3821  inf  inf
3822  inf  inf
3823  inf  inf
3824  inf  inf
3825  inf  inf
3826  inf  inf
3827  inf  inf
3828  inf  inf
3829  inf  inf
3830  inf  inf
3831  inf  inf
3832  inf  inf
3833  inf  inf
3834  inf  inf
3835  inf  inf
3836  inf  inf
3837  inf  inf
3838  inf  inf
3839  inf  inf
3840  inf  inf
3841  inf  inf
3842  inf  inf
3843  inf  inf
3844  inf  inf
3845  inf  inf
3846  inf  inf
3847  inf  inf
3848  inf  inf
3849  inf  inf
3850  inf  inf
3851  inf  inf
3852  inf  inf
3853  inf  inf
3854  inf  inf
3855  inf  inf
3856  inf  inf
3857  inf  inf
3858  inf  inf
3859  inf  inf
3860  inf  inf
3861  inf  inf
3862  inf  inf
3863  inf  inf
3864  inf  inf
3865  inf  inf
3866  inf  inf
3867  inf  inf
3868  inf  inf
3869  inf  inf
3870  inf  inf
3871  inf  inf
3872  inf  inf
3873  inf  inf
3874  inf  inf
3875  inf  inf
3876  inf  inf
3877  inf  inf
3878  inf  inf
3879  inf  inf
3880  inf  inf
3881  inf  inf
3882  inf  inf
3883  inf  inf
3884  inf  inf
3885  inf  inf
3886  inf  inf
3887  inf  inf
3888  inf  inf
3889  inf  inf
3890  inf  inf
3891  inf  inf
3892  inf  inf
3893  inf  inf
3894  inf  inf
3895  inf  inf
3896  inf  inf
3897  inf  inf
3898  inf  inf
3899  inf  inf
3900  inf  inf
3901  inf  inf
3902  inf  inf
3903  inf  inf
3904  inf  inf
3905  inf  inf
3906  inf  inf
3907  inf  inf
3908  inf  inf
3909  inf  inf
3910  inf  inf
3911  inf  inf
3912  inf  inf
3913  inf  inf
3914  inf  inf
3915  inf  inf
3916  inf  inf
3917  inf  inf
3918  inf  inf
3919  inf  inf
3920  inf  inf
3921  inf  inf
3922  inf  inf
3923  inf  inf
3924  inf  inf
3925  inf  inf
3926  inf  inf
3927  inf  inf
3928  inf  inf
3929  inf  inf
3930  inf  inf
3931  inf  inf
3932  inf  inf
3933  inf  inf
3934  inf  inf
3935  inf  inf
3936  inf  inf
3937  inf  inf
3938  inf  inf
3939  inf  inf
3940  inf  inf
3941  inf  inf
3942  inf  inf
3943  inf  inf
3944  inf  inf
3945  inf  inf
3946  inf  inf
3947  inf  inf
3948  inf  inf
3949  inf  inf
3950  inf  inf
3951  inf  inf
3952  inf  inf
3953  inf  inf
3954  inf  inf
3955  inf  inf
3956  inf  inf
3957  inf  inf
3958  inf  inf
3959  inf  inf
3960  inf  inf
3961  inf  inf
3962  inf  inf
3963  inf  inf
3964  inf  inf
3965  inf  inf
3966  inf  inf
3967  inf  inf
3968  inf  inf
3969  inf  inf
3970  inf  inf
3971  inf  inf
3972  inf  inf
3973  inf  inf
3974  inf  inf
3975  inf  inf
3976  inf  inf
3977  inf  inf
3978  inf  inf
3979  inf  inf
3980  inf  inf
3981  inf  inf
3982  inf  inf
3983  inf  inf
3984  inf  inf
3985  inf  inf
3986  inf  inf
3987  inf  inf
3988  inf  inf
3989  inf  inf
3990  inf  inf
3991  inf  inf
3992  inf  inf
3993  inf  inf
3994  inf  inf
3995  inf  inf
3996  inf  inf
3997  inf  inf
3998  inf  inf
3999  inf  inf
4000  inf  inf
4001  inf  inf
4002  inf  inf
4003  inf  inf
4004  inf  inf
4005  inf  inf
4006  inf  inf
4007  inf  inf
4008  inf  inf
4009  inf  inf
4010  inf  inf
4011  inf  inf
4012  inf  inf
4013  inf  inf
4014  inf  inf
4015  inf  inf
4016  inf  inf
4017  inf  inf
4018  inf  inf
4019  inf  inf
4020  inf  inf
4021  inf  inf
4022  inf  inf
4023  inf  inf
4024  inf  inf
4025  inf  inf
4026  inf  inf
4027  inf  inf
4028  inf  inf
4029  inf  inf
4030  inf  inf
4031  inf  inf
4032  inf  inf
4033  inf  inf
4034  inf  inf
4035  inf  inf
4036  inf  inf
4037  inf  inf
4038  inf  inf
4039  inf  inf
4040  inf  inf
4041  inf  inf
4042  inf  inf
4043  inf  inf
4044  inf  inf
4045  inf  inf
4046  inf  inf
4047  inf  inf
4048  inf  inf
4049  inf  inf
4050  inf  inf
4051  inf  inf
4052  inf  inf
4053  inf  inf
4054  inf  inf
4055  inf  inf
4056  inf  inf
4057  inf  inf
4058  inf  inf
4059  inf  inf
4060  inf  inf
4061  inf  inf
4062  inf  inf
4063  inf  inf
4064  inf  inf
4065  inf  inf
4066  inf  inf
4067  inf  inf
4068  inf  inf
4069  inf  inf
4070  inf  inf
4071  inf  inf
4072  inf  inf
4073  inf  inf
4074  inf  inf
4075  inf  inf
4076  inf  inf
4077  inf  inf
4078  inf  inf
4079  inf  inf
4080  inf  inf
4081  inf  inf
4082  inf  inf
4083  inf  inf
4084  inf  inf
4085  inf  inf
4086  inf  inf
4087  inf  inf
4088  inf  inf
4089  inf  inf
4090  inf  inf
4091  inf  inf
4092  inf  inf
4093  inf  inf
4094  inf  inf
4095  inf  inf
4096  inf  inf
4097  inf  inf
4098  inf  inf
4099  inf  inf
4100  inf  inf
4101  inf  inf
4102  inf  inf
4103  inf  inf
4104  inf  inf
4105  inf  inf
4106  inf  inf
4107  inf  inf
4108  inf  inf
4109  inf  inf
4110  inf  inf
4111  inf  inf
4112  inf  inf
4113  inf  inf
4114  inf  inf
4115  inf  inf
4116  inf  inf
4117  inf  inf
4118  inf  inf
4119  inf  inf
4120  inf  inf
4121  inf  inf
4122  inf  inf
4123  inf  inf
4124  inf  inf
4125  inf  inf
4126  inf  inf
4127  inf  inf
4128  inf  inf
4129  inf  inf
4130  inf  inf
4131  inf  inf
4132  inf  inf
4133  inf  inf
4134  inf  inf
4135  inf  inf
4136  inf  inf
4137  inf  inf
4138  inf  inf
4139  inf  inf
4140  inf  inf
4141  inf  inf
4142  inf  inf
4143  inf  inf
4144  inf  inf
4145  inf  inf
4146  inf  inf
4147  inf  inf
4148  inf  inf
4149  inf  inf
4150  inf  inf
4151  inf  inf
4152  inf  inf
4153  inf  inf
4154  inf  inf
4155  inf  inf
4156  inf  inf
4157  inf  inf
4158  inf  inf
4159  inf  inf
4160  inf  inf
4161  inf  inf
4162  inf  inf
4163  inf  inf
4164  inf  inf
4165  inf  inf
4166  inf  inf
4167  inf  inf
4168  inf  inf
4169  inf  inf
4170  inf  inf
4171  inf  inf
4172  inf  inf
4173  inf  inf
4174  inf  inf
4175  inf  inf
4176  inf  inf
4177  inf  inf
4178  inf  inf
4179  inf  inf
4180  inf  inf
4181  inf  inf
4182  inf  inf
4183  inf  inf
4184  inf  inf
4185  inf  inf
4186  inf  inf
4187  inf  inf
4188  inf  inf
4189  inf  inf
4190  inf  inf
4191  inf  inf
4192  inf  inf
4193  inf  inf
4194  inf  inf
4195  inf  inf
4196  inf  inf
4197  inf  inf
4198  inf  inf
4199  inf  inf
4200  inf  inf
4201  inf  inf
4202  inf  inf
4203  inf  inf
4204  inf  inf
4205  inf  inf
4206  inf  inf
4207  inf  inf
4208  inf  inf
4209  inf  inf
4210  inf  inf
4211  inf  inf
4212  inf  inf
4213  inf  inf
4214  inf  inf
4215  inf  inf
4216  inf  inf
4217  inf  inf
4218  inf  inf
4219  inf  inf
4220  inf  inf
4221  inf  inf
4222  inf  inf
4223  inf  inf
4224  inf  inf
4225  inf  inf
4226  inf  inf
4227  inf  inf
4228  inf  inf
4229  inf  inf
4230  inf  inf
4231  inf  inf
4232  inf  inf
4233  inf  inf
4234  inf  inf
4235  inf  inf
4236  inf  inf
4237  inf  inf
4238  inf  inf
4239  inf  inf
4240  inf  inf
4241  inf  inf
4242  inf  inf
4243  inf  inf
4244  inf  inf
4245  inf  inf
4246  inf  inf
4247  inf  inf
4248  inf  inf
4249  inf  inf
4250  inf  inf
4251  inf  inf
4252  inf  inf
4253  inf  inf
4254  inf  inf
4255  inf  inf
4256  inf  inf
4257  inf  inf
4258  inf  inf
4259  inf  inf
4260  inf  inf
4261  inf  inf
4262  inf  inf
4263  inf  inf
4264  inf  inf
4265  inf  inf
4266  inf  inf
4267  inf  inf
4268  inf  inf
4269  inf  inf
4270  inf  inf
4271  inf  inf
4272  inf  inf
4273  inf  inf
4274  inf  inf
4275  inf  inf
4276  inf  inf
4277  inf  inf
4278  inf  inf
4279  inf  inf
4280  inf  inf
4281  inf  inf
4282  inf  inf
4283  inf  inf
4284  inf  inf
4285  inf  inf
4286  inf  inf
4287  inf  inf
4288  inf  inf
4289  inf  inf
4290  inf  inf
4291  inf  inf
4292  inf  inf
4293  inf  inf
4294  inf  inf
4295  inf  inf
4296  inf  inf
4297  inf  inf
4298  inf  inf
4299  inf  inf
4300  inf  inf
4301  inf  inf
4302  inf  inf
4303  inf  inf
4304  inf  inf
4305  inf  inf
4306  inf  inf
4307  inf  inf
4308  inf  inf
4309  inf  inf
4310  inf  inf
4311  inf  inf
4312  inf  inf
4313  inf  inf
4314  inf  inf
4315  inf  inf
4316  inf  inf
4317  inf  inf
4318  inf  inf
4319  inf  inf
4320  inf  inf
4321  inf  inf
4322  inf  inf
4323  inf  inf
4324  inf  inf
4325  inf  inf
4326  inf  inf
4327  inf  inf
4328  inf  inf
4329  inf  inf
4330  inf  inf
4331  inf  inf
4332  inf  inf
4333  inf  inf
4334  inf  inf
4335  inf  inf
4336  inf  inf
4337  inf  inf
4338  inf  inf
4339  inf  inf
4340  inf  inf
4341  inf  inf
4342  inf  inf
4343  inf  inf
4344  inf  inf
4345  inf  inf
4346  inf  inf
4347  inf  inf
4348  inf  inf
4349  inf  inf
4350  inf  inf
4351  inf  inf
4352  inf  inf
4353  inf  inf
4354  inf  inf
4355  inf  inf
4356  inf  inf
4357  inf  inf
4358  inf  inf
4359  inf  inf
4360  inf  inf
4361  inf  inf
4362  inf  inf
4363  inf  inf
4364  inf  inf
4365  inf  inf
4366  inf  inf
4367  inf  inf
4368  inf  inf
4369  inf  inf
4370  inf  inf
4371  inf  inf
4372  inf  inf
4373  inf  inf
4374  inf  inf
4375  inf  inf
