0  18412.9  13996.3
1  8343.47  3584.46
2  5096.93  1629.64
3  3384.93  802.176
4  1610.38  221.072
5  654.165  227.577
6  504.975  726.436
7  522.136  863.936
8  497.824  805.664
9  412.29  472.335
10  393.431  546.667
11  473.916  869.853
12  310.35  495.743
13  259.294  320.843
14  242.313  161.84
15  258.256  200.654
16  218.982  241.072
17  211.821  366.546
18  117.557  130.062
19  103.819  112.559
20  112.947  94.6235
21  123.514  108.604
22  115.17  81.2418
23  158.5  229.423
24  85.9884  112.781
25  107.615  117.241
26  157.644  199.026
27  90.6267  95.0292
28  147.017  108.067
29  83.3329  92.0101
30  89.4167  132.791
31  80.7014  104.886
32  76.7453  107.245
33  117.468  158.544
34  78.3217  96.9614
35  34.8153  34.6113
36  49.7312  43.3752
37  35.8152  30.4151
38  19.7728  28.0233
39  15.8392  24.1625
40  11.314  12.5616
41  26.6214  43.862
42  15.5575  28.9708
43  22.9354  45.7752
44  7.9799  10.2471
45  28.9412  56.7711
46  10.7397  20.8191
47  7.73528  14.961
48  7.46254  13.904
49  11.0139  16.7931
50  15.0448  24.76
51  6.19535  10.2697
52  29.2224  42.6431
53  31.17  45.9486
54  32.2369  38.8769
55  16.5723  21.5975
56  17.8191  20.8474
57  38.8268  54.074
58  36.4046  58.7615
59  65.6891  113.035
60  37.3099  53.9822
61  19.1047  22.1284
62  40.072  65.8637
63  23.982  33.6814
64  24.4949  32.9971
65  15.6532  14.6029
66  13.042  9.51217
67  27.9526  31.4015
68  18.5952  19.2299
69  34.7636  46.5212
70  28.9152  35.4186
71  23.1293  20.3148
72  15.7201  8.35147
73  22.8751  15.3742
74  21.7505  19.0777
75  17.8917  15.5325
76  16.6346  20.6984
77  13.7947  10.8099
78  27.8362  25.1482
79  19.5285  13.5171
80  15.7931  10.9794
81  16.5919  7.23666
82  20.8615  13.3093
83  18.5991  12.4415
84  19.4534  18.3791
85  14.2664  11.9813
86  14.4783  8.56003
87  16.2726  14.811
88  17.2363  15.2961
89  14.0998  9.38384
90  14.7851  14.129
91  16.92  9.15872
92  38.83  46.0509
93  19.2691  12.0745
94  18.6399  9.17644
95  19.8873  12.1054
96  22.4395  13.4524
97  19.0383  12.7011
98  18.7668  11.5648
99  22.1885  14.7655
100  21.2197  13.2259
101  16.9811  13.7256
102  16.4031  14.3442
103  14.1828  14.4543
104  14.5361  10.5535
105  14.5605  13.4159
106  15.661  11.8867
107  14.7916  8.9621
108  12.6535  10.6143
109  9.83713  10.3152
110  10.0864  12.3923
111  11.4922  9.33063
112  7.69836  8.25219
113  6.79821  9.46328
114  8.86789  8.71586
115  8.47417  7.92006
116  9.43714  7.29086
117  7.66533  8.59083
118  7.00007  9.32046
119  9.02879  11.5103
120  6.27607  7.35864
121  6.3789  6.784
122  8.04809  9.08043
123  8.05643  5.80427
124  7.69279  5.83733
125  10.8366  6.21649
126  7.26999  6.30543
127  10.9625  7.1318
128  8.1831  6.79936
129  7.32296  7.47431
130  8.21602  6.62879
131  7.01045  8.01609
132  7.40012  7.60985
133  8.11082  9.81496
134  6.64269  8.24517
135  7.25253  9.2783
136  7.69951  8.70964
137  7.14643  8.56525
138  7.36537  8.66792
139  7.04481  8.59366
140  5.96598  8.12657
141  5.32292  6.91706
142  6.04249  6.83391
143  5.37936  6.21032
144  5.68448  6.3488
145  5.55514  6.14894
146  4.78095  5.63402
147  4.53885  5.7739
148  4.92218  5.91259
149  4.58674  5.46236
150  4.24511  5.46301
151  4.36128  5.7222
152  3.98461  5.78462
153  3.83357  5.5041
154  4.43754  6.15909
155  4.26768  6.75617
156  4.02448  6.27528
157  3.89515  6.27189
158  3.94507  6.58379
159  4.17879  6.91761
160  4.26032  7.12501
161  4.02053  6.34526
162  3.92709  6.29857
163  3.71728  6.30076
164  3.93369  6.08295
165  3.87535  5.71596
166  3.65967  5.75675
167  3.6497  5.70917
168  3.70682  5.8013
169  3.85085  5.74485
170  3.69644  5.65763
171  3.68426  5.48057
172  3.4907  5.3034
173  3.52686  5.41532
174  3.5869  5.51623
175  3.73354  5.80303
176  3.61871  5.50724
177  3.53324  5.4885
178  3.50406  5.30415
179  3.7488  5.43063
180  3.58139  5.47194
181  3.50668  5.3967
182  3.49701  5.25422
183  3.5778  5.19434
184  3.49598  5.17858
185  3.45701  5.04993
186  3.45974  5.27778
187  3.42798  5.17914
188  3.43287  5.41816
189  3.42798  5.25301
190  3.40724  5.14517
191  3.39802  5.19512
192  3.47772  5.19071
193  3.50483  5.25116
194  3.48739  5.08362
195  3.37847  5.12928
196  3.39978  4.95117
197  3.39166  5.00826
198  3.35913  4.96238
199  3.36779  4.81077
200  3.37052  4.84807
201  3.35902  4.94524
202  3.3617  4.97972
203  3.36164  5.0889
204  3.34958  5.01778
205  3.34936  4.961
206  3.35556  5.09648
207  3.36601  5.04782
208  3.33622  4.94265
209  3.33842  4.97094
210  3.33349  4.97201
211  3.33719  4.81057
212  3.33556  4.91869
213  3.33307  4.85327
214  3.32997  4.90357
215  3.33467  4.79065
216  3.33024  4.8396
217  3.33503  4.88512
218  3.32516  4.89962
219  3.32497  4.88842
220  3.31833  4.96881
221  3.3257  4.88539
222  3.31686  4.86304
223  3.30923  4.91122
224  3.31097  4.95427
225  3.32476  4.95131
226  3.323  4.85054
227  3.3113  4.89796
228  3.30836  4.93482
229  3.32778  4.82327
230  3.30829  4.8933
231  3.30537  4.93382
232  3.30546  4.91507
233  3.30881  4.9805
234  3.31262  4.95784
235  3.30622  4.9764
236  3.30285  4.90119
237  3.30199  4.84958
238  3.31029  4.81401
239  3.30474  4.88736
240  3.30865  4.81007
241  3.29396  4.85031
242  3.28995  4.88019
243  3.29295  4.8811
244  3.29071  4.93643
245  3.28258  4.95187
246  3.27816  4.91811
247  3.28201  4.93855
248  3.28088  4.90518
249  3.27637  4.85597
250  3.27675  4.84725
251  3.27261  4.80683
252  3.27196  4.88346
253  3.27168  4.92572
254  3.27054  4.90022
255  3.26912  4.89001
256  3.26797  4.90343
257  3.26488  4.93976
258  3.26547  4.89539
259  3.26286  5.00946
260  3.25917  4.91082
261  3.25569  4.92965
262  3.25432  4.89652
263  3.26137  4.94509
264  3.25404  4.91544
265  3.25183  4.88001
266  3.24539  4.88783
267  3.24826  4.94073
268  3.24185  4.94801
269  3.24155  4.85678
270  3.24107  4.84721
271  3.23727  4.87697
272  3.23133  4.89707
273  3.22925  4.90315
274  3.22761  4.91883
275  3.22157  4.93144
276  3.2206  4.99723
277  3.22004  4.99443
278  3.21567  4.98189
279  3.21831  5.03266
280  3.21441  5.01832
281  3.211  4.97229
282  3.21455  4.9331
283  3.21057  4.92592
284  3.21464  4.89058
285  3.21208  4.94084
286  3.2116  4.98565
287  3.20625  4.96503
288  3.20401  5.0119
289  3.19967  4.91932
290  3.20187  4.96819
291  3.19734  4.95867
292  3.19712  4.96672
293  3.19517  4.9245
294  3.19028  4.96579
295  3.18956  4.95649
296  3.19579  5.06111
297  3.19762  5.03982
298  3.19284  5.0814
299  3.1906  5.04814
300  3.18892  5.11342
301  3.17787  5.04833
302  3.17638  4.96911
303  3.1766  4.96162
304  3.18105  4.9829
305  3.17889  4.98377
306  3.17665  4.99723
307  3.17313  4.97316
308  3.16979  4.99624
309  3.16703  4.89613
310  3.1651  4.89967
311  3.16437  4.91477
312  3.17027  4.96032
313  3.16067  4.99104
314  3.14755  4.90849
315  3.14138  4.88029
316  3.14236  4.89202
317  3.14935  4.95408
318  3.14366  4.99495
319  3.13662  4.89737
320  3.11546  4.70683
321  3.10931  4.75118
322  3.10817  4.8103
323  3.09336  4.71589
324  3.09246  4.73578
325  3.09444  4.69613
326  3.07934  4.73198
327  3.09885  4.79304
328  3.08174  4.77749
329  3.09447  4.86928
330  3.08678  4.90815
331  3.08184  4.84121
332  3.05631  4.72595
333  3.07238  4.79182
334  3.07556  4.75038
335  3.06836  4.76538
336  3.05115  4.7289
337  3.06217  4.80646
338  3.02769  4.72168
339  3.03427  4.7089
340  3.02853  4.76238
341  3.00539  4.65204
342  2.99726  4.65096
343  2.98628  4.63306
344  2.99341  4.68183
345  2.9817  4.66077
346  2.96516  4.55533
347  2.97116  4.58252
348  2.96148  4.58764
349  2.97899  4.65027
350  2.96545  4.63842
351  2.96101  4.58207
352  2.98017  4.75206
353  2.97911  4.70177
354  2.98208  4.72824
355  2.98778  4.75536
356  2.97869  4.68365
357  2.98454  4.75028
358  2.99721  4.81232
359  2.97694  4.7007
360  2.94748  4.50018
361  2.92993  4.48673
362  2.90531  4.39376
363  2.91266  4.40088
364  2.88856  4.26701
365  2.87208  4.26804
366  2.87549  4.35944
367  2.88612  4.35179
368  2.88381  4.42663
369  2.85481  4.20361
370  2.85191  4.21296
371  2.83819  4.10141
372  2.84407  4.16351
373  2.81714  4.12782
374  2.82383  4.12041
375  2.84096  4.23716
376  2.80372  4.05965
377  2.85837  4.30356
378  2.82302  4.17134
379  2.78381  4.03686
380  2.78113  4.05448
381  2.80057  4.10291
382  2.76428  3.88092
383  2.78184  4.0881
384  2.75175  3.94966
385  2.7372  3.79833
386  2.76087  4.03899
387  2.75997  4.06058
388  2.72779  3.99373
389  2.72733  3.9672
390  2.72689  3.91469
391  2.71229  3.86568
392  2.69238  3.85857
393  2.68597  3.89657
394  2.66915  3.85235
395  2.67168  3.79527
396  2.66568  3.77026
397  2.66004  3.89645
398  2.64816  3.88852
399  2.63861  3.85116
400  2.64556  3.79748
401  2.64333  3.7388
402  2.6591  3.86229
403  2.64827  3.77659
404  2.66095  3.84987
405  2.65216  3.76744
406  2.6347  3.80076
407  2.64229  3.87676
408  2.62043  3.72471
409  2.60208  3.68723
410  2.61215  3.57679
411  2.62454  3.70716
412  2.60253  3.60563
413  2.5841  3.61167
414  2.55666  3.52289
415  2.54948  3.53016
416  2.53667  3.47094
417  2.52023  3.40238
418  2.52015  3.45988
419  2.49296  3.39241
420  2.47312  3.32827
421  2.46699  3.36766
422  2.45764  3.35522
423  2.44096  3.23902
424  2.44213  3.23086
425  2.43919  3.31131
426  2.44335  3.24738
427  2.44701  3.29407
428  2.441  3.31472
429  2.4436  3.38085
430  2.41797  3.23192
431  2.43203  3.28769
432  2.41831  3.19172
433  2.3972  3.13995
434  2.40226  3.19189
435  2.3969  3.14909
436  2.3764  3.13828
437  2.37735  3.08615
438  2.36516  3.07581
439  2.34859  3.13157
440  2.34461  3.18636
441  2.34881  3.1869
442  2.34014  3.17376
443  2.32415  3.08132
444  2.31237  3.0854
445  2.30653  3.03541
446  2.29815  2.99776
447  2.29304  2.96532
448  2.28886  3.01123
449  2.28791  3.06464
450  2.28622  2.93669
451  2.29624  3.0694
452  2.29852  3.17694
453  2.29421  3.08398
454  2.30428  3.0342
455  2.2912  2.99842
456  2.28482  2.91306
457  2.28429  2.99345
458  2.28259  2.95704
459  2.2778  2.82704
460  2.27558  2.88394
461  2.27881  2.90289
462  2.27972  2.81341
463  2.28009  2.81721
464  2.28172  2.90288
465  2.28026  2.96157
466  2.27722  2.87134
467  2.26999  2.85745
468  2.28119  2.98929
469  2.27144  2.91353
470  2.26791  2.79205
471  2.26775  2.84221
472  2.26281  2.82566
473  2.26505  2.82643
474  2.26148  2.76507
475  2.26133  2.75548
476  2.26344  2.87557
477  2.25878  2.85359
478  2.25565  2.79821
479  2.25498  2.76901
480  2.25104  2.77432
481  2.25097  2.83622
482  2.25205  2.82301
483  2.24871  2.75929
484  2.25026  2.7891
485  2.24708  2.75401
486  2.24793  2.75967
487  2.24578  2.78261
488  2.24496  2.77108
489  2.24423  2.77683
490  2.23935  2.73448
491  2.24023  2.83725
492  2.23723  2.79235
493  2.23608  2.74161
494  2.23797  2.81901
495  2.23423  2.82407
496  2.23174  2.76824
497  2.23213  2.80624
498  2.23252  2.84911
499  2.22986  2.77488
500  2.22894  2.74723
501  2.22903  2.78864
502  2.22766  2.76156
503  2.22623  2.75992
504  2.22579  2.72002
505  2.22524  2.761
506  2.22536  2.74775
507  2.22279  2.76083
508  2.2196  2.77198
509  2.21941  2.76304
510  2.21643  2.77883
511  2.21379  2.75412
512  2.21179  2.80011
513  2.20991  2.77752
514  2.20741  2.77677
515  2.20775  2.74881
516  2.20828  2.76832
517  2.20686  2.7457
518  2.20647  2.73863
519  2.20608  2.73405
520  2.20316  2.75968
521  2.20151  2.70217
522  2.19945  2.74547
523  2.20184  2.8057
524  2.2008  2.80983
525  2.19874  2.78557
526  2.19384  2.81141
527  2.19347  2.85051
528  2.1934  2.82709
529  2.19207  2.83349
530  2.19223  2.89624
531  2.18809  2.84237
532  2.18724  2.79354
533  2.18629  2.82372
534  2.183  2.75235
535  2.18186  2.76291
536  2.18033  2.80077
537  2.17997  2.8119
538  2.17946  2.80018
539  2.1771  2.81977
540  2.17317  2.77673
541  2.17254  2.76691
542  2.17029  2.79084
543  2.16782  2.80635
544  2.16688  2.83663
545  2.16485  2.8087
546  2.16374  2.78789
547  2.16279  2.80361
548  2.16383  2.81919
549  2.16295  2.84422
550  2.15983  2.7956
551  2.15767  2.79088
552  2.15662  2.76579
553  2.15433  2.78283
554  2.15224  2.7814
555  2.14801  2.80164
556  2.14848  2.777
557  2.14645  2.79339
558  2.14712  2.83291
559  2.14432  2.82446
560  2.14139  2.7699
561  2.14242  2.7769
562  2.13812  2.76672
563  2.13795  2.78166
564  2.13666  2.80928
565  2.13633  2.85949
566  2.13455  2.82822
567  2.13385  2.79168
568  2.13015  2.77786
569  2.12865  2.79337
570  2.12583  2.78104
571  2.12538  2.81577
572  2.12292  2.82561
573  2.11916  2.78815
574  2.11446  2.79424
575  2.11357  2.80902
576  2.11354  2.80012
577  2.113  2.77688
578  2.11104  2.76348
579  2.10836  2.77559
580  2.10588  2.81476
581  2.10615  2.78422
582  2.10211  2.78323
583  2.10107  2.81066
584  2.09736  2.78869
585  2.09262  2.77976
586  2.09524  2.76791
587  2.09616  2.78352
588  2.09627  2.80774
589  2.09486  2.82476
590  2.09386  2.83199
591  2.09135  2.81232
592  2.0928  2.80959
593  2.08713  2.80755
594  2.0871  2.79117
595  2.08259  2.7659
596  2.08289  2.78729
597  2.08035  2.73675
598  2.07873  2.74272
599  2.07575  2.81174
600  2.07146  2.81388
601  2.0714  2.84147
602  2.06928  2.83796
603  2.06561  2.83798
604  2.06546  2.83813
605  2.06422  2.83863
606  2.06427  2.82403
607  2.05778  2.88247
608  2.0571  2.88326
609  2.05597  2.84956
610  2.05565  2.81136
611  2.05549  2.76041
612  2.05103  2.82243
613  2.05068  2.77028
614  2.04831  2.84271
615  2.05006  2.86963
616  2.04875  2.83496
617  2.04709  2.80572
618  2.04509  2.84387
619  2.04095  2.83228
620  2.03694  2.81146
621  2.0351  2.80566
622  2.03315  2.79851
623  2.03067  2.82035
624  2.02899  2.8173
625  2.02661  2.84002
626  2.02303  2.86686
627  2.02212  2.80378
628  2.02133  2.85947
629  2.02015  2.84345
630  2.02097  2.85178
631  2.0159  2.82061
632  2.01175  2.79759
633  2.0102  2.83852
634  2.00779  2.83864
635  2.00788  2.83954
636  2.00861  2.82774
637  2.00709  2.82268
638  2.00511  2.88276
639  2.00615  2.83853
640  2.00485  2.84249
641  2.00359  2.80753
642  2.0035  2.84601
643  2.00419  2.83592
644  2.0046  2.84869
645  2.00009  2.8918
646  1.99877  2.91518
647  1.99758  2.92429
648  1.9956  2.92872
649  1.99508  2.913
650  1.9922  2.91253
651  1.99082  2.8853
652  1.98908  2.88084
653  1.98705  2.90785
654  1.98748  2.87602
655  1.98449  2.84767
656  1.98214  2.86286
657  1.98326  2.84575
658  1.98486  2.80518
659  1.98398  2.80258
660  1.98146  2.78838
661  1.97955  2.84594
662  1.9806  2.85794
663  1.97848  2.86463
664  1.97726  2.86521
665  1.97685  2.84645
666  1.97624  2.93297
667  1.97563  2.87996
668  1.97473  2.90811
669  1.97328  2.91882
670  1.97096  2.89363
671  1.96855  2.92919
672  1.96506  2.97172
673  1.96336  2.94932
674  1.96309  2.92798
675  1.96165  2.93172
676  1.96037  2.96761
677  1.96019  2.91837
678  1.96105  2.88961
679  1.95962  2.87062
680  1.95894  2.87608
681  1.95686  2.93055
682  1.95634  2.90591
683  1.95541  2.89256
684  1.95512  2.93393
685  1.95062  2.8943
686  1.9485  2.93956
687  1.94918  2.96964
688  1.9485  2.90776
689  1.94994  2.91591
690  1.94651  2.92256
691  1.9451  2.92755
692  1.94455  2.93129
693  1.94283  3.00024
694  1.94541  2.95395
695  1.94429  2.92109
696  1.94413  2.91439
697  1.9417  2.93152
698  1.94285  2.93575
699  1.94238  2.96672
700  1.9404  2.9167
701  1.93847  2.90017
702  1.93557  2.91909
703  1.9351  2.92319
704  1.93373  2.95256
705  1.93087  2.95035
706  1.92819  2.96737
707  1.92756  2.95871
708  1.92731  2.94701
709  1.92401  2.96401
710  1.92264  2.97522
711  1.92056  2.95465
712  1.92019  2.93838
713  1.91983  2.95464
714  1.91829  2.95692
715  1.91527  2.99669
716  1.91304  2.98889
717  1.91186  3.03586
718  1.90954  2.99908
719  1.90706  2.98604
720  1.90708  2.97843
721  1.90541  2.96522
722  1.90761  2.93033
723  1.90366  3.01522
724  1.90128  3.04631
725  1.89953  3.04736
726  1.90115  3.00839
727  1.89654  3.0731
728  1.8954  3.07891
729  1.89478  3.10951
730  1.89465  3.0419
731  1.89547  3.01079
732  1.89305  3.07125
733  1.89362  3.02845
734  1.89264  3.06454
735  1.89129  3.06675
736  1.88905  3.10613
737  1.88661  3.1554
738  1.88518  3.09912
739  1.88694  3.05841
740  1.88387  3.09906
741  1.88189  3.15553
742  1.87937  3.10256
743  1.87763  3.10685
744  1.87794  3.09605
745  1.87565  3.1247
746  1.87486  3.0982
747  1.87448  3.1178
748  1.87236  3.12339
749  1.87249  3.09647
750  1.87245  3.08239
751  1.87021  3.13985
752  1.86852  3.10661
753  1.869  3.08873
754  1.86808  3.10523
755  1.86677  3.12362
756  1.8657  3.12138
757  1.86495  3.16719
758  1.86358  3.12208
759  1.86299  3.10435
760  1.86073  3.12015
761  1.85977  3.11337
762  1.85756  3.14124
763  1.85608  3.17623
764  1.85572  3.16001
765  1.85597  3.16344
766  1.85594  3.20273
767  1.85516  3.15284
768  1.85426  3.16561
769  1.85367  3.19759
770  1.85272  3.2303
771  1.85211  3.21345
772  1.85096  3.20822
773  1.84996  3.24176
774  1.84834  3.23929
775  1.84699  3.23977
776  1.84682  3.27066
777  1.8472  3.24866
778  1.84587  3.23427
779  1.84534  3.29096
780  1.84287  3.29941
781  1.84133  3.32186
782  1.83913  3.30336
783  1.83832  3.32113
784  1.83972  3.30933
785  1.84029  3.32736
786  1.83802  3.32303
787  1.83718  3.33651
788  1.83715  3.34559
789  1.83574  3.34023
790  1.83333  3.38149
791  1.83212  3.39091
792  1.83209  3.35636
793  1.83141  3.3824
794  1.82929  3.37114
795  1.82908  3.39924
796  1.83002  3.40425
797  1.82831  3.4241
798  1.82939  3.41482
799  1.82756  3.44827
800  1.82577  3.43007
801  1.82563  3.45119
802  1.82455  3.42913
803  1.8231  3.45163
804  1.82235  3.47082
805  1.82359  3.41503
806  1.8225  3.46578
807  1.82337  3.41995
808  1.82269  3.40285
809  1.82272  3.39302
810  1.82038  3.51903
811  1.82065  3.50507
812  1.81951  3.50921
813  1.81844  3.51986
814  1.81873  3.47453
815  1.81799  3.5702
816  1.81805  3.56423
817  1.81781  3.58664
818  1.81738  3.53463
819  1.81777  3.55927
820  1.81814  3.51973
821  1.81808  3.51189
822  1.8177  3.55906
823  1.81706  3.57461
824  1.81676  3.58705
825  1.81728  3.60921
826  1.8168  3.62744
827  1.81649  3.61742
828  1.81635  3.57291
829  1.81585  3.58812
830  1.81609  3.58314
831  1.81585  3.64603
832  1.816  3.63538
833  1.81548  3.60129
834  1.81587  3.57856
835  1.8163  3.5642
836  1.81613  3.60045
837  1.81642  3.58525
838  1.81627  3.56463
839  1.81586  3.55691
840  1.81539  3.58463
841  1.81493  3.59073
842  1.81518  3.59581
843  1.81514  3.60916
844  1.81446  3.63346
845  1.81463  3.61414
846  1.81472  3.6172
847  1.81415  3.6138
848  1.81388  3.64134
849  1.81377  3.64359
850  1.81328  3.63669
851  1.81322  3.63001
852  1.81308  3.63422
853  1.81312  3.65134
854  1.81273  3.67488
855  1.81243  3.67819
856  1.81264  3.68379
857  1.81245  3.68747
858  1.81208  3.68131
859  1.812  3.67673
860  1.81196  3.6603
861  1.81219  3.66113
862  1.81173  3.70008
863  1.81174  3.66417
864  1.81164  3.68621
865  1.81143  3.69899
866  1.8113  3.69933
867  1.81127  3.71186
868  1.81134  3.71679
869  1.81132  3.73937
870  1.81119  3.74916
871  1.81129  3.71808
872  1.81113  3.70501
873  1.81114  3.70504
874  1.81097  3.72968
875  1.81099  3.75037
876  1.81095  3.72173
877  1.8109  3.72993
878  1.81102  3.72829
879  1.81093  3.74057
880  1.81096  3.74422
881  1.81093  3.73622
882  1.81084  3.74434
883  1.8108  3.75711
884  1.81079  3.77331
885  1.81084  3.76724
886  1.8108  3.77757
887  1.81077  3.77604
888  1.81091  3.78145
889  1.81071  3.77706
890  1.81076  3.77923
891  1.81076  3.77766
892  1.81072  3.78011
893  1.81072  3.76823
894  1.81073  3.78338
895  1.81071  3.78583
896  1.81077  3.78739
897  1.81075  3.79838
898  1.81072  3.78522
899  1.81068  3.77393
900  1.81069  3.77869
901  1.81066  3.77242
902  1.81068  3.77019
903  1.81065  3.77514
904  1.8106  3.75878
905  1.8106  3.77006
906  1.81057  3.75535
907  1.81057  3.75388
908  1.81054  3.76488
909  1.81054  3.75316
910  1.81053  3.75178
911  1.81051  3.75787
912  1.81051  3.75776
913  1.81051  3.76109
914  1.81045  3.75164
915  1.81043  3.7519
916  1.8104  3.74819
917  1.8104  3.74816
918  1.81038  3.7415
919  1.81037  3.73814
920  1.81033  3.7437
921  1.81032  3.74494
922  1.81031  3.74372
923  1.8103  3.75195
924  1.81027  3.74635
925  1.81023  3.7487
926  1.81022  3.74488
927  1.81021  3.74358
928  1.8102  3.74168
929  1.81019  3.73875
930  1.81018  3.73522
931  1.81014  3.74255
932  1.81014  3.74216
933  1.81012  3.73462
934  1.81011  3.73375
935  1.81006  3.74458
936  1.81007  3.74066
937  1.81009  3.73688
938  1.81007  3.74293
939  1.81006  3.7439
940  1.81001  3.74125
941  1.81001  3.73741
942  1.80997  3.7358
943  1.80993  3.73159
944  1.80994  3.71882
945  1.80991  3.71695
946  1.80986  3.72446
947  1.80987  3.71849
948  1.80983  3.71324
949  1.80986  3.71732
950  1.80982  3.71951
951  1.80979  3.72294
952  1.80977  3.72587
953  1.80976  3.7336
954  1.80973  3.72161
955  1.80969  3.71675
956  1.80966  3.70894
957  1.80963  3.71543
958  1.80961  3.71223
959  1.80958  3.70524
960  1.80954  3.7014
961  1.8095  3.71415
962  1.80954  3.72007
963  1.80953  3.7209
964  1.80951  3.72087
965  1.80948  3.71588
966  1.80947  3.7167
967  1.80946  3.71138
968  1.80943  3.71016
969  1.80942  3.7055
970  1.80942  3.70613
971  1.80939  3.70665
972  1.80936  3.70182
973  1.80938  3.69998
974  1.80933  3.70283
975  1.80928  3.7021
976  1.80926  3.70059
977  1.80927  3.70466
978  1.80927  3.69676
979  1.80926  3.69456
980  1.80924  3.69137
981  1.80921  3.68863
982  1.8092  3.70476
983  1.80916  3.70235
984  1.80916  3.69872
985  1.80914  3.69893
986  1.80911  3.69966
987  1.8091  3.70142
988  1.80909  3.70754
989  1.80906  3.70226
990  1.80905  3.70222
991  1.80901  3.69345
992  1.80898  3.6931
993  1.80897  3.69013
994  1.80898  3.68374
995  1.80896  3.68576
996  1.80896  3.68875
997  1.80896  3.6833
998  1.80893  3.69304
999  1.80891  3.68423
1000  1.80888  3.68114
1001  1.80885  3.68269
1002  1.80883  3.6881
1003  1.80884  3.68278
1004  1.80883  3.68451
1005  1.80883  3.68817
1006  1.8088  3.68345
1007  1.80878  3.68684
1008  1.80876  3.68775
1009  1.80875  3.68995
1010  1.80875  3.68252
1011  1.80876  3.6836
1012  1.80871  3.68872
1013  1.80868  3.68974
1014  1.80867  3.68909
1015  1.80864  3.68548
1016  1.80861  3.68515
1017  1.80857  3.6816
1018  1.80857  3.67999
1019  1.80856  3.67945
1020  1.80851  3.67437
1021  1.80851  3.6732
1022  1.8085  3.67417
1023  1.80847  3.68344
1024  1.80845  3.68314
1025  1.80844  3.68337
1026  1.80842  3.6772
1027  1.80842  3.68685
1028  1.80841  3.68922
1029  1.80837  3.68411
1030  1.80837  3.68252
1031  1.80835  3.6747
1032  1.80835  3.67859
1033  1.80832  3.68117
1034  1.80829  3.68252
1035  1.80829  3.68219
1036  1.80829  3.68584
1037  1.80828  3.67788
1038  1.80825  3.68028
1039  1.80823  3.6817
1040  1.80822  3.67932
1041  1.80819  3.68017
1042  1.80818  3.68335
1043  1.80819  3.67723
1044  1.80818  3.67559
1045  1.80816  3.67598
1046  1.80815  3.67979
1047  1.80813  3.67769
1048  1.80811  3.67678
1049  1.80812  3.68301
1050  1.8081  3.68139
1051  1.80809  3.67933
1052  1.80809  3.67636
1053  1.80808  3.68234
1054  1.80808  3.67892
1055  1.80806  3.67874
1056  1.80804  3.68095
1057  1.80805  3.68082
1058  1.80804  3.66884
1059  1.80804  3.67269
1060  1.80804  3.67234
1061  1.80805  3.6688
1062  1.80804  3.67002
1063  1.80804  3.67944
1064  1.80802  3.68372
1065  1.80801  3.68118
1066  1.80801  3.67932
1067  1.80801  3.67763
1068  1.80802  3.66651
1069  1.808  3.67011
1070  1.80798  3.67431
1071  1.80796  3.67716
1072  1.80795  3.67502
1073  1.80795  3.67551
1074  1.80794  3.67212
1075  1.80794  3.67506
1076  1.80793  3.66715
1077  1.80794  3.67333
1078  1.80792  3.67265
1079  1.80791  3.67054
1080  1.8079  3.67256
1081  1.80788  3.67439
1082  1.80787  3.67131
1083  1.80786  3.67747
1084  1.80785  3.67979
1085  1.80784  3.68006
1086  1.80785  3.67826
1087  1.80787  3.68074
1088  1.80784  3.68446
1089  1.80784  3.68539
1090  1.80784  3.68548
1091  1.80782  3.68481
1092  1.80781  3.67861
1093  1.80781  3.68129
1094  1.80781  3.68095
1095  1.8078  3.67557
1096  1.8078  3.67735
1097  1.80779  3.67354
1098  1.80779  3.67981
1099  1.80778  3.67451
1100  1.80777  3.6765
1101  1.80776  3.67384
1102  1.80776  3.6717
1103  1.80774  3.67529
1104  1.80774  3.67366
1105  1.80774  3.67274
1106  1.80774  3.67132
1107  1.80773  3.66872
1108  1.80773  3.67409
1109  1.80772  3.67344
1110  1.80772  3.67537
1111  1.80771  3.67481
1112  1.8077  3.67077
1113  1.80769  3.6759
1114  1.80768  3.67333
1115  1.80768  3.6688
1116  1.80768  3.66804
1117  1.80768  3.67121
1118  1.80767  3.67743
1119  1.80767  3.67706
1120  1.80766  3.67602
1121  1.80765  3.6738
1122  1.80764  3.67255
1123  1.80764  3.66917
1124  1.80764  3.66646
1125  1.80763  3.66038
1126  1.80763  3.6642
1127  1.80762  3.66182
1128  1.80762  3.66378
1129  1.80762  3.66355
1130  1.80761  3.66552
1131  1.80761  3.66361
1132  1.80761  3.66537
1133  1.8076  3.66447
1134  1.8076  3.66701
1135  1.80759  3.66204
1136  1.80758  3.66087
1137  1.80759  3.65991
1138  1.80758  3.66226
1139  1.80758  3.66198
1140  1.80757  3.65732
1141  1.80757  3.65557
1142  1.80756  3.65541
1143  1.80755  3.65617
1144  1.80755  3.66022
1145  1.80755  3.65947
1146  1.80755  3.66396
1147  1.80754  3.66385
1148  1.80754  3.66367
1149  1.80755  3.66486
1150  1.80754  3.66146
1151  1.80754  3.66029
1152  1.80754  3.65715
1153  1.80753  3.65572
1154  1.80753  3.66049
1155  1.80753  3.66028
1156  1.80753  3.66139
1157  1.80753  3.66171
1158  1.80753  3.66284
1159  1.80752  3.66383
1160  1.80752  3.66141
1161  1.80752  3.65964
1162  1.80752  3.65879
1163  1.80751  3.658
1164  1.8075  3.66211
1165  1.8075  3.66125
1166  1.8075  3.66092
1167  1.8075  3.6628
1168  1.8075  3.66326
1169  1.80749  3.66024
1170  1.80749  3.66024
1171  1.80749  3.65796
1172  1.80749  3.65625
1173  1.80748  3.65817
1174  1.80748  3.65942
1175  1.80748  3.66019
1176  1.80748  3.65662
1177  1.80748  3.65423
1178  1.80748  3.65442
1179  1.80747  3.65508
1180  1.80747  3.65727
1181  1.80747  3.65685
1182  1.80747  3.65292
1183  1.80746  3.65455
1184  1.80746  3.65859
1185  1.80746  3.65592
1186  1.80745  3.65507
1187  1.80746  3.6561
1188  1.80745  3.6548
1189  1.80745  3.6562
1190  1.80745  3.65615
1191  1.80745  3.65575
1192  1.80744  3.65556
1193  1.80744  3.65506
1194  1.80744  3.6533
1195  1.80744  3.65304
1196  1.80744  3.65335
1197  1.80744  3.65356
1198  1.80744  3.65561
1199  1.80744  3.65739
1200  1.80744  3.65594
1201  1.80744  3.65391
1202  1.80744  3.65379
1203  1.80744  3.65598
1204  1.80743  3.65635
1205  1.80743  3.65606
1206  1.80743  3.65491
1207  1.80743  3.65402
1208  1.80743  3.65492
1209  1.80743  3.65675
1210  1.80743  3.6527
1211  1.80742  3.6528
1212  1.80743  3.65436
1213  1.80742  3.65357
1214  1.80742  3.65268
1215  1.80742  3.6547
1216  1.80742  3.65751
1217  1.80742  3.65787
1218  1.80742  3.65542
1219  1.80741  3.65353
1220  1.80741  3.65228
1221  1.80741  3.6531
1222  1.80741  3.65342
1223  1.80741  3.65297
1224  1.80741  3.65108
1225  1.80742  3.65142
1226  1.80741  3.65317
1227  1.80742  3.65439
1228  1.80741  3.65325
1229  1.80741  3.65235
1230  1.80741  3.65122
1231  1.80741  3.65268
1232  1.80741  3.65047
1233  1.80741  3.65022
1234  1.80741  3.64946
1235  1.8074  3.64901
1236  1.8074  3.65008
1237  1.80741  3.64943
1238  1.8074  3.64822
1239  1.8074  3.64851
1240  1.8074  3.64851
1241  1.8074  3.65103
1242  1.8074  3.64978
1243  1.8074  3.65169
1244  1.8074  3.6477
1245  1.80739  3.64762
1246  1.80739  3.64998
1247  1.80739  3.65015
1248  1.80739  3.65078
1249  1.80739  3.64861
1250  1.80739  3.64974
1251  1.80739  3.64967
1252  1.80739  3.64509
1253  1.80739  3.645
1254  1.80739  3.64446
1255  1.80739  3.64816
1256  1.80739  3.64892
1257  1.80739  3.64767
1258  1.80739  3.65088
1259  1.80739  3.64812
1260  1.80739  3.64821
1261  1.80739  3.65012
1262  1.80739  3.65076
1263  1.80739  3.65126
1264  1.80739  3.64949
1265  1.80739  3.64732
1266  1.80738  3.64573
1267  1.80739  3.64576
1268  1.80739  3.64622
1269  1.80738  3.64601
1270  1.80739  3.64657
1271  1.80738  3.64677
1272  1.80739  3.64678
1273  1.80739  3.64729
1274  1.80738  3.64553
1275  1.80738  3.64915
1276  1.80739  3.64965
1277  1.80739  3.64659
1278  1.80738  3.64928
1279  1.80739  3.64831
1280  1.80738  3.64811
1281  1.80739  3.64839
1282  1.80738  3.64982
1283  1.80738  3.648
1284  1.80738  3.64644
1285  1.80738  3.64824
1286  1.80738  3.64843
1287  1.80738  3.6486
1288  1.80738  3.64621
1289  1.80738  3.64564
1290  1.80738  3.64506
1291  1.80738  3.64497
1292  1.80738  3.64687
1293  1.80738  3.64739
1294  1.80738  3.64715
1295  1.80738  3.64538
1296  1.80738  3.64398
1297  1.80738  3.64593
1298  1.80738  3.64751
1299  1.80738  3.64874
1300  1.80738  3.64842
1301  1.80738  3.64702
1302  1.80738  3.64739
1303  1.80738  3.64618
1304  1.80738  3.64513
1305  1.80738  3.64656
1306  1.80738  3.64645
1307  1.80738  3.64613
1308  1.80738  3.646
1309  1.80738  3.64469
1310  1.80738  3.64567
1311  1.80738  3.64584
1312  1.80737  3.64428
1313  1.80738  3.64492
1314  1.80738  3.64308
1315  1.80738  3.643
1316  1.80738  3.64451
1317  1.80738  3.64657
1318  1.80738  3.64562
1319  1.80738  3.64594
1320  1.80737  3.64432
1321  1.80738  3.64386
1322  1.80737  3.64627
1323  1.80738  3.64669
1324  1.80738  3.64562
1325  1.80738  3.64656
1326  1.80738  3.64676
1327  1.80737  3.6493
1328  1.80738  3.64919
1329  1.80738  3.64906
1330  1.80738  3.64931
1331  1.80737  3.64522
1332  1.80737  3.64529
1333  1.80737  3.64495
1334  1.80738  3.64207
1335  1.80738  3.64164
1336  1.80738  3.64361
1337  1.80738  3.64394
1338  1.80738  3.64286
1339  1.80738  3.64199
1340  1.80737  3.64138
1341  1.80738  3.64103
1342  1.80737  3.64038
1343  1.80738  3.64064
1344  1.80738  3.64199
1345  1.80738  3.64157
1346  1.80738  3.64251
1347  1.80738  3.64333
1348  1.80737  3.64416
1349  1.80738  3.64305
1350  1.80737  3.64225
1351  1.80737  3.64315
1352  1.80737  3.64377
1353  1.80737  3.64273
1354  1.80737  3.64393
1355  1.80737  3.64428
1356  1.80737  3.64581
1357  1.80737  3.64645
1358  1.80738  3.64613
1359  1.80737  3.6442
1360  1.80738  3.64528
1361  1.80737  3.64215
1362  1.80738  3.64254
1363  1.80738  3.64779
1364  1.80737  3.64394
1365  1.80737  3.64349
1366  1.80737  3.64261
1367  1.80738  3.64449
1368  1.80737  3.64572
1369  1.80737  3.64474
1370  1.80737  3.64613
1371  1.80737  3.64589
1372  1.80737  3.64604
1373  1.80737  3.64527
1374  1.80737  3.64382
1375  1.80738  3.64496
1376  1.80737  3.64315
1377  1.80737  3.64521
1378  1.80738  3.64597
1379  1.80737  3.64578
1380  1.80738  3.6473
1381  1.80737  3.64748
1382  1.80737  3.64457
1383  1.80738  3.64638
1384  1.80737  3.6454
1385  1.80737  3.64687
1386  1.80738  3.64807
1387  1.80738  3.64714
1388  1.80737  3.64646
1389  1.80737  3.64617
1390  1.80737  3.64471
1391  1.80737  3.64282
1392  1.80738  3.64398
1393  1.80737  3.64553
1394  1.80737  3.64521
1395  1.80737  3.64464
1396  1.80738  3.64362
1397  1.80738  3.64295
1398  1.80738  3.64239
1399  1.80737  3.64321
1400  1.80737  3.64281
1401  1.80737  3.64359
1402  1.80738  3.64739
1403  1.80738  3.64724
1404  1.80737  3.6467
1405  1.80738  3.64684
1406  1.80738  3.64557
1407  1.80737  3.64489
1408  1.80738  3.64354
1409  1.80738  3.64522
1410  1.80737  3.64463
1411  1.80737  3.64366
1412  1.80737  3.64305
1413  1.80737  3.64781
1414  1.80737  3.64669
1415  1.80737  3.64602
1416  1.80737  3.64543
1417  1.80737  3.64492
1418  1.80737  3.6454
1419  1.80738  3.64554
1420  1.80737  3.64291
1421  1.80737  3.64505
1422  1.80738  3.64419
1423  1.80737  3.64484
1424  1.80737  3.64312
1425  1.80737  3.64199
1426  1.80738  3.64327
1427  1.80738  3.64393
1428  1.80738  3.64487
1429  1.80737  3.64639
1430  1.80737  3.64578
1431  1.80737  3.64419
1432  1.80738  3.64586
1433  1.80737  3.64401
1434  1.80738  3.6446
1435  1.80737  3.64382
1436  1.80738  3.64507
1437  1.80737  3.64769
1438  1.80737  3.64154
1439  1.80738  3.64363
1440  1.80737  3.64312
1441  1.80737  3.64377
1442  1.80737  3.64585
1443  1.80737  3.6455
1444  1.80737  3.64448
1445  1.80737  3.6465
1446  1.80737  3.64556
1447  1.80737  3.64641
1448  1.80737  3.64781
1449  1.80737  3.64667
1450  1.80737  3.64635
1451  1.80738  3.6469
1452  1.80737  3.64426
1453  1.80737  3.64511
1454  1.80737  3.64576
1455  1.80737  3.64634
1456  1.80737  3.64421
1457  1.80737  3.64385
1458  1.80738  3.64414
1459  1.80738  3.64411
1460  1.80737  3.64499
1461  1.80737  3.64516
1462  1.80737  3.64423
1463  1.80738  3.6434
1464  1.80737  3.64427
1465  1.80738  3.64413
1466  1.80738  3.6439
1467  1.80737  3.64344
1468  1.80738  3.64503
1469  1.80737  3.6446
1470  1.80737  3.64322
1471  1.80737  3.64213
1472  1.80737  3.64258
1473  1.80738  3.64379
1474  1.80737  3.6422
1475  1.80737  3.64345
1476  1.80737  3.6433
1477  1.80738  3.64199
1478  1.80737  3.64544
1479  1.80738  3.64301
1480  1.80737  3.64365
1481  1.80737  3.64564
1482  1.80738  3.64361
1483  1.80737  3.64525
1484  1.80738  3.64716
1485  1.80737  3.6451
1486  1.80737  3.64366
1487  1.80737  3.64683
1488  1.80737  3.64488
1489  1.80738  3.64259
1490  1.80737  3.64159
1491  1.80737  3.64214
1492  1.80737  3.64246
1493  1.80737  3.64125
1494  1.80737  3.6424
1495  1.80737  3.645
1496  1.80737  3.64535
1497  1.80737  3.64419
1498  1.80737  3.64421
1499  1.80738  3.64665
1500  1.80738  3.64768
1501  1.80738  3.64457
1502  1.80737  3.64395
1503  1.80737  3.64258
1504  1.80737  3.64265
1505  1.80737  3.64364
1506  1.80737  3.64152
1507  1.80738  3.64348
1508  1.80738  3.64431
1509  1.80737  3.64287
1510  1.80738  3.64513
1511  1.80737  3.64404
1512  1.80737  3.64578
1513  1.80737  3.64409
1514  1.80737  3.64227
1515  1.80737  3.64371
1516  1.80738  3.64375
1517  1.80738  3.64413
1518  1.80737  3.64476
1519  1.80737  3.64382
1520  1.80737  3.6437
1521  1.80737  3.64475
1522  1.80737  3.64452
1523  1.80737  3.64462
1524  1.80738  3.64377
1525  1.80737  3.64416
1526  1.80738  3.64259
1527  1.80737  3.64375
1528  1.80737  3.64273
1529  1.80737  3.6434
1530  1.80738  3.64505
1531  1.80738  3.64399
1532  1.80737  3.6426
1533  1.80738  3.64365
1534  1.80737  3.64433
1535  1.80737  3.64341
1536  1.80738  3.64509
1537  1.80738  3.64434
1538  1.80738  3.64336
1539  1.80738  3.64194
1540  1.80738  3.64187
1541  1.80738  3.64069
1542  1.80737  3.64194
1543  1.80737  3.6424
1544  1.80737  3.6438
1545  1.80737  3.64266
1546  1.80737  3.64306
1547  1.80737  3.64364
1548  1.80737  3.64324
1549  1.80737  3.64241
1550  1.80737  3.64339
1551  1.80738  3.64269
1552  1.80737  3.6447
1553  1.80737  3.64631
1554  1.80737  3.64468
1555  1.80737  3.6477
1556  1.80737  3.647
1557  1.80737  3.64474
1558  1.80737  3.64515
1559  1.80737  3.6453
1560  1.80737  3.6443
1561  1.80737  3.64468
1562  1.80737  3.64495
1563  1.80738  3.64185
1564  1.80737  3.64553
1565  1.80738  3.64528
1566  1.80737  3.64481
1567  1.80737  3.64564
1568  1.80737  3.64407
1569  1.80737  3.64406
1570  1.80737  3.64593
1571  1.80737  3.64498
1572  1.80737  3.6441
1573  1.80737  3.64391
1574  1.80737  3.64487
1575  1.80737  3.64074
1576  1.80737  3.64189
1577  1.80737  3.64272
1578  1.80738  3.6417
1579  1.80738  3.6423
1580  1.80737  3.64501
1581  1.80737  3.64531
1582  1.80737  3.64385
1583  1.80737  3.64408
1584  1.80737  3.64455
1585  1.80737  3.64386
1586  1.80737  3.64446
1587  1.80738  3.64584
1588  1.80737  3.64726
1589  1.80737  3.64641
1590  1.80737  3.64515
1591  1.80737  3.64585
1592  1.80737  3.64705
1593  1.80737  3.64601
1594  1.80737  3.64537
1595  1.80737  3.64466
1596  1.80737  3.64574
1597  1.80737  3.64687
1598  1.80737  3.64398
1599  1.80737  3.64326
1600  1.80737  3.64494
1601  1.80737  3.64348
1602  1.80737  3.64331
1603  1.80737  3.64239
1604  1.80737  3.64278
1605  1.80737  3.64263
1606  1.80737  3.64403
1607  1.80738  3.6435
1608  1.80738  3.6435
1609  1.80737  3.64337
1610  1.80737  3.64147
1611  1.80737  3.64131
1612  1.80737  3.64341
1613  1.80737  3.64465
1614  1.80737  3.64568
1615  1.80737  3.64567
1616  1.80737  3.64559
1617  1.80737  3.64906
1618  1.80737  3.6464
1619  1.80737  3.64492
1620  1.80737  3.64448
1621  1.80737  3.64276
1622  1.80737  3.64384
1623  1.80737  3.64312
1624  1.80737  3.64343
1625  1.80738  3.64428
1626  1.80737  3.64438
1627  1.80737  3.64425
1628  1.80737  3.64448
1629  1.80737  3.64551
1630  1.80738  3.64406
1631  1.80737  3.64524
1632  1.80737  3.64599
1633  1.80737  3.64572
1634  1.80737  3.64498
1635  1.80737  3.64364
1636  1.80737  3.64385
1637  1.80737  3.64285
1638  1.80737  3.64432
1639  1.80737  3.64407
1640  1.80737  3.6446
1641  1.80738  3.64388
1642  1.80737  3.64461
1643  1.80737  3.64683
1644  1.80737  3.64631
1645  1.80737  3.64208
1646  1.80737  3.64366
1647  1.80737  3.64332
1648  1.80737  3.64444
1649  1.80737  3.64625
1650  1.80737  3.64624
1651  1.80737  3.64471
1652  1.80737  3.64275
1653  1.80737  3.64424
1654  1.80737  3.64428
1655  1.80737  3.64515
1656  1.80737  3.64493
1657  1.80738  3.64643
1658  1.80738  3.64319
1659  1.80737  3.64127
1660  1.80737  3.6446
1661  1.80737  3.64538
1662  1.80737  3.64637
1663  1.80738  3.64644
1664  1.80737  3.64609
1665  1.80737  3.64478
1666  1.80737  3.64402
1667  1.80737  3.64376
1668  1.80738  3.64153
1669  1.80737  3.64493
1670  1.80737  3.64873
1671  1.80737  3.64692
1672  1.80737  3.64678
1673  1.80738  3.64662
1674  1.80738  3.6433
1675  1.80737  3.64406
1676  1.80737  3.64401
1677  1.80737  3.64426
1678  1.80737  3.64542
1679  1.80737  3.64425
1680  1.80738  3.64334
1681  1.80737  3.64381
1682  1.80737  3.64241
1683  1.80737  3.642
1684  1.80737  3.64575
1685  1.80737  3.64508
1686  1.80737  3.64634
1687  1.80738  3.64506
1688  1.80737  3.64542
1689  1.80738  3.64534
1690  1.80738  3.64126
1691  1.80737  3.64287
1692  1.80737  3.64422
1693  1.80737  3.64703
1694  1.80737  3.64448
1695  1.80737  3.64636
1696  1.80737  3.64557
1697  1.80738  3.65008
1698  1.80737  3.64677
1699  1.80738  3.64727
1700  1.80737  3.64771
1701  1.80737  3.64763
1702  1.80737  3.64551
1703  1.80737  3.6452
1704  1.80737  3.64343
1705  1.80737  3.64427
1706  1.80737  3.64399
1707  1.80737  3.643
1708  1.80738  3.64327
1709  1.80737  3.64395
1710  1.80737  3.64459
1711  1.80737  3.64387
1712  1.80738  3.64581
1713  1.80737  3.64277
1714  1.80738  3.64441
1715  1.80738  3.64291
1716  1.80738  3.64307
1717  1.80738  3.64415
1718  1.80737  3.64313
1719  1.80737  3.64239
1720  1.80737  3.64271
1721  1.80738  3.6415
1722  1.80737  3.6406
1723  1.80737  3.64175
1724  1.80737  3.64082
1725  1.80737  3.64371
1726  1.80738  3.64584
1727  1.80736  3.64465
1728  1.80737  3.64351
1729  1.80737  3.64586
1730  1.80738  3.64395
1731  1.80737  3.64344
1732  1.80737  3.64316
1733  1.80738  3.6441
1734  1.80737  3.64335
1735  1.80737  3.64487
1736  1.80737  3.64399
1737  1.80737  3.64304
1738  1.80737  3.64267
1739  1.80738  3.64417
1740  1.80738  3.64621
1741  1.80737  3.64462
1742  1.80738  3.64681
1743  1.80738  3.64548
1744  1.80739  3.64628
1745  1.80737  3.64488
1746  1.80737  3.64725
1747  1.80739  3.6474
1748  1.80737  3.64648
1749  1.80737  3.64461
1750  1.80738  3.6489
1751  1.80738  3.64636
1752  1.80737  3.64481
1753  1.80736  3.64641
1754  1.80737  3.64801
1755  1.80738  3.64409
1756  1.80738  3.64414
1757  1.80738  3.64367
1758  1.80737  3.64374
1759  1.80738  3.64638
1760  1.80738  3.64594
1761  1.80738  3.64448
1762  1.80737  3.64216
1763  1.80738  3.6438
1764  1.80738  3.64766
1765  1.80737  3.64453
1766  1.80737  3.64514
1767  1.80737  3.64437
1768  1.80738  3.64434
1769  1.80737  3.64211
1770  1.80737  3.64337
1771  1.80737  3.64634
1772  1.80738  3.64797
1773  1.80738  3.64923
1774  1.80737  3.64579
1775  1.80737  3.64424
1776  1.80738  3.64537
1777  1.80737  3.64624
1778  1.80737  3.64612
1779  1.80738  3.64742
1780  1.80738  3.64609
1781  1.80737  3.64668
1782  1.80737  3.64747
1783  1.80737  3.64632
1784  1.80737  3.64405
1785  1.80737  3.642
1786  1.80737  3.64332
1787  1.80737  3.6446
1788  1.80737  3.64637
1789  1.80737  3.6431
1790  1.80737  3.64578
1791  1.80738  3.64728
1792  1.80737  3.64517
1793  1.80737  3.64518
1794  1.80737  3.64445
1795  1.80737  3.64211
1796  1.80737  3.64301
1797  1.80737  3.64473
1798  1.80737  3.64437
1799  1.80738  3.64584
1800  1.80738  3.64283
1801  1.80738  3.64287
1802  1.80737  3.64348
1803  1.80737  3.64341
1804  1.80737  3.64324
1805  1.80737  3.64409
1806  1.80737  3.64479
1807  1.80737  3.64556
1808  1.80737  3.64709
1809  1.80737  3.64402
1810  1.80737  3.64387
1811  1.80737  3.64596
1812  1.80737  3.64529
1813  1.80737  3.64585
1814  1.80737  3.64475
1815  1.80737  3.6457
1816  1.80738  3.64877
1817  1.80737  3.64334
1818  1.80737  3.6444
1819  1.80737  3.64338
1820  1.80737  3.64384
1821  1.80737  3.64314
1822  1.80737  3.64193
1823  1.80737  3.64245
1824  1.80737  3.6438
1825  1.80738  3.64429
1826  1.80737  3.64481
1827  1.80737  3.64564
1828  1.80737  3.64742
1829  1.80738  3.64584
1830  1.80737  3.64737
1831  1.80737  3.64441
1832  1.80737  3.64124
1833  1.80738  3.64408
1834  1.80738  3.64339
1835  1.80738  3.64541
1836  1.80737  3.64696
1837  1.80737  3.64775
1838  1.80737  3.64486
1839  1.80737  3.64633
1840  1.80737  3.64264
1841  1.80737  3.64252
1842  1.80737  3.64443
1843  1.80738  3.64148
1844  1.80737  3.64321
1845  1.80737  3.64469
1846  1.80737  3.64304
1847  1.80737  3.64324
1848  1.80737  3.64419
1849  1.80737  3.64471
1850  1.80738  3.64362
1851  1.80738  3.64149
1852  1.80737  3.64356
1853  1.80737  3.64322
1854  1.80737  3.64429
1855  1.80738  3.64692
1856  1.80737  3.64586
1857  1.80738  3.64665
1858  1.80737  3.64572
1859  1.80737  3.64585
1860  1.80737  3.64545
1861  1.80737  3.64497
1862  1.80737  3.64341
1863  1.80737  3.64369
1864  1.80738  3.6452
1865  1.80737  3.64536
1866  1.80737  3.64628
1867  1.80738  3.64717
1868  1.80738  3.64613
1869  1.80737  3.64555
1870  1.80737  3.64606
1871  1.80737  3.64395
1872  1.80737  3.64332
1873  1.80738  3.64539
1874  1.80738  3.64328
1875  1.80737  3.64506
1876  1.80737  3.64554
1877  1.80737  3.64441
1878  1.80738  3.64442
1879  1.80737  3.64582
1880  1.80737  3.64669
1881  1.80737  3.64529
1882  1.80737  3.64527
1883  1.80737  3.64551
1884  1.80738  3.64612
1885  1.80738  3.64562
1886  1.80737  3.64504
1887  1.80738  3.64507
1888  1.80738  3.64536
1889  1.80738  3.6441
1890  1.80737  3.64607
1891  1.80737  3.64374
1892  1.80737  3.64495
1893  1.80737  3.64611
1894  1.80737  3.64675
1895  1.80737  3.64249
1896  1.80737  3.64307
1897  1.80738  3.64212
1898  1.80737  3.64365
1899  1.80737  3.64489
1900  1.80738  3.64553
1901  1.80738  3.64564
1902  1.80737  3.6433
1903  1.80737  3.64221
1904  1.80737  3.64504
1905  1.80738  3.64487
1906  1.80737  3.64516
1907  1.80738  3.64623
1908  1.80738  3.646
1909  1.80737  3.64481
1910  1.80737  3.64472
1911  1.80737  3.64637
1912  1.80737  3.64766
1913  1.80737  3.64519
1914  1.80737  3.64433
1915  1.80738  3.64203
1916  1.80738  3.64311
1917  1.80738  3.64307
1918  1.80737  3.64292
1919  1.80737  3.64195
1920  1.80737  3.64271
1921  1.80738  3.64335
1922  1.80738  3.64063
1923  1.80737  3.64039
1924  1.80737  3.64143
1925  1.80737  3.64353
1926  1.80737  3.64504
1927  1.80738  3.64404
1928  1.80737  3.64361
1929  1.80738  3.64348
1930  1.80737  3.64436
1931  1.80737  3.64344
1932  1.80738  3.64553
1933  1.80737  3.64659
1934  1.80737  3.64393
1935  1.80737  3.64279
1936  1.80737  3.64254
1937  1.80737  3.64419
1938  1.80737  3.64374
1939  1.80736  3.64283
1940  1.80737  3.64242
1941  1.80737  3.64332
1942  1.80737  3.64562
1943  1.80737  3.64538
1944  1.80737  3.64453
1945  1.80737  3.64447
1946  1.80737  3.64426
1947  1.80737  3.64351
1948  1.80737  3.64271
1949  1.80737  3.64502
1950  1.80737  3.64447
1951  1.80738  3.64466
1952  1.80737  3.644
1953  1.80737  3.64457
1954  1.80738  3.64295
1955  1.80737  3.64299
1956  1.80737  3.64307
1957  1.80737  3.64357
1958  1.80737  3.64365
1959  1.80738  3.64356
1960  1.80737  3.6407
1961  1.80737  3.64079
1962  1.80737  3.64287
1963  1.80737  3.6436
1964  1.80738  3.64236
1965  1.80737  3.64222
1966  1.80738  3.64213
1967  1.80737  3.64631
1968  1.80737  3.64504
1969  1.80737  3.64693
1970  1.80737  3.64514
1971  1.80737  3.64534
1972  1.80737  3.64595
1973  1.80737  3.64302
1974  1.80737  3.64442
1975  1.80737  3.64084
1976  1.80737  3.64432
1977  1.80737  3.64473
1978  1.80737  3.64629
1979  1.80738  3.64686
1980  1.80738  3.64694
1981  1.80737  3.64946
1982  1.80738  3.64848
1983  1.80739  3.64682
1984  1.80737  3.64545
1985  1.80737  3.64537
1986  1.80737  3.6436
1987  1.80738  3.6454
1988  1.80737  3.64223
1989  1.80738  3.64654
1990  1.80737  3.6452
1991  1.80737  3.64485
1992  1.80737  3.64351
1993  1.80737  3.64361
1994  1.80737  3.64371
1995  1.80737  3.64434
1996  1.80737  3.64269
1997  1.80738  3.63905
1998  1.80737  3.64127
1999  1.80737  3.64287
2000  1.80738  3.64214
2001  1.80737  3.64425
2002  1.80737  3.64364
2003  1.80738  3.64279
2004  1.80737  3.64162
2005  1.80737  3.64108
2006  1.80737  3.64378
2007  1.80737  3.64305
2008  1.80737  3.64388
2009  1.80737  3.64351
2010  1.80737  3.64177
2011  1.80738  3.64177
2012  1.80738  3.64248
2013  1.80737  3.64429
2014  1.80738  3.64362
2015  1.80737  3.64447
2016  1.80737  3.64576
2017  1.80738  3.64483
2018  1.80738  3.6439
2019  1.80738  3.64391
2020  1.80737  3.64303
2021  1.80737  3.64388
2022  1.80738  3.64551
2023  1.80737  3.64472
2024  1.80738  3.64429
2025  1.80737  3.64582
2026  1.80737  3.64476
2027  1.80737  3.64517
2028  1.80737  3.64711
2029  1.80737  3.64385
2030  1.80737  3.64413
2031  1.80738  3.64515
2032  1.80737  3.64641
2033  1.80737  3.6445
2034  1.80737  3.64491
2035  1.80738  3.64418
2036  1.80737  3.64439
2037  1.80737  3.64385
2038  1.80737  3.64349
2039  1.81156  3.63093
2040  1.80737  3.64434
2041  1.80737  3.64403
2042  1.80737  3.64252
2043  1.80736  3.64247
2044  1.80738  3.64358
2045  1.80737  3.64402
2046  1.80736  3.642
2047  1.80737  3.64592
2048  1.80737  3.64333
2049  1.80737  3.64432
2050  1.80736  3.64469
2051  1.80737  3.64465
2052  1.80738  3.64678
2053  1.80737  3.64177
2054  1.80737  3.64304
2055  1.80738  3.64079
2056  1.80737  3.63902
2057  1.80737  3.64224
2058  1.80739  3.63952
2059  1.80737  3.64288
2060  1.80737  3.64312
2061  1.80737  3.64191
2062  1.80737  3.64175
2063  1.80738  3.64194
2064  1.80737  3.64196
2065  1.80737  3.64292
2066  1.80737  3.64235
2067  1.80738  3.64175
2068  1.80737  3.64192
2069  1.81222  3.62859
2070  1.80737  3.64276
2071  1.80737  3.64173
2072  1.80737  3.6446
2073  1.80737  3.64355
2074  1.80737  3.64182
2075  1.80738  3.64048
2076  1.80737  3.64159
2077  1.80739  3.64352
2078  1.80737  3.64011
2079  1.80739  3.64216
2080  1.80739  3.64249
2081  1.81155  3.63055
2082  1.80737  3.64219
2083  1.80737  3.64231
2084  1.80738  3.6427
2085  1.80737  3.64314
2086  1.80738  3.64595
2087  1.80739  3.64525
2088  1.80737  3.64343
2089  1.80737  3.6447
2090  1.80736  3.64248
2091  1.80737  3.64353
2092  1.80738  3.64268
2093  1.80737  3.64197
2094  1.80737  3.64131
2095  1.80737  3.64394
2096  1.80738  3.6419
2097  1.80737  3.64235
2098  1.80739  3.64551
2099  1.80739  3.6434
2100  1.80738  3.64162
2101  1.80737  3.64245
2102  1.80736  3.64417
2103  1.80737  3.64217
2104  1.80737  3.6435
2105  1.80739  3.64535
2106  1.8074  3.64644
2107  1.80737  3.64485
2108  1.80736  3.64472
2109  1.80738  3.64363
2110  1.80736  3.64435
2111  1.80739  3.64313
2112  1.80737  3.64493
2113  1.80737  3.64437
2114  1.80736  3.64355
2115  1.80738  3.6431
2116  1.8074  3.64473
2117  1.80737  3.64612
2118  1.80736  3.64334
2119  1.80737  3.64483
2120  1.80738  3.64488
2121  1.80737  3.64481
2122  1.80739  3.64628
2123  1.80737  3.64625
2124  1.80738  3.64421
2125  1.80737  3.64502
2126  1.80738  3.64396
2127  1.80738  3.6417
2128  1.81219  3.63176
2129  1.80737  3.64293
2130  1.80737  3.64452
2131  1.80737  3.64388
2132  1.80736  3.6449
2133  1.80736  3.64434
2134  1.80737  3.64394
2135  1.80738  3.64538
2136  1.80737  3.6438
2137  1.80737  3.64422
2138  1.80738  3.64209
2139  1.80739  3.64662
2140  1.80738  3.64802
2141  1.80738  3.64578
2142  1.80737  3.64972
2143  1.80737  3.64725
2144  1.80737  3.64556
2145  1.80737  3.64581
2146  1.80736  3.64736
2147  1.80737  3.64885
2148  1.80739  3.6494
2149  1.80738  3.64732
2150  1.80736  3.64491
2151  1.80737  3.64228
2152  1.80737  3.64387
2153  1.80739  3.64392
2154  1.8074  3.64542
2155  1.80736  3.64325
2156  1.80737  3.6435
2157  1.80737  3.64355
2158  1.80738  3.64537
2159  1.80737  3.64439
2160  1.80736  3.64363
2161  1.80737  3.64471
2162  1.80739  3.64655
2163  1.80736  3.64507
2164  1.80738  3.64635
2165  1.80737  3.64336
2166  1.80736  3.64206
2167  1.80737  3.64252
2168  1.80737  3.64203
2169  1.80737  3.64222
2170  1.80739  3.64353
2171  1.80736  3.64269
2172  1.80737  3.64459
2173  1.80736  3.64414
2174  1.80737  3.64344
2175  1.8074  3.64098
2176  1.80737  3.64137
2177  1.80737  3.64214
2178  1.80737  3.64094
2179  1.80738  3.64031
2180  1.80738  3.64057
2181  1.80737  3.64294
2182  1.80737  3.64452
2183  1.80737  3.64461
2184  1.80737  3.64367
2185  1.80737  3.64396
2186  1.80737  3.6455
2187  1.80739  3.64627
2188  1.80736  3.64378
2189  1.80736  3.64527
2190  1.80737  3.64506
2191  1.80738  3.64631
2192  1.80737  3.64372
2193  1.80738  3.64652
2194  1.80738  3.64596
2195  1.80736  3.64587
2196  1.80736  3.64479
2197  1.80742  3.64717
2198  1.80737  3.64425
2199  1.80738  3.64476
2200  1.80737  3.64478
2201  1.80739  3.64607
2202  1.8074  3.64483
2203  1.80739  3.64202
2204  1.80738  3.6425
2205  1.80737  3.64166
2206  1.80736  3.64527
2207  1.8074  3.64498
2208  1.80737  3.64311
2209  1.80737  3.64328
2210  1.80736  3.64358
2211  1.80739  3.64184
2212  1.80737  3.64084
2213  1.80737  3.64361
2214  1.8074  3.64088
2215  1.80736  3.64505
2216  1.80737  3.64613
2217  1.80735  3.64472
2218  1.80737  3.644
2219  1.80739  3.6423
2220  1.80737  3.6449
2221  1.80738  3.64465
2222  1.80738  3.64587
2223  1.80739  3.64549
2224  1.80738  3.64842
2225  1.80739  3.64319
2226  1.80739  3.64177
2227  1.80738  3.64101
2228  1.80741  3.63936
2229  1.80738  3.64406
2230  1.80739  3.64154
2231  1.8074  3.6404
2232  1.80739  3.64122
2233  1.80738  3.64113
2234  1.80739  3.64167
2235  1.80741  3.64542
2236  1.80742  3.64636
2237  1.80737  3.64201
2238  1.80737  3.64426
2239  1.80736  3.64541
2240  1.8074  3.64116
2241  1.80736  3.64391
2242  1.80737  3.64201
2243  1.80736  3.6442
2244  1.80739  3.6414
2245  1.80739  3.64252
2246  1.80738  3.64396
2247  1.8074  3.64583
2248  1.80738  3.64225
2249  1.80738  3.64402
2250  1.80739  3.64204
2251  1.80735  3.64258
2252  1.80739  3.6432
2253  1.80737  3.64218
2254  1.80737  3.64376
2255  1.80739  3.64067
2256  1.80737  3.64205
2257  1.80743  3.64846
2258  1.80737  3.64317
2259  1.80735  3.64513
2260  1.80738  3.64525
2261  1.80738  3.64259
2262  1.80737  3.64333
2263  1.80735  3.64569
2264  1.80737  3.64618
2265  1.80737  3.64768
2266  1.80739  3.64462
2267  1.80737  3.64365
2268  1.80736  3.64565
2269  1.80736  3.64567
2270  1.80738  3.64288
2271  1.80739  3.64326
2272  1.80739  3.64314
2273  1.80739  3.6433
2274  1.8074  3.64256
2275  1.80741  3.64189
2276  1.80739  3.6434
2277  1.80735  3.64478
2278  1.80737  3.64549
2279  1.80738  3.64061
2280  1.80738  3.63888
2281  1.80736  3.64252
2282  1.80735  3.64298
2283  1.80737  3.64291
2284  1.80735  3.64451
2285  1.80739  3.64466
2286  1.80736  3.64354
2287  1.80739  3.64617
2288  1.80735  3.64656
2289  1.80737  3.64487
2290  1.8074  3.64216
2291  1.8074  3.64261
2292  1.8074  3.64081
2293  1.80739  3.6399
2294  1.8074  3.64002
2295  1.80735  3.64238
2296  1.8074  3.64017
2297  1.80735  3.64479
2298  1.8074  3.64097
2299  1.80739  3.63966
2300  1.80741  3.64428
2301  1.80736  3.64196
2302  1.8074  3.64057
2303  1.80737  3.6432
2304  1.80735  3.64409
2305  1.80737  3.64365
2306  1.80739  3.64311
2307  1.80736  3.64372
2308  1.80739  3.64268
2309  1.80737  3.64143
2310  1.80738  3.64315
2311  1.80736  3.64399
2312  1.80737  3.64546
2313  1.80736  3.64495
2314  1.80738  3.64197
2315  1.80741  3.64189
2316  1.80739  3.64123
2317  1.80741  3.64205
2318  1.80737  3.64403
2319  1.80739  3.64232
2320  1.80738  3.64125
2321  1.80738  3.6412
2322  1.80739  3.64073
2323  1.80736  3.64358
2324  1.80735  3.6425
2325  1.80737  3.6416
2326  1.8074  3.63864
2327  1.80735  3.64341
2328  1.80736  3.64246
2329  1.80737  3.64217
2330  1.80737  3.64334
2331  1.80739  3.64233
2332  1.80736  3.642
2333  1.80743  3.63966
2334  1.8074  3.64117
2335  1.80738  3.64271
2336  1.80737  3.64187
2337  1.80738  3.64295
2338  1.80737  3.64318
2339  1.80735  3.6428
2340  1.80738  3.64202
2341  1.80735  3.64394
2342  1.80736  3.64476
2343  1.80736  3.64302
2344  1.80737  3.64268
2345  1.80738  3.64111
2346  1.80741  3.63707
2347  1.8074  3.63906
2348  1.80739  3.63831
2349  1.80736  3.63902
2350  1.80736  3.64054
2351  1.80735  3.64079
2352  1.80739  3.63937
2353  1.8074  3.63852
2354  1.80739  3.63913
2355  1.8074  3.63947
2356  1.80737  3.64149
2357  1.80735  3.64329
2358  1.80737  3.64245
2359  1.80743  3.63691
2360  1.80742  3.63951
2361  1.80742  3.63876
2362  1.80743  3.6375
2363  1.80735  3.64293
2364  1.8074  3.64521
2365  1.80735  3.64503
2366  1.80735  3.6421
2367  1.80739  3.64222
2368  1.80742  3.64706
2369  1.8074  3.63888
2370  1.80739  3.64091
2371  1.80737  3.6396
2372  1.80739  3.63924
2373  1.80736  3.64409
2374  1.80736  3.64244
2375  1.80739  3.64471
2376  1.80735  3.64386
2377  1.8074  3.64151
2378  1.80736  3.64277
2379  1.80736  3.64601
2380  1.80736  3.64553
2381  1.80739  3.64075
2382  1.80738  3.64028
2383  1.80739  3.64379
2384  1.8074  3.64028
2385  1.80735  3.64246
2386  1.80737  3.64571
2387  1.80749  3.63827
2388  1.80743  3.64906
2389  1.80749  3.63822
2390  1.80737  3.64696
2391  1.8074  3.64176
2392  1.8074  3.64689
2393  1.80737  3.64618
2394  1.80736  3.64351
2395  1.80739  3.64406
2396  1.80741  3.64542
2397  1.80737  3.64186
2398  1.80737  3.64226
2399  1.80736  3.64461
2400  1.80742  3.64837
2401  1.80739  3.64343
2402  1.80739  3.64429
2403  1.8074  3.64775
2404  1.8075  3.64948
2405  1.80739  3.64844
2406  1.80742  3.64944
2407  1.80739  3.6453
2408  1.80744  3.63822
2409  1.80745  3.63702
2410  1.80736  3.63916
2411  1.80735  3.64154
2412  1.80754  3.63482
2413  1.80749  3.63574
2414  1.80735  3.6408
2415  1.80746  3.63673
2416  1.80744  3.64759
2417  1.80736  3.64648
2418  1.80747  3.63708
2419  1.80737  3.64085
2420  1.80754  3.6366
2421  1.80746  3.63912
2422  1.80734  3.64559
2423  1.80741  3.64595
2424  1.80734  3.6446
2425  1.8074  3.64388
2426  1.80734  3.643
2427  1.80738  3.64417
2428  1.8074  3.63895
2429  1.80738  3.6386
2430  1.80744  3.63805
2431  1.80737  3.6389
2432  1.8075  3.636
2433  1.8075  3.64732
2434  1.80737  3.64068
2435  1.80743  3.63843
2436  1.80747  3.63814
2437  1.80738  3.63936
2438  1.80736  3.64042
2439  1.80736  3.64001
2440  1.80745  3.63775
2441  1.80735  3.63914
2442  1.80746  3.63791
2443  1.80747  3.64575
2444  1.80735  3.64237
2445  1.80738  3.64171
2446  1.80749  3.63224
2447  1.80746  3.6312
2448  1.8075  3.63219
2449  1.80738  3.63835
2450  1.80737  3.63606
2451  1.80742  3.63495
2452  1.80744  3.63444
2453  1.80736  3.63817
2454  1.80733  3.64007
2455  1.80737  3.63958
2456  1.80743  3.64216
2457  1.80734  3.63994
2458  1.80738  3.63841
2459  1.80751  3.63671
2460  1.80731  3.64284
2461  1.80737  3.63971
2462  1.80754  3.635
2463  1.80736  3.64382
2464  1.80745  3.64531
2465  1.80745  3.64473
2466  1.80745  3.63474
2467  1.80731  3.63942
2468  1.80736  3.64417
2469  1.80734  3.63779
2470  1.80747  3.63598
2471  1.80738  3.64256
2472  1.80737  3.64369
2473  1.80737  3.63959
2474  1.80736  3.64364
2475  1.80736  3.64306
2476  1.80739  3.64692
2477  1.80736  3.64291
2478  1.80735  3.64308
2479  1.80734  3.64281
2480  1.80735  3.63959
2481  1.80734  3.64109
2482  1.80738  3.63933
2483  1.80745  3.6378
2484  1.80744  3.63896
2485  1.80739  3.64116
2486  1.80742  3.63986
2487  1.80754  3.63639
2488  1.80752  3.63575
2489  1.80751  3.63637
2490  1.80747  3.63797
2491  1.80742  3.64001
2492  1.80737  3.64766
2493  1.80735  3.64258
2494  1.80738  3.64381
2495  1.80739  3.64468
2496  1.80736  3.64366
2497  1.80749  3.64995
2498  1.80734  3.64836
2499  1.80737  3.6417
2500  1.80737  3.64845
2501  1.80735  3.64638
2502  1.80737  3.64584
2503  1.80745  3.63764
2504  1.80748  3.63671
2505  1.80734  3.64194
2506  1.80735  3.63886
2507  1.80734  3.63963
2508  1.80734  3.64185
2509  1.80738  3.64024
2510  1.80737  3.64074
2511  1.80742  3.63728
2512  1.80736  3.64051
2513  1.80737  3.6405
2514  1.80738  3.64216
2515  1.80744  3.64094
2516  1.80738  3.64151
2517  1.80734  3.64467
2518  1.80736  3.64303
2519  1.80735  3.64475
2520  1.80733  3.64429
2521  1.80734  3.64431
2522  1.80736  3.64086
2523  1.80734  3.6407
2524  1.80753  3.6352
2525  1.80751  3.63594
2526  1.80739  3.63784
2527  1.80751  3.63557
2528  1.80736  3.64177
2529  1.80746  3.63871
2530  1.80736  3.63886
2531  1.80737  3.63901
2532  1.80741  3.63826
2533  1.80746  3.63735
2534  1.80736  3.63924
2535  1.80742  3.63862
2536  1.80733  3.64442
2537  1.80749  3.63616
2538  1.80752  3.63535
2539  1.80733  3.64491
2540  1.80743  3.63769
2541  1.8075  3.63633
2542  1.8074  3.63748
2543  1.80742  3.63851
2544  1.80747  3.63808
2545  1.80735  3.64476
2546  1.80734  3.6438
2547  1.80735  3.64205
2548  1.80735  3.64265
2549  1.80738  3.64441
2550  1.80737  3.64285
2551  1.80736  3.6465
2552  1.80735  3.64309
2553  1.80735  3.64425
2554  1.80734  3.64479
2555  1.80734  3.64208
2556  1.80739  3.6407
2557  1.8075  3.64894
2558  1.80746  3.63934
2559  1.80742  3.63992
2560  1.80737  3.64428
2561  1.80745  3.63831
2562  1.80734  3.6406
2563  1.80736  3.64
2564  1.80734  3.64219
2565  1.80735  3.64304
2566  1.80738  3.6396
2567  1.80736  3.64051
2568  1.80746  3.63867
2569  1.80737  3.641
2570  1.80735  3.63983
2571  1.80733  3.64064
2572  1.80759  3.63203
2573  1.80745  3.63511
2574  1.80746  3.63587
2575  1.80738  3.63883
2576  1.80737  3.63981
2577  1.80735  3.6402
2578  1.80738  3.63814
2579  1.80739  3.63763
2580  1.80739  3.63762
2581  1.80742  3.63621
2582  1.80745  3.63557
2583  1.80733  3.63692
2584  1.80736  3.63933
2585  1.80733  3.63819
2586  1.80746  3.6348
2587  1.80735  3.63979
2588  1.80735  3.63772
2589  1.80737  3.63762
2590  1.80736  3.63625
2591  1.80736  3.63649
2592  1.80738  3.63548
2593  1.80746  3.6345
2594  1.80748  3.63461
2595  1.80749  3.63392
2596  1.80756  3.63282
2597  1.8075  3.63347
2598  1.80759  3.6325
2599  1.80736  3.64456
2600  1.80733  3.64066
2601  1.80749  3.63458
2602  1.80736  3.63904
2603  1.80736  3.63919
2604  1.80753  3.63362
2605  1.80744  3.63726
2606  1.80747  3.63594
2607  1.80743  3.63611
2608  1.80745  3.63713
2609  1.80745  3.6371
2610  1.80743  3.6369
2611  1.80746  3.6365
2612  1.80736  3.64113
2613  1.80749  3.63568
2614  1.80746  3.63779
2615  1.80742  3.64004
2616  1.80743  3.63874
2617  1.80736  3.64263
2618  1.80742  3.63754
2619  1.80748  3.63686
2620  1.80736  3.6413
2621  1.80736  3.63921
2622  1.80737  3.63955
2623  1.80733  3.6414
2624  1.80737  3.63975
2625  1.80737  3.64044
2626  1.80733  3.64061
2627  1.8074  3.63704
2628  1.80737  3.63858
2629  1.80735  3.64027
2630  1.80738  3.63743
2631  1.80737  3.64233
2632  1.80735  3.64029
2633  1.80737  3.64438
2634  1.80744  3.63681
2635  1.80739  3.63914
2636  1.80738  3.63872
2637  1.80736  3.63935
2638  1.8075  3.6369
2639  1.80738  3.63994
2640  1.80753  3.63241
2641  1.80739  3.63766
2642  1.80754  3.63486
2643  1.80755  3.63459
2644  1.80764  3.63116
2645  1.80735  3.64179
2646  1.80736  3.64246
2647  1.80748  3.63328
2648  1.80749  3.63372
2649  1.80748  3.63458
2650  1.80753  3.63129
2651  1.80741  3.63345
2652  1.8074  3.6396
2653  1.80734  3.6403
2654  1.80734  3.64286
2655  1.80736  3.64255
2656  1.80739  3.63972
2657  1.80734  3.64113
2658  1.80736  3.64194
2659  1.80739  3.63832
2660  1.80737  3.63944
2661  1.80744  3.63995
2662  1.80736  3.64173
2663  1.8076  3.63611
2664  1.80763  3.63658
2665  1.80749  3.6377
2666  1.80739  3.64118
2667  1.80738  3.64081
2668  1.80744  3.64029
2669  1.80743  3.64126
2670  1.80748  3.63786
2671  1.80745  3.64047
2672  1.80755  3.63722
2673  1.80735  3.64889
2674  1.80756  3.63783
2675  1.80739  3.64175
2676  1.80741  3.6404
2677  1.80743  3.64076
2678  1.80741  3.63905
2679  1.80735  3.64516
2680  1.80735  3.64377
2681  1.80738  3.63861
2682  1.80737  3.63987
2683  1.80736  3.64175
2684  1.80734  3.64091
2685  1.80734  3.64236
2686  1.80733  3.64247
2687  1.80746  3.63743
2688  1.80748  3.63621
2689  1.80748  3.63514
2690  1.80738  3.63836
2691  1.8074  3.63528
2692  1.80738  3.6401
2693  1.80738  3.63791
2694  1.8074  3.63614
2695  1.80736  3.63721
2696  1.80734  3.63884
2697  1.80735  3.63791
2698  1.80738  3.6375
2699  1.80732  3.63806
2700  1.80738  3.63529
2701  1.80745  3.63377
2702  1.80737  3.63673
2703  1.80743  3.63381
2704  1.80745  3.63349
2705  1.80759  3.63036
2706  1.80749  3.63261
2707  1.80741  3.63447
2708  1.80736  3.63665
2709  1.80745  3.63617
2710  1.8074  3.63729
2711  1.80736  3.64116
2712  1.80737  3.63934
2713  1.80748  3.63651
2714  1.80754  3.63489
2715  1.80761  3.63291
2716  1.80746  3.63748
2717  1.80742  3.63751
2718  1.80742  3.63755
2719  1.80748  3.63552
2720  1.80751  3.64707
2721  1.80751  3.63524
2722  1.80734  3.64475
2723  1.80738  3.64053
2724  1.80734  3.64195
2725  1.80735  3.64443
2726  1.8075  3.64586
2727  1.80747  3.64305
2728  1.80746  3.6434
2729  1.8074  3.63926
2730  1.80741  3.64075
2731  1.80747  3.63903
2732  1.8075  3.6369
2733  1.80735  3.63963
2734  1.80733  3.64218
2735  1.80735  3.63886
2736  1.80736  3.63735
2737  1.80756  3.63403
2738  1.80754  3.63438
2739  1.80745  3.63722
2740  1.80739  3.63792
2741  1.80752  3.63627
2742  1.80751  3.63638
2743  1.80752  3.63585
2744  1.80749  3.63767
2745  1.80747  3.6379
2746  1.80753  3.63639
2747  1.80747  3.64683
2748  1.80747  3.63711
2749  1.80741  3.63733
2750  1.80733  3.64143
2751  1.8075  3.63275
2752  1.80744  3.64354
2753  1.80753  3.63288
2754  1.80741  3.64246
2755  1.80735  3.64115
2756  1.80735  3.63934
2757  1.80734  3.64195
2758  1.80738  3.64147
2759  1.80735  3.64022
2760  1.80738  3.63906
2761  1.80734  3.64186
2762  1.80741  3.63832
2763  1.80737  3.64169
2764  1.80745  3.64625
2765  1.80737  3.64268
2766  1.80736  3.64071
2767  1.80735  3.64134
2768  1.80738  3.64099
2769  1.80746  3.63934
2770  1.80736  3.64232
2771  1.80747  3.63848
2772  1.80745  3.63922
2773  1.8074  3.64072
2774  1.80735  3.6405
2775  1.80738  3.63805
2776  1.80745  3.63799
2777  1.80751  3.63643
2778  1.80751  3.63773
2779  1.80745  3.63869
2780  1.80735  3.64594
2781  1.80743  3.64699
2782  1.80733  3.64427
2783  1.80735  3.64465
2784  1.80739  3.64493
2785  1.80734  3.64609
2786  1.80739  3.64653
2787  1.80736  3.64265
2788  1.80736  3.64477
2789  1.80737  3.64596
2790  1.80747  3.63848
2791  1.80748  3.63768
2792  1.8074  3.64015
2793  1.80746  3.63913
2794  1.80738  3.63924
2795  1.80749  3.6373
2796  1.80747  3.63813
2797  1.80746  3.63838
2798  1.80742  3.63846
2799  1.80738  3.63896
2800  1.80738  3.63888
2801  1.80738  3.63878
2802  1.80736  3.63997
2803  1.80737  3.6381
2804  1.80735  3.63852
2805  1.8074  3.63569
2806  1.80737  3.63782
2807  1.80737  3.63718
2808  1.80736  3.63814
2809  1.80737  3.63749
2810  1.80735  3.63879
2811  1.80739  3.63719
2812  1.80738  3.63843
2813  1.80747  3.63703
2814  1.80752  3.63572
2815  1.80753  3.63598
2816  1.80734  3.64666
2817  1.80742  3.64821
2818  1.80734  3.64673
2819  1.8075  3.63736
2820  1.8075  3.6375
2821  1.80747  3.63911
2822  1.80742  3.63958
2823  1.80746  3.63985
2824  1.80744  3.63998
2825  1.80745  3.63956
2826  1.80747  3.63859
2827  1.80748  3.63789
2828  1.80747  3.63867
2829  1.80746  3.63861
2830  1.80746  3.63903
2831  1.80737  3.63979
2832  1.80737  3.64084
2833  1.80736  3.641
2834  1.80736  3.64098
2835  1.80735  3.64194
2836  1.80736  3.64129
2837  1.80742  3.63967
2838  1.80736  3.64141
2839  1.80734  3.64141
2840  1.80734  3.6426
2841  1.80734  3.64276
2842  1.80737  3.64163
2843  1.80734  3.64144
2844  1.80736  3.6413
2845  1.80738  3.64162
2846  1.80738  3.64168
2847  1.80735  3.64078
2848  1.80737  3.64167
2849  1.80733  3.64203
2850  1.80739  3.6417
2851  1.80737  3.63989
2852  1.80737  3.63982
2853  1.80737  3.63983
2854  1.80741  3.63902
2855  1.80745  3.63852
2856  1.80747  3.63772
2857  1.80748  3.63793
2858  1.80747  3.63838
2859  1.80738  3.63907
2860  1.80738  3.63902
2861  1.80739  3.63908
2862  1.80741  3.63932
2863  1.80749  3.63775
2864  1.80752  3.63688
2865  1.8075  3.63769
2866  1.80747  3.6386
2867  1.80737  3.64022
2868  1.80737  3.64035
2869  1.80735  3.64199
2870  1.80733  3.64282
2871  1.80735  3.64552
2872  1.80735  3.64409
2873  1.80733  3.64568
2874  1.80733  3.64581
2875  1.80733  3.64566
2876  1.80734  3.64418
2877  1.80738  3.64411
2878  1.80734  3.64432
2879  1.80734  3.64468
2880  1.80737  3.64392
2881  1.80735  3.64468
2882  1.80737  3.64495
2883  1.80734  3.64483
2884  1.80734  3.64483
2885  1.80737  3.64402
2886  1.80734  3.64405
2887  1.80737  3.64461
2888  1.80737  3.64238
2889  1.80735  3.64423
2890  1.80734  3.64448
2891  1.80734  3.64451
2892  1.80734  3.64478
2893  1.80734  3.64462
2894  1.80734  3.64485
2895  1.80734  3.64396
2896  1.80733  3.6463
2897  1.80734  3.64533
2898  1.80757  3.63455
2899  1.80732  3.64392
2900  1.80735  3.64196
2901  1.80733  3.64466
2902  1.80735  3.64431
2903  1.80735  3.64545
2904  1.8076  3.63402
2905  1.80754  3.635
2906  1.80753  3.63461
2907  1.80743  3.64545
2908  1.80733  3.64273
2909  1.80735  3.64135
2910  1.80733  3.64194
2911  1.80734  3.64256
2912  1.8074  3.64304
2913  1.80744  3.64404
2914  1.80742  3.64411
2915  1.80733  3.6424
2916  1.8076  3.63255
2917  1.80733  3.64331
2918  1.80741  3.64382
2919  1.80745  3.64472
2920  1.80756  3.63245
2921  1.80756  3.63191
2922  1.80749  3.6337
2923  1.8075  3.63312
2924  1.8075  3.63367
2925  1.80755  3.63257
2926  1.80757  3.63182
2927  1.80758  3.63162
2928  1.8075  3.63292
2929  1.80753  3.63201
2930  1.80738  3.64017
2931  1.80741  3.6373
2932  1.8074  3.63857
2933  1.80746  3.63867
2934  1.80747  3.63826
2935  1.80749  3.63746
2936  1.80748  3.6369
2937  1.80737  3.63985
2938  1.80736  3.64035
2939  1.80736  3.6416
2940  1.80735  3.64011
2941  1.80736  3.63746
2942  1.80735  3.64214
2943  1.80738  3.64
2944  1.80733  3.64202
2945  1.80754  3.63377
2946  1.80733  3.64319
2947  1.80733  3.64252
2948  1.80745  3.64645
2949  1.80756  3.63228
2950  1.80735  3.64309
2951  1.80752  3.63304
2952  1.80735  3.64221
2953  1.80754  3.63292
2954  1.80746  3.64535
2955  1.80733  3.64198
2956  1.80746  3.63383
2957  1.80744  3.63773
2958  1.80736  3.63863
2959  1.80745  3.63646
2960  1.80747  3.63575
2961  1.80742  3.63736
2962  1.80749  3.63485
2963  1.80752  3.64642
2964  1.80755  3.63457
2965  1.80752  3.63577
2966  1.80742  3.64551
2967  1.80741  3.64456
2968  1.80735  3.64321
2969  1.80739  3.64502
2970  1.80735  3.64213
2971  1.80736  3.63881
2972  1.80737  3.63729
2973  1.80735  3.64085
2974  1.80734  3.63842
2975  1.80735  3.64016
2976  1.80736  3.64301
2977  1.80748  3.63307
2978  1.80751  3.63336
2979  1.80734  3.64294
2980  1.80736  3.64225
2981  1.80753  3.63339
2982  1.80746  3.64509
2983  1.80751  3.63383
2984  1.80734  3.64337
2985  1.80743  3.64404
2986  1.80733  3.64113
2987  1.80736  3.63997
2988  1.80735  3.64037
2989  1.80735  3.63885
2990  1.80737  3.63953
2991  1.80734  3.64287
2992  1.8074  3.6421
2993  1.80754  3.6334
2994  1.80735  3.64366
2995  1.80734  3.64047
2996  1.80735  3.64035
2997  1.80735  3.64279
2998  1.80742  3.64326
2999  1.80733  3.64149
3000  1.80736  3.64024
3001  1.80736  3.64029
3002  1.80733  3.64249
3003  1.80743  3.64218
3004  1.80743  3.6433
3005  1.80735  3.64285
3006  1.80734  3.64224
3007  1.80735  3.64195
3008  1.80733  3.6405
3009  1.80744  3.64496
3010  1.80744  3.64458
3011  1.80735  3.64228
3012  1.80735  3.64011
3013  1.80735  3.63929
3014  1.80736  3.63862
3015  1.80735  3.63991
3016  1.80739  3.63867
3017  1.80738  3.63863
3018  1.80736  3.64038
3019  1.80737  3.64086
3020  1.80734  3.64089
3021  1.80737  3.64045
3022  1.80734  3.6418
3023  1.80736  3.63905
3024  1.80733  3.64296
3025  1.80753  3.6328
3026  1.80748  3.64634
3027  1.80735  3.64432
3028  1.80735  3.6428
3029  1.80734  3.64234
3030  1.80755  3.63359
3031  1.80744  3.64627
3032  1.80734  3.64454
3033  1.80733  3.64332
3034  1.80755  3.6328
3035  1.80755  3.63332
3036  1.80734  3.64334
3037  1.80735  3.64148
3038  1.80737  3.63968
3039  1.80736  3.64
3040  1.80735  3.64082
3041  1.80735  3.6408
3042  1.80736  3.64106
3043  1.80733  3.64204
3044  1.80757  3.63202
3045  1.80743  3.64396
3046  1.80749  3.63456
3047  1.80749  3.63429
3048  1.80749  3.63472
3049  1.80741  3.63484
3050  1.80741  3.6346
3051  1.80748  3.63477
3052  1.80747  3.63553
3053  1.80747  3.63521
3054  1.80746  3.63517
3055  1.80749  3.63387
3056  1.8075  3.63446
3057  1.80754  3.63251
3058  1.80756  3.63177
3059  1.80758  3.63017
3060  1.80742  3.64193
3061  1.80754  3.63156
3062  1.80747  3.63412
3063  1.80748  3.63468
3064  1.80755  3.63282
3065  1.80742  3.64477
3066  1.80754  3.63371
3067  1.80755  3.63435
3068  1.8075  3.63688
3069  1.80753  3.63484
3070  1.80747  3.63614
3071  1.80745  3.63821
3072  1.80736  3.64123
3073  1.80736  3.63973
3074  1.80738  3.63753
3075  1.80747  3.63625
3076  1.80746  3.63649
3077  1.80746  3.64317
3078  1.80753  3.63184
3079  1.80753  3.63222
3080  1.80752  3.63344
3081  1.80746  3.63632
3082  1.80748  3.63625
3083  1.80753  3.63366
3084  1.80751  3.63353
3085  1.80743  3.63636
3086  1.80754  3.6328
3087  1.80734  3.64289
3088  1.80734  3.64344
3089  1.80736  3.64057
3090  1.80738  3.64118
3091  1.80736  3.64077
3092  1.80735  3.63976
3093  1.80739  3.6389
3094  1.80735  3.64243
3095  1.80736  3.64217
3096  1.80736  3.64084
3097  1.80736  3.64323
3098  1.80733  3.64235
3099  1.80736  3.64144
3100  1.80736  3.64495
3101  1.80749  3.64702
3102  1.80753  3.63379
3103  1.80747  3.63541
3104  1.80754  3.63342
3105  1.80754  3.63335
3106  1.80752  3.63462
3107  1.8075  3.63574
3108  1.80753  3.63554
3109  1.80754  3.63446
3110  1.80744  3.63757
3111  1.80753  3.63534
3112  1.80736  3.64489
3113  1.80734  3.64444
3114  1.80736  3.64441
3115  1.80743  3.64695
3116  1.80736  3.64431
3117  1.80736  3.64463
3118  1.80734  3.64613
3119  1.80736  3.6426
3120  1.80735  3.64227
3121  1.80734  3.64171
3122  1.80739  3.63908
3123  1.80738  3.64031
3124  1.80739  3.63959
3125  1.80736  3.64062
3126  1.80737  3.63934
3127  1.8074  3.64023
3128  1.80738  3.64029
3129  1.80739  3.63803
3130  1.80736  3.63949
3131  1.80734  3.64212
3132  1.80737  3.6399
3133  1.80736  3.64104
3134  1.80737  3.63886
3135  1.80737  3.63894
3136  1.80739  3.63719
3137  1.80735  3.64038
3138  1.80735  3.63999
3139  1.80738  3.63964
3140  1.80736  3.63932
3141  1.80734  3.64277
3142  1.80734  3.64205
3143  1.80745  3.64336
3144  1.80735  3.64217
3145  1.80736  3.64284
3146  1.80789  3.63004
3147  1.80766  3.6346
3148  1.80772  3.6333
3149  1.8075  3.63443
3150  1.80731  3.63822
3151  1.80733  3.638
3152  1.80744  3.6362
3153  1.8073  3.63775
3154  1.80728  3.64027
3155  1.80739  3.63613
3156  1.80729  3.63826
3157  1.80727  3.63871
3158  1.80727  3.63737
3159  1.80727  3.63916
3160  1.80745  3.63428
3161  1.80741  3.63495
3162  1.80744  3.63566
3163  1.80728  3.64055
3164  1.80749  3.63495
3165  1.8078  3.62984
3166  1.80767  3.63333
3167  1.80764  3.6337
3168  1.80778  3.63279
3169  1.8075  3.651
3170  1.80792  3.63198
3171  1.80777  3.6347
3172  1.80778  3.63464
3173  1.80762  3.63546
3174  1.80759  3.6356
3175  1.80759  3.63523
3176  1.80757  3.63675
3177  1.80774  3.65405
3178  1.80772  3.63472
3179  1.80758  3.65353
3180  1.80741  3.64649
3181  1.80742  3.6484
3182  1.80737  3.64781
3183  1.80757  3.65327
3184  1.8075  3.65117
3185  1.80735  3.64902
3186  1.80734  3.64686
3187  1.80794  3.65679
3188  1.80775  3.65449
3189  1.80753  3.64105
3190  1.80727  3.63938
3191  1.80729  3.64456
3192  1.80734  3.63978
3193  1.8076  3.63675
3194  1.80742  3.63747
3195  1.80773  3.63529
3196  1.80764  3.63739
3197  1.80767  3.63599
3198  1.80762  3.63692
3199  1.80756  3.63804
3200  1.80789  3.66008
3201  1.80784  3.65592
3202  1.80796  3.63127
3203  1.80762  3.63559
3204  1.8077  3.63289
3205  1.80782  3.63049
3206  1.80773  3.63372
3207  1.80756  3.63784
3208  1.80747  3.63838
3209  1.80727  3.64097
3210  1.80728  3.64054
3211  1.80727  3.6445
3212  1.80745  3.64665
3213  1.80779  3.65118
3214  1.80752  3.64858
3215  1.8077  3.63023
3216  1.80774  3.62795
3217  1.80735  3.64346
3218  1.80727  3.64468
3219  1.80728  3.64149
3220  1.80742  3.63904
3221  1.80731  3.63673
3222  1.80728  3.63892
3223  1.80752  3.63823
3224  1.80757  3.63852
3225  1.80757  3.6384
3226  1.80764  3.63822
3227  1.80777  3.63553
3228  1.80758  3.63896
3229  1.80752  3.64096
3230  1.80728  3.64261
3231  1.80735  3.63902
3232  1.80726  3.641
3233  1.80763  3.63641
3234  1.80757  3.64038
3235  1.80757  3.63886
3236  1.80773  3.6364
3237  1.80751  3.65338
3238  1.8077  3.65574
3239  1.80806  3.63257
3240  1.80782  3.63431
3241  1.80788  3.63414
3242  1.80783  3.63387
3243  1.8074  3.65167
3244  1.80726  3.64857
3245  1.80733  3.64918
3246  1.80724  3.64724
3247  1.80726  3.64788
3248  1.80724  3.64479
3249  1.80724  3.64331
3250  1.80724  3.64626
3251  1.80725  3.64567
3252  1.80726  3.64583
3253  1.80724  3.64331
3254  1.80726  3.64214
3255  1.80727  3.64254
3256  1.80725  3.64384
3257  1.80726  3.64362
3258  1.80733  3.641
3259  1.80728  3.64204
3260  1.80726  3.64603
3261  1.80725  3.6453
3262  1.80733  3.64723
3263  1.80725  3.64687
3264  1.80727  3.64786
3265  1.80725  3.64713
3266  1.80726  3.64819
3267  1.80726  3.6469
3268  1.80726  3.64588
3269  1.80724  3.64891
3270  1.80724  3.64845
3271  1.80726  3.64924
3272  1.80724  3.64808
3273  1.80725  3.64928
3274  1.80725  3.6501
3275  1.80725  3.64944
3276  1.80724  3.64739
3277  1.80725  3.64844
3278  1.80723  3.6484
3279  1.80725  3.64854
3280  1.80726  3.64803
3281  1.80726  3.64717
3282  1.80725  3.64825
3283  1.80727  3.6494
3284  1.80727  3.64638
3285  1.80725  3.64722
3286  1.80726  3.64587
3287  1.80724  3.64575
3288  1.80726  3.64729
3289  1.80725  3.64843
3290  1.80727  3.64744
3291  1.80724  3.64855
3292  1.80724  3.64814
3293  1.80726  3.6489
3294  1.80724  3.64689
3295  1.80725  3.64713
3296  1.80723  3.64623
3297  1.80724  3.6467
3298  1.80723  3.64751
3299  1.80725  3.64717
3300  1.80725  3.64903
3301  1.80725  3.64925
3302  1.80725  3.64889
3303  1.80725  3.64919
3304  1.80725  3.64957
3305  1.80724  3.64866
3306  1.80725  3.6494
3307  1.80726  3.64854
3308  1.80724  3.64855
3309  1.80724  3.64957
3310  1.80724  3.64871
3311  1.80726  3.6478
3312  1.80724  3.64788
3313  1.80725  3.64828
3314  1.80725  3.64913
3315  1.80724  3.64819
3316  1.80724  3.64838
3317  1.80726  3.64876
3318  1.80726  3.64731
3319  1.80726  3.64758
3320  1.80727  3.64738
3321  1.80726  3.64731
3322  1.80725  3.64723
3323  1.80725  3.64813
3324  1.80725  3.64858
3325  1.80725  3.64819
3326  1.80727  3.64791
3327  1.80723  3.64807
3328  1.80724  3.64899
3329  1.80724  3.64807
3330  1.80727  3.64795
3331  1.80725  3.64813
3332  1.80724  3.64829
3333  1.80724  3.6486
3334  1.80727  3.64868
3335  1.80724  3.64873
3336  1.80725  3.64894
3337  1.80725  3.64872
3338  1.80726  3.64841
3339  1.80725  3.64821
3340  1.80724  3.64824
3341  1.80724  3.64809
3342  1.80724  3.64743
3343  1.80724  3.64665
3344  1.80724  3.64772
3345  1.80725  3.64864
3346  1.80727  3.64852
3347  1.80725  3.64664
3348  1.80726  3.64598
3349  1.80723  3.64739
3350  1.80724  3.64634
3351  1.80726  3.64829
3352  1.80725  3.64785
3353  1.80725  3.64788
3354  1.80725  3.649
3355  1.80724  3.64869
3356  1.80723  3.64948
3357  1.80726  3.64808
3358  1.80727  3.64897
3359  1.80725  3.64909
3360  1.80724  3.64946
3361  1.80725  3.64975
3362  1.80726  3.64904
3363  1.80725  3.64915
3364  1.80726  3.6496
3365  1.80723  3.64719
3366  1.80724  3.64804
3367  1.80725  3.64976
3368  1.80725  3.64817
3369  1.80723  3.64793
3370  1.80726  3.64879
3371  1.80723  3.64874
3372  1.80726  3.64753
3373  1.80725  3.64852
3374  1.80725  3.64892
3375  1.80723  3.64863
3376  1.80725  3.64951
3377  1.80727  3.64888
3378  1.80722  3.64686
3379  1.80725  3.64747
3380  1.80725  3.64878
3381  1.80731  3.64412
3382  1.80726  3.64669
3383  1.80726  3.64774
3384  1.80723  3.64839
3385  1.80726  3.6472
3386  1.80724  3.64945
3387  1.80725  3.64877
3388  1.80724  3.64788
3389  1.80725  3.64826
3390  1.80725  3.6488
3391  1.80724  3.64841
3392  1.80726  3.64801
3393  1.80724  3.64613
3394  1.80725  3.64696
3395  1.80724  3.64764
3396  1.80726  3.64683
3397  1.80723  3.64744
3398  1.80723  3.64794
3399  1.80726  3.64957
3400  1.80726  3.64844
3401  1.80724  3.64988
3402  1.80726  3.64778
3403  1.80724  3.64954
3404  1.80725  3.65042
3405  1.80726  3.64937
3406  1.80724  3.64813
3407  1.80726  3.64832
3408  1.80725  3.64744
3409  1.80725  3.64794
3410  1.80724  3.64589
3411  1.80722  3.64583
3412  1.80726  3.6452
3413  1.80723  3.64671
3414  1.80726  3.64783
3415  1.80727  3.64355
3416  1.80726  3.64737
3417  1.80728  3.64665
3418  1.80726  3.64962
3419  1.80725  3.64679
3420  1.80723  3.64625
3421  1.80725  3.64456
3422  1.80726  3.64431
3423  1.80725  3.64821
3424  1.80727  3.64702
3425  1.80726  3.64676
3426  1.80725  3.64604
3427  1.80725  3.64647
3428  1.80724  3.64713
3429  1.80726  3.64771
3430  1.80725  3.64646
3431  1.80726  3.64693
3432  1.80726  3.64548
3433  1.80726  3.64267
3434  1.80725  3.64635
3435  1.80726  3.64838
3436  1.80726  3.648
3437  1.80726  3.64601
3438  1.80725  3.64325
3439  1.80725  3.64273
3440  1.80725  3.64329
3441  1.80725  3.64317
3442  1.80726  3.64259
3443  1.80727  3.64462
3444  1.80725  3.64468
3445  1.80726  3.64645
3446  1.80728  3.64624
3447  1.80726  3.64653
3448  1.80725  3.64662
3449  1.80727  3.64723
3450  1.80726  3.64682
3451  1.80724  3.64932
3452  1.80726  3.64832
3453  1.80725  3.64885
3454  1.80724  3.64687
3455  1.80725  3.64674
3456  1.80724  3.64628
3457  1.80727  3.64702
3458  1.80727  3.64415
3459  1.80727  3.64625
3460  1.80727  3.64593
3461  1.80726  3.64679
3462  1.80725  3.64626
3463  1.80726  3.64667
3464  1.80725  3.64621
3465  1.80724  3.64777
3466  1.80726  3.64643
3467  1.80726  3.64776
3468  1.80724  3.6488
3469  1.80725  3.64746
3470  1.80726  3.64781
3471  1.80725  3.64907
3472  1.80725  3.6485
3473  1.80722  3.64673
3474  1.80728  3.64797
3475  1.80727  3.64665
3476  1.80725  3.64798
3477  1.80728  3.64862
3478  1.80726  3.64946
3479  1.80724  3.64957
3480  1.80725  3.64886
3481  1.80726  3.65029
3482  1.80724  3.65002
3483  1.80725  3.64994
3484  1.80723  3.64901
3485  1.80724  3.64933
3486  1.80725  3.6481
