1e-05  2.88849  0.72893
1.12934e-05  2.87499  0.708714
1.2754e-05  2.86147  0.688527
1.44035e-05  2.84794  0.668383
1.62664e-05  2.8344  0.648292
1.83701e-05  2.82086  0.628268
2.07459e-05  2.80733  0.608323
2.34289e-05  2.79382  0.588467
2.64589e-05  2.78032  0.568712
2.98806e-05  2.76686  0.549071
3.37448e-05  2.75343  0.529555
3.81085e-05  2.74004  0.510173
4.30364e-05  2.7267  0.49094
4.86013e-05  2.71342  0.471863
5.48856e-05  2.70021  0.452954
6.19822e-05  2.68707  0.434224
6.99959e-05  2.67402  0.415682
7.90453e-05  2.66105  0.397339
8.9264e-05  2.64819  0.379203
0.000100803  2.63543  0.361284
0.000113832  2.6228  0.343592
0.000128545  2.61029  0.326136
0.000145157  2.59792  0.308923
0.000163914  2.5857  0.291962
0.000185092  2.57364  0.275263
0.000209003  2.56176  0.258832
0.000235998  2.55007  0.242678
0.000266475  2.53857  0.22681
0.00030088  2.5273  0.211233
0.000339718  2.51625  0.195958
0.000383558  2.50546  0.18099
0.000433041  2.49493  0.166339
0.000488889  2.48469  0.152011
0.000551916  2.47476  0.138015
0.000623038  2.46517  0.12436
0.000703286  2.45593  0.111053
0.000793822  2.44708  0.0981039
0.00089595  2.43865  0.085521
0.00101114  2.43066  0.073314
0.00114103  2.42316  0.061493
0.00128749  2.41618  0.0500685
0.00145258  2.40975  0.0390516
0.00163864  2.40393  0.0284543
0.00184826  2.39876  0.0182888
0.00208437  2.39429  0.00856755
0.00235022  2.39057  -0.000694744
0.00264945  2.38765  -0.00948425
0.00298611  2.38561  -0.0177862
0.0033647  2.38449  -0.0255846
0.00379022  2.38436  -0.0328643
0.0042682  2.38529  -0.0396085
0.00480478  2.38735  -0.0458023
0.0054067  2.39061  -0.0514296
0.00608136  2.39513  -0.0564758
0.0068369  2.40097  -0.0609276
0.00768216  2.40821  -0.0647741
0.00862678  2.41689  -0.0680063
0.00968117  2.42708  -0.0706186
0.0108566  2.43881  -0.0726103
0.0121649  2.45211  -0.0739858
0.0136191  2.46699  -0.0747555
0.0152325  2.48346  -0.0749379
0.0170193  2.50149  -0.0745586
0.0189942  2.52103  -0.073655
0.0211725  2.54202  -0.0722728
0.0235696  2.56435  -0.0704699
0.0262013  2.58791  -0.0683158
0.029083  2.61253  -0.0658914
0.0322304  2.63804  -0.0632892
0.0356582  2.66421  -0.0606123
0.0393809  2.69081  -0.0579733
0.0434119  2.71758  -0.055494
0.0477636  2.74423  -0.0533002
0.0524469  2.77048  -0.0515212
0.0574716  2.79601  -0.0502881
0.0628458  2.82052  -0.0497268
0.0685759  2.8437  -0.0499574
0.0746668  2.86524  -0.0510905
0.0811213  2.88486  -0.0532224
0.087941  2.90228  -0.0564325
0.0951255  2.91723  -0.0607814
0.102673  2.92948  -0.0663057
0.11058  2.9388  -0.0730168
0.118843  2.945  -0.0809017
0.127456  2.94787  -0.0899163
0.136411  2.94727  -0.0999911
0.145702  2.94303  -0.111025
0.155321  2.93501  -0.122893
0.165258  2.92308  -0.135439
0.175505  2.90713  -0.148485
0.186052  2.88702  -0.161831
0.196889  2.86264  -0.175254
0.208007  2.83387  -0.188521
0.219395  2.80061  -0.201383
0.231045  2.76276  -0.213589
0.242947  2.7202  -0.224884
0.255091  2.67286  -0.23502
0.267467  2.62068  -0.243759
0.280068  2.56361  -0.250881
0.292884  2.50164  -0.256189
0.305906  2.43482  -0.259519
0.319127  2.36322  -0.260737
0.332539  2.28699  -0.259756
0.346134  2.20635  -0.25653
0.359905  2.12157  -0.251063
0.373844  2.03299  -0.243406
0.387946  1.94103  -0.233665
0.402204  1.84619  -0.22199
0.416611  1.749  -0.208579
0.431162  1.65005  -0.193671
0.445852  1.54998  -0.177542
0.460674  1.44943  -0.160497
0.475624  1.34907  -0.142862
0.490697  1.24956  -0.124978
0.505889  1.15153  -0.107196
0.521194  1.05559  -0.0898613
0.536609  0.96232  -0.0733156
0.55213  0.872231  -0.0578846
0.567753  0.785794  -0.0438754
0.583474  0.703419  -0.031572
0.599289  0.625456  -0.021229
0.615196  0.552196  -0.0130731
0.631191  0.483874  -0.00729741
0.647272  0.42067  -0.00406191
0.663434  0.36271  -0.00349377
0.679676  0.310075  -0.00568626
0.695995  0.262798  -0.0106989
0.712388  0.220875  -0.0185612
0.728853  0.184262  -0.0292707
0.745387  0.152884  -0.0427968
0.761989  0.126637  -0.0590806
0.778655  0.105386  -0.0780381
0.795385  0.0889766  -0.0995616
0.812177  0.0772302  -0.123521
0.829027  0.0699496  -0.149768
0.845935  0.0669212  -0.178133
0.862899  0.0679152  -0.208434
0.879917  0.0726879  -0.240474
0.896988  0.080986  -0.274044
0.914109  0.092545  -0.308923
0.931281  0.107093  -0.344887
0.9485  0.124352  -0.381702
0.965767  0.14404  -0.419132
0.983079  0.165869  -0.456941
1.00043  0.189556  -0.49489
1.01783  0.214815  -0.532746
1.03528  0.241365  -0.570279
1.05276  0.268928  -0.607264
1.07028  0.297233  -0.643484
1.08784  0.326016  -0.678733
1.10544  0.355025  -0.712814
1.12307  0.384015  -0.745542
1.14074  0.412754  -0.776747
1.15845  0.441025  -0.806269
1.17619  0.468621  -0.833965
1.19396  0.495352  -0.859707
1.21177  0.52104  -0.883379
1.22961  0.545525  -0.904883
1.24748  0.568659  -0.924134
1.26537  0.590312  -0.941064
1.2833  0.610367  -0.955616
1.30126  0.62872  -0.967749
1.31925  0.645284  -0.977436
1.33726  0.659984  -0.984657
1.3553  0.672758  -0.989411
1.37336  0.683558  -0.991704
1.39146  0.692345  -0.991552
1.40957  0.699093  -0.98898
1.42771  0.703786  -0.984022
1.44588  0.706415  -0.97672
1.46407  0.706984  -0.967121
1.48228  0.705501  -0.95528
1.50052  0.701982  -0.941255
1.51877  0.696453  -0.925111
1.53705  0.688943  -0.906912
1.55535  0.679484  -0.886731
1.57368  0.668117  -0.864638
1.59202  0.654885  -0.840709
1.61038  0.639834  -0.81502
1.62876  0.623013  -0.787646
1.64716  0.604475  -0.758666
1.66558  0.584274  -0.728156
1.68402  0.562463  -0.696193
1.70248  0.539102  -0.662855
1.72095  0.514245  -0.628218
1.73944  0.487952  -0.592356
1.75795  0.460279  -0.555344
1.77648  0.431285  -0.517252
1.79502  0.401026  -0.478153
1.81358  0.369559  -0.438116
1.83215  0.336939  -0.397208
1.85074  0.303221  -0.355495
1.86935  0.268457  -0.31304
1.88797  0.2327  -0.269905
1.90661  0.196  -0.226149
1.92526  0.158406  -0.181831
1.94392  0.119964  -0.137004
1.9626  0.0807204  -0.0917232
1.98129  0.0407188  -0.0460391
2  0  -0
