1e-05  1.93896  -0.466052
1.12934e-05  1.93957  -0.465948
1.2754e-05  1.94021  -0.46584
1.44035e-05  1.94089  -0.465727
1.62664e-05  1.9416  -0.46561
1.83701e-05  1.94234  -0.465487
2.07459e-05  1.94312  -0.465359
2.34289e-05  1.94393  -0.465226
2.64589e-05  1.94479  -0.465087
2.98806e-05  1.94569  -0.464943
3.37448e-05  1.94664  -0.464792
3.81085e-05  1.94764  -0.464636
4.30364e-05  1.94868  -0.464474
4.86013e-05  1.94979  -0.464305
5.48856e-05  1.95095  -0.464129
6.19822e-05  1.95218  -0.463947
6.99959e-05  1.95348  -0.463758
7.90453e-05  1.95485  -0.463562
8.9264e-05  1.95629  -0.463359
0.000100803  1.95782  -0.463149
0.000113832  1.95944  -0.462932
0.000128545  1.96116  -0.462708
0.000145157  1.96298  -0.462476
0.000163914  1.96491  -0.462237
0.000185092  1.96697  -0.461992
0.000209003  1.96915  -0.461739
0.000235998  1.97147  -0.461479
0.000266475  1.97395  -0.461214
0.00030088  1.97659  -0.460942
0.000339718  1.97941  -0.460664
0.000383558  1.98242  -0.460382
0.000433041  1.98564  -0.460095
0.000488889  1.9891  -0.459804
0.000551916  1.99279  -0.459511
0.000623038  1.99676  -0.459217
0.000703286  2.00103  -0.458922
0.000793822  2.00561  -0.458629
0.00089595  2.01054  -0.45834
0.00101114  2.01585  -0.458056
0.00114103  2.02158  -0.45778
0.00128749  2.02775  -0.457515
0.00145258  2.03442  -0.457263
0.00163864  2.04161  -0.457029
0.00184826  2.04939  -0.456816
0.00208437  2.0578  -0.456629
0.00235022  2.0669  -0.456473
0.00264945  2.07674  -0.456353
0.00298611  2.08738  -0.456276
0.0033647  2.09888  -0.456248
0.00379022  2.11133  -0.456275
0.0042682  2.12477  -0.456367
0.00480478  2.13929  -0.45653
0.0054067  2.15496  -0.456774
0.00608136  2.17185  -0.457107
0.0068369  2.19002  -0.457538
0.00768216  2.20954  -0.458076
0.00862678  2.23047  -0.458728
0.00968117  2.25285  -0.459503
0.0108566  2.27674  -0.460407
0.0121649  2.30213  -0.461444
0.0136191  2.32905  -0.462618
0.0152325  2.35747  -0.463928
0.0170193  2.38735  -0.46537
0.0189942  2.4186  -0.466938
0.0211725  2.45114  -0.468621
0.0235696  2.48482  -0.470401
0.0262013  2.51946  -0.472259
0.029083  2.55486  -0.474167
0.0322304  2.59076  -0.476093
0.0356582  2.6269  -0.478002
0.0393809  2.66296  -0.479851
0.0434119  2.69861  -0.481597
0.0477636  2.73351  -0.483192
0.0524469  2.76728  -0.484585
0.0574716  2.79957  -0.485726
0.0628458  2.82999  -0.486566
0.0685759  2.8582  -0.487056
0.0746668  2.88385  -0.48715
0.0811213  2.90662  -0.486805
0.087941  2.92621  -0.485986
0.0951255  2.94235  -0.484659
0.102673  2.95482  -0.4828
0.11058  2.96342  -0.480389
0.118843  2.96798  -0.477414
0.127456  2.96838  -0.473871
0.136411  2.96453  -0.469761
0.145702  2.95636  -0.465095
0.155321  2.94384  -0.45989
0.165258  2.92696  -0.454168
0.175505  2.90571  -0.447961
0.186052  2.88011  -0.441302
0.196889  2.85017  -0.434232
0.208007  2.8159  -0.426796
0.219395  2.77732  -0.419042
0.231045  2.73442  -0.41102
0.242947  2.68717  -0.402784
0.255091  2.63555  -0.394385
0.267467  2.57951  -0.385878
0.280068  2.51902  -0.377313
0.292884  2.45404  -0.368742
0.305906  2.38454  -0.360209
0.319127  2.31054  -0.351759
0.332539  2.23211  -0.343429
0.346134  2.14939  -0.335253
0.359905  2.06259  -0.327258
0.373844  1.97202  -0.319465
0.387946  1.87811  -0.311888
0.402204  1.78138  -0.304537
0.416611  1.68246  -0.297412
0.431162  1.58204  -0.290511
0.445852  1.48092  -0.283827
0.460674  1.37988  -0.277347
0.475624  1.27974  -0.271059
0.490697  1.18131  -0.264945
0.505889  1.08532  -0.258989
0.521194  0.992441  -0.253175
0.536609  0.903245  -0.247486
0.55213  0.818207  -0.24191
0.567753  0.737689  -0.236433
0.583474  0.661947  -0.231044
0.599289  0.591133  -0.225734
0.615196  0.525306  -0.220496
0.631191  0.464449  -0.215326
0.647272  0.408471  -0.210218
0.663434  0.357227  -0.205171
0.679676  0.310532  -0.200182
0.695995  0.268167  -0.19525
0.712388  0.229894  -0.190376
0.728853  0.19546  -0.185559
0.745387  0.164609  -0.1808
0.761989  0.137083  -0.1761
0.778655  0.112629  -0.171458
0.795385  0.0910039  -0.166877
0.812177  0.0719709  -0.162356
0.829027  0.0553074  -0.157897
0.845935  0.0408034  -0.153499
0.862899  0.0282617  -0.149165
0.879917  0.017498  -0.144894
0.896988  0.00834084  -0.140686
0.914109  0.000632286  -0.136542
0.931281  -0.00577402  -0.132463
0.9485  -0.0110121  -0.128448
0.965767  -0.0152068  -0.124497
0.983079  -0.0184703  -0.120612
1.00043  -0.0209093  -0.116791
1.01783  -0.022615  -0.113034
1.03528  -0.0236783  -0.109343
1.05276  -0.0241761  -0.105715
1.07028  -0.0241823  -0.102152
1.08784  -0.0237622  -0.0986539
1.10544  -0.0229769  -0.0952193
1.12307  -0.0218792  -0.0918485
1.14074  -0.0205207  -0.0885414
1.15845  -0.0189462  -0.0852977
1.17619  -0.0171957  -0.0821172
1.19396  -0.0153065  -0.0789996
1.21177  -0.0133128  -0.0759446
1.22961  -0.0112438  -0.0729522
1.24748  -0.00912762  -0.0700218
1.26537  -0.00698805  -0.0671533
1.2833  -0.00484848  -0.0643464
1.30126  -0.00272608  -0.0616008
1.31925  -0.000640392  -0.0589162
1.33726  0.00139332  -0.0562925
1.3553  0.0033617  -0.0537292
1.37336  0.00525284  -0.0512259
1.39146  0.00705576  -0.0487825
1.40957  0.00876141  -0.046399
1.42771  0.0103617  -0.0440746
1.44588  0.0118499  -0.0418093
1.46407  0.0132203  -0.0396027
1.48228  0.0144682  -0.0374546
1.50052  0.0155911  -0.0353647
1.51877  0.0165839  -0.0333327
1.53705  0.017446  -0.0313584
1.55535  0.0181761  -0.0294414
1.57368  0.0187721  -0.0275816
1.59202  0.0192351  -0.0257785
1.61038  0.0195646  -0.0240321
1.62876  0.0197616  -0.0223419
1.64716  0.0198278  -0.0207078
1.66558  0.0197644  -0.0191296
1.68402  0.0195742  -0.0176069
1.70248  0.019258  -0.0161395
1.72095  0.0188198  -0.0147272
1.73944  0.0182624  -0.0133697
1.75795  0.0175886  -0.0120668
1.77648  0.0168014  -0.0108184
1.79502  0.0159054  -0.00962401
1.81358  0.014904  -0.00848362
1.83215  0.0138011  -0.00739695
1.85074  0.0126004  -0.00636375
1.86935  0.0113063  -0.00538385
1.88797  0.00992346  -0.00445714
1.90661  0.00845528  -0.00358323
1.92526  0.00690746  -0.00276201
1.94392  0.00528336  -0.00199337
1.9626  0.0035882  -0.00127686
1.98129  0.00182581  -0.000612554
2  0  -0
